7.67534000000000e-05
-7.07411000000000e-05
7.70447000000000e-05
-7.18170000000000e-05
8.06618000000000e-05
-6.22081000000000e-05
9.22514000000000e-05
-5.80196000000000e-05
9.77937000000000e-05
-5.19994000000000e-05
0.000106566000000000
-4.59708000000000e-05
0.000115699000000000
-4.13788000000000e-05
0.000116474000000000
-0.000119446000000000
9.01669000000000e-05
2.53093000000000e-05
0.000226348000000000
8.37676000000000e-05
0.000242459000000000
2.16128000000000e-05
0.000134098000000000
-8.84805000000000e-06
0.000146480000000000
-1.15094000000000e-05
1.95270000000000e-05
-0.000361852000000000
-0.000262656000000000
-0.000408000000000000
-0.000162347000000000
-2.75147000000000e-05
0.000269509000000000
3.03694000000000e-05
-0.000159668000000000
-0.00105791000000000
-0.00137925000000000
-0.000883265000000000
0.000671108000000000
0.00160154000000000
0.00177058000000000
0.000742434000000000
0.000670997000000000
0.000323076000000000
0.000879437000000000
0.00155396000000000
0.00203237000000000
0.00132700000000000
0.000765544000000000
-0.000366459000000000
-0.00154354000000000
-0.00195850000000000
-0.00107257000000000
-0.000200025000000000
0.000752918000000000
0.000116255000000000
-0.00159995000000000
-0.00301595000000000
-0.00254004000000000
-0.00136769000000000
0.00202555000000000
0.00513428000000000
0.00693677000000000
0.00706096000000000
0.00563519000000000
0.00173454000000000
-0.00112076000000000
-0.00869166000000000
-0.0127155000000000
-0.00957227000000000
-0.00371324000000000
-0.00131144000000000
0.000201420000000000
0.00230626000000000
0.00281320000000000
0.000641467000000000
-0.00562103000000000
-0.00935143000000000
-0.00689644000000000
-0.000242369000000000
0.00473971000000000
0.00554211000000000
0.00421047000000000
0.00294822000000000
0.00618003000000000
0.0100538000000000
0.0134685000000000
0.0145974000000000
0.0125813000000000
0.00655080000000000
-0.00240271000000000
-0.0152233000000000
-0.0261822000000000
-0.0269701000000000
-0.0104123000000000
0.00885375000000000
0.0177413000000000
0.00547857000000000
-0.0120272000000000
-0.0255796000000000
-0.0211024000000000
-0.00146981000000000
0.0175749000000000
0.0249944000000000
0.0245433000000000
0.0238711000000000
0.0182111000000000
0.00738484000000000
0.000642515000000000
-0.000482708000000000
0.00239025000000000
0.00205119000000000
-0.00407222000000000
-0.0111454000000000
-0.0113738000000000
-0.00690887000000000
-0.00388053000000000
-0.00324667000000000
-0.00618477000000000
-0.0113308000000000
-0.0208077000000000
-0.0287285000000000
-0.0312890000000000
-0.0312689000000000
-0.0229923000000000
-0.00681332000000000
0.00983140000000000
0.0139151000000000
0.00818707000000000
0.000913574000000000
-0.00172107000000000
0.00691211000000000
0.0281919000000000
0.0335796000000000
0.0249473000000000
0.0170434000000000
0.0138829000000000
0.0136939000000000
0.0138938000000000
0.0120016000000000
0.00411979000000000
-0.00516392000000000
-0.00766117000000000
-0.00812087000000000
-0.00978523000000000
-0.0122300000000000
-0.0156602000000000
-0.0182349000000000
-0.0155775000000000
-0.00673702000000000
-7.84619000000000e-05
0.000124959000000000
-3.91776000000000e-05
0.00254007000000000
0.0107537000000000
0.0208584000000000
0.0272337000000000
0.0251147000000000
0.0165533000000000
0.0102090000000000
0.00565281000000000
-0.00715107000000000
-0.0204221000000000
-0.0245261000000000
-0.0247229000000000
-0.0214060000000000
-0.0183583000000000
-0.0148124000000000
-0.00891166000000000
-0.00413334000000000
-0.00389714000000000
-0.00924859000000000
-0.0189858000000000
-0.0202651000000000
-0.0156023000000000
-0.0140387000000000
-0.00932270000000000
0.00220528000000000
0.0109057000000000
0.0191428000000000
0.0290125000000000
0.0319445000000000
0.0292642000000000
0.0247711000000000
0.0209203000000000
0.0187753000000000
0.0197292000000000
0.0193944000000000
0.0182698000000000
0.00719266000000000
-0.00377149000000000
-0.00649440000000000
-0.0105480000000000
-0.0164639000000000
-0.0191656000000000
-0.0198411000000000
-0.0154941000000000
-0.0119772000000000
-0.00911008000000000
-0.00486348000000000
0.00139165000000000
0.00977993000000000
0.0144042000000000
0.0145631000000000
0.0144377000000000
0.0113654000000000
0.00987725000000000
0.00697091000000000
0.00148012000000000
-0.00306870000000000
-0.00660487000000000
-0.0102813000000000
-0.0121063000000000
-0.0129261000000000
-0.0137340000000000
-0.0145604000000000
-0.0189389000000000
-0.0269094000000000
-0.0307993000000000
-0.0287996000000000
-0.0194848000000000
-0.00338898000000000
0.00712955000000000
0.00895268000000000
0.00725779000000000
0.00280203000000000
0.000196351000000000
-0.00349555000000000
-0.00695178000000000
-0.00598949000000000
-0.00142656000000000
0.0178494000000000
0.0340154000000000
0.0332249000000000
0.0288803000000000
0.0225062000000000
0.0159373000000000
0.0107490000000000
0.00597577000000000
-0.00323076000000000
-0.0128607000000000
-0.0176526000000000
-0.0166037000000000
-0.0101012000000000
-0.00190904000000000
0.00114719000000000
0.000989036000000000
-0.00236474000000000
-0.00325046000000000
-6.06052000000000e-05
0.00750371000000000
0.0104526000000000
0.0128534000000000
0.0131983000000000
0.0173587000000000
0.0141425000000000
0.00275266000000000
-0.00226348000000000
-0.00424312000000000
-0.0198965000000000
-0.0400274000000000
-0.0563914000000000
-0.0732077000000000
-0.0766313000000000
-0.0649742000000000
-0.0358406000000000
-0.00199074000000000
0.0279596000000000
0.0449802000000000
0.0384558000000000
0.0323393000000000
0.0235949000000000
0.0134979000000000
0.0101196000000000
0.0162923000000000
0.0195271000000000
0.0194736000000000
0.0150979000000000
0.0172812000000000
0.0234957000000000
0.0300841000000000
0.0288753000000000
0.0260807000000000
0.0168519000000000
0.00941344000000000
0.00772228000000000
0.0110248000000000
0.0107909000000000
-0.000152220000000000
-0.0117435000000000
-0.00909661000000000
-0.00812818000000000
-0.00670050000000000
-0.0197953000000000
-0.0396656000000000
-0.0540997000000000
-0.0499669000000000
-0.0449031000000000
-0.0429656000000000
-0.0410540000000000
-0.0384065000000000
-0.0250654000000000
0.0135619000000000
0.0507537000000000
0.0857886000000000
0.121901000000000
0.152062000000000
0.148463000000000
0.138282000000000
0.116017000000000
0.0736700000000000
0.0320684000000000
-0.00566578000000000
-0.0279061000000000
-0.0254453000000000
-0.00510934000000000
0.0270664000000000
0.0551881000000000
0.0755295000000000
0.0681023000000000
0.0494012000000000
0.0269276000000000
0.0108474000000000
-0.00689670000000000
-0.0202378000000000
-0.0303819000000000
-0.0355166000000000
-0.0361944000000000
-0.0241842000000000
-0.0185795000000000
-0.0243049000000000
-0.0430166000000000
-0.0881813000000000
-0.143001000000000
-0.196102000000000
-0.220781000000000
-0.196962000000000
-0.183291000000000
-0.155968000000000
-0.0852993000000000
-0.00157234000000000
0.0611004000000000
0.114748000000000
0.140479000000000
0.109777000000000
0.0717605000000000
0.0924531000000000
0.0842767000000000
0.0224656000000000
-0.0780820000000000
-0.158144000000000
-0.253268000000000
-0.235149000000000
-0.198291000000000
-0.104983000000000
0.0505722000000000
0.115316000000000
0.152675000000000
0.344874000000000
0.371180000000000
0.288247000000000
0.246146000000000
0.252607000000000
0.295171000000000
0.272249000000000
0.180136000000000
0.0850292000000000
0.000263472000000000
-0.0444712000000000
-0.0686044000000000
-0.118885000000000
-0.137903000000000
-0.124088000000000
-0.172613000000000
-0.256578000000000
-0.321082000000000
-0.381255000000000
-0.445863000000000
-0.479856000000000
-0.461549000000000
-0.437653000000000
-0.407609000000000
-0.284556000000000
-0.128986000000000
-0.00468358000000000
0.0319528000000000
0.0243545000000000
0.0257811000000000
0.0220141000000000
0.0189715000000000
0.0158655000000000
0.0220567000000000
0.0356138000000000
0.0632384000000000
0.0781568000000000
0.0724981000000000
0.0449564000000000
0.0326375000000000
0.0352557000000000
0.0644706000000000
0.120279000000000
0.173816000000000
0.223188000000000
0.273295000000000
0.315041000000000
0.330782000000000
0.320922000000000
0.303659000000000
0.293072000000000
0.264633000000000
0.207690000000000
0.145086000000000
0.120962000000000
0.123827000000000
0.150745000000000
0.181787000000000
0.186424000000000
0.183674000000000
0.181378000000000
0.134157000000000
0.0638304000000000
-4.22242000000000e-05
-0.0375937000000000
-0.0513162000000000
-0.0735246000000000
-0.138436000000000
-0.213557000000000
-0.278919000000000
-0.343683000000000
-0.408334000000000
-0.442415000000000
-0.427354000000000
-0.403985000000000
-0.375964000000000
-0.353623000000000
-0.335401000000000
-0.316740000000000
-0.301046000000000
-0.289147000000000
-0.281505000000000
-0.272522000000000
-0.257812000000000
-0.213986000000000
-0.150446000000000
-0.0950493000000000
-0.0555535000000000
-0.0142443000000000
0.0483419000000000
0.141376000000000
0.229390000000000
0.308838000000000
0.393139000000000
0.450239000000000
0.487732000000000
0.516457000000000
0.494076000000000
0.465556000000000
0.451880000000000
0.433744000000000
0.406088000000000
0.387814000000000
0.408320000000000
0.390900000000000
0.317007000000000
0.249097000000000
0.191433000000000
0.141804000000000
0.0959413000000000
0.0817158000000000
0.0855833000000000
0.0810453000000000
0.0719827000000000
0.0631534000000000
0.0580928000000000
0.0501116000000000
0.0158153000000000
-0.0255832000000000
-0.0615127000000000
-0.0964348000000000
-0.129781000000000
-0.150858000000000
-0.148646000000000
-0.144784000000000
-0.144443000000000
-0.154508000000000
-0.203438000000000
-0.259066000000000
-0.307728000000000
-0.356187000000000
-0.403577000000000
-0.446389000000000
-0.457511000000000
-0.438789000000000
-0.427798000000000
-0.406290000000000
-0.390552000000000
-0.296757000000000
-0.149893000000000
-0.0184846000000000
0.0279809000000000
0.0468497000000000
0.0821172000000000
0.0904674000000000
0.0877624000000000
0.0819596000000000
0.0732314000000000
0.0754845000000000
0.107471000000000
0.182692000000000
0.264121000000000
0.324052000000000
0.372124000000000
0.415841000000000
0.423882000000000
0.405209000000000
0.388137000000000
0.359228000000000
0.323447000000000
0.277280000000000
0.233025000000000
0.200923000000000
0.169135000000000
0.126445000000000
0.0568922000000000
-0.0330888000000000
-0.0788905000000000
-0.0829068000000000
-0.0934139000000000
-0.111540000000000
-0.126328000000000
-0.141901000000000
-0.175939000000000
-0.234231000000000
-0.282885000000000
-0.332610000000000
-0.350584000000000
-0.341017000000000
-0.336492000000000
-0.294074000000000
-0.189039000000000
-0.176404000000000
-0.187109000000000
-0.204483000000000
-0.237783000000000
-0.249824000000000
-0.258649000000000
-0.275326000000000
-0.289651000000000
-0.290803000000000
-0.287745000000000
-0.278409000000000
-0.262258000000000
-0.242988000000000
-0.220577000000000
-0.195387000000000
-0.156580000000000
-0.0707395000000000
-0.00396726000000000
0.0119958000000000
0.0525069000000000
0.116946000000000
0.172621000000000
0.224637000000000
0.276084000000000
0.327681000000000
0.353182000000000
0.335954000000000
0.309008000000000
0.296689000000000
0.301292000000000
0.299505000000000
0.297151000000000
0.286835000000000
0.263188000000000
0.231705000000000
0.194237000000000
0.161468000000000
0.122259000000000
0.0834024000000000
0.0576211000000000
0.0514570000000000
0.0501431000000000
0.0485827000000000
0.0630622000000000
0.0744155000000000
0.0715656000000000
0.0584804000000000
0.0371246000000000
0.0134816000000000
-0.00812664000000000
-0.0393310000000000
-0.0923363000000000
-0.106497000000000
-0.107731000000000
-0.149256000000000
-0.195619000000000
-0.196818000000000
-0.188653000000000
-0.181750000000000
-0.168330000000000
-0.157349000000000
-0.148935000000000
-0.153322000000000
-0.167206000000000
-0.182678000000000
-0.185610000000000
-0.184154000000000
-0.175305000000000
-0.145409000000000
-0.114247000000000
-0.0858501000000000
-0.0593883000000000
-0.0500733000000000
-0.0487059000000000
-0.0407514000000000
-0.0310750000000000
0.00744778000000000
0.0673434000000000
0.120406000000000
0.172191000000000
0.215162000000000
0.231396000000000
0.233016000000000
0.231386000000000
0.217136000000000
0.158152000000000
0.0789732000000000
0.0431399000000000
0.0400865000000000
0.0378205000000000
0.0367565000000000
0.0402757000000000
0.0396854000000000
0.0340327000000000
0.0284739000000000
0.0262491000000000
0.0288525000000000
0.0386027000000000
0.0610853000000000
0.0516391000000000
0.00686263000000000
-0.0312156000000000
-0.0682889000000000
-0.0921778000000000
-0.105466000000000
-0.117846000000000
-0.111882000000000
-0.104241000000000
-0.110267000000000
-0.110083000000000
-0.112390000000000
-0.110511000000000
-0.0784479000000000
-0.0390123000000000
-0.00794908000000000
0.0255090000000000
0.0423951000000000
0.0477949000000000
0.0655969000000000
0.0882017000000000
0.105639000000000
0.125175000000000
0.131321000000000
0.129198000000000
0.130153000000000
0.138445000000000
0.152557000000000
0.169896000000000
0.175611000000000
0.172745000000000
0.168272000000000
0.161891000000000
0.152501000000000
0.134694000000000
0.108555000000000
0.0868282000000000
0.0818053000000000
0.0887555000000000
0.0935958000000000
0.0918850000000000
0.0828035000000000
0.0695566000000000
0.0518151000000000
0.0268761000000000
-0.000562335000000000
-0.0686920000000000
-0.149166000000000
-0.174021000000000
-0.180665000000000
-0.190725000000000
-0.177814000000000
-0.147428000000000
-0.130290000000000
-0.125014000000000
-0.135683000000000
-0.157341000000000
-0.180194000000000
-0.201615000000000
-0.222321000000000
-0.240295000000000
-0.237948000000000
-0.168170000000000
-0.0703534000000000
-0.00346916000000000
0.00816231000000000
-0.0340305000000000
-0.135514000000000
-0.222701000000000
-0.222021000000000
-0.206107000000000
-0.200367000000000
-0.184421000000000
-0.163810000000000
-0.138636000000000
-0.0726834000000000
0.00236140000000000
0.0687585000000000
0.111289000000000
0.121127000000000
0.125209000000000
0.123261000000000
0.102305000000000
0.0509078000000000
0.00112923000000000
-0.0124087000000000
-0.0108040000000000
0.00649982000000000
0.0759789000000000
0.150418000000000
0.215631000000000
0.279737000000000
0.306391000000000
0.301887000000000
0.278555000000000
0.237374000000000
0.201532000000000
0.164251000000000
0.138394000000000
0.154646000000000
0.139926000000000
0.0643307000000000
0.00118756000000000
-0.0632295000000000
-0.103567000000000
-0.111807000000000
-0.107650000000000
-0.100729000000000
-0.00824743000000000
0.0140633000000000
-0.0103138000000000
-0.0360369000000000
-0.0588082000000000
-0.0750650000000000
-0.0922275000000000
-0.110378000000000
-0.129265000000000
-0.135063000000000
-0.130446000000000
-0.125058000000000
-0.116131000000000
-0.112435000000000
-0.112521000000000
-0.147596000000000
-0.163439000000000
-0.157577000000000
-0.152880000000000
-0.145085000000000
-0.129471000000000
-0.106063000000000
-0.0786377000000000
-0.0524966000000000
-0.0320467000000000
0.00839110000000000
0.0716945000000000
0.0990513000000000
0.107189000000000
0.111092000000000
0.111346000000000
0.102161000000000
0.0940837000000000
0.0111297000000000
-0.0489902000000000
-0.0422515000000000
0.0290166000000000
0.0810425000000000
0.0831215000000000
0.0991605000000000
0.116971000000000
0.136299000000000
0.153244000000000
0.170167000000000
0.178470000000000
0.178734000000000
0.170391000000000
0.164116000000000
0.121663000000000
0.0506323000000000
-0.0126738000000000
-0.0736148000000000
-0.108080000000000
-0.112421000000000
-0.110023000000000
-0.109794000000000
-0.0761303000000000
0.00392079000000000
0.0784911000000000
0.103098000000000
0.0944703000000000
0.0881921000000000
0.0692269000000000
0.0396546000000000
-0.00397149000000000
-0.0162686000000000
0.00864163000000000
0.108843000000000
0.165857000000000
0.137755000000000
0.102123000000000
0.0785799000000000
0.0714342000000000
0.0623413000000000
0.0821829000000000
0.138623000000000
0.188208000000000
0.217695000000000
0.245167000000000
0.268305000000000
0.272814000000000
0.282502000000000
0.294449000000000
0.303081000000000
0.308801000000000
0.301699000000000
0.288880000000000
0.273445000000000
0.250805000000000
0.223606000000000
0.182417000000000
0.139528000000000
0.109888000000000
0.0937035000000000
0.0527155000000000
0.00854455000000000
-0.0130920000000000
-0.0514378000000000
-0.109048000000000
-0.162730000000000
-0.212011000000000
-0.261487000000000
-0.307459000000000
-0.341175000000000
-0.363084000000000
-0.376249000000000
-0.376800000000000
-0.375584000000000
-0.368853000000000
-0.358331000000000
-0.343570000000000
-0.324846000000000
-0.303200000000000
-0.281671000000000
-0.260568000000000
-0.241800000000000
-0.229452000000000
-0.222107000000000
-0.216422000000000
-0.213299000000000
-0.207689000000000
-0.199748000000000
-0.190136000000000
-0.181675000000000
-0.173751000000000
-0.171533000000000
-0.171955000000000
-0.173883000000000
-0.176424000000000
-0.179682000000000
-0.180061000000000
-0.182949000000000
-0.189194000000000
-0.200292000000000
-0.212885000000000
-0.226687000000000
-0.236589000000000
-0.247488000000000
-0.256557000000000
-0.266160000000000
-0.268512000000000
-0.262464000000000
-0.250974000000000
-0.236091000000000
-0.212961000000000
-0.180137000000000
-0.135780000000000
-0.0935666000000000
-0.0581557000000000
-0.0319428000000000
-0.0109145000000000
0.00810001000000000
0.0248342000000000
0.0411839000000000
0.0598346000000000
0.0794912000000000
0.101017000000000
0.125714000000000
0.149717000000000
0.173056000000000
0.201862000000000
0.225817000000000
0.242330000000000
0.260426000000000
0.279101000000000
0.294057000000000
0.308466000000000
0.326053000000000
0.338366000000000
0.352794000000000
0.385687000000000
0.412116000000000
0.435271000000000
0.408468000000000
0.363190000000000
0.318929000000000
0.323134000000000
0.311954000000000
0.231106000000000
0.166794000000000
0.102649000000000
0.122667000000000
0.161319000000000
0.137463000000000
0.120400000000000
0.127830000000000
0.167001000000000
0.232312000000000
0.272031000000000
0.258709000000000
0.239177000000000
0.214462000000000
0.129455000000000
0.0261065000000000
-0.00196235000000000
0.00327374000000000
-0.000162885000000000
0.00166209000000000
0.00599407000000000
-0.00642789000000000
-0.0286409000000000
-0.0492180000000000
-0.0625338000000000
-0.0611582000000000
-0.0559664000000000
-0.0477652000000000
-0.0406187000000000
-0.0376911000000000
-0.0356493000000000
-0.0373056000000000
-0.0411762000000000
-0.0422066000000000
-0.0448342000000000
-0.0482894000000000
-0.0504808000000000
-0.0575898000000000
-0.0643728000000000
-0.0713820000000000
-0.0793672000000000
-0.0921616000000000
-0.103512000000000
-0.114294000000000
-0.123728000000000
-0.131614000000000
-0.137012000000000
-0.134647000000000
-0.128771000000000
-0.117425000000000
-0.104206000000000
-0.0887987000000000
-0.0720204000000000
-0.0538650000000000
-0.0327537000000000
-0.0188142000000000
-0.00604655000000000
0.0105387000000000
0.0259812000000000
0.0382038000000000
0.0506484000000000
0.0649117000000000
0.0762114000000000
0.0864314000000000
0.0935209000000000
0.102183000000000
0.111831000000000
0.113948000000000
0.116943000000000
0.119357000000000
0.114538000000000
0.109748000000000
0.107338000000000
0.103652000000000
0.0962706000000000
0.0885300000000000
0.0779397000000000
0.0517798000000000
0.0358768000000000
0.0465951000000000
0.0493799000000000
0.0556851000000000
0.0730159000000000
0.0663972000000000
-0.0175135000000000
-0.117041000000000
-0.151060000000000
-0.156171000000000
-0.157682000000000
-0.155051000000000
-0.150094000000000
-0.145233000000000
-0.133947000000000
-0.120090000000000
-0.110756000000000
-0.102828000000000
-0.0942126000000000
-0.0827993000000000
-0.0654905000000000
-0.0533754000000000
-0.0429299000000000
-0.0315462000000000
-0.0217447000000000
-0.0168999000000000
-0.0167118000000000
-0.0172233000000000
-0.0202915000000000
-0.0342238000000000
-0.0595458000000000
-0.0842266000000000
-0.105126000000000
-0.108071000000000
-0.105431000000000
-0.105346000000000
-0.104240000000000
-0.102807000000000
-0.104022000000000
-0.107350000000000
-0.108627000000000
-0.106970000000000
-0.100763000000000
-0.0936679000000000
-0.0850058000000000
-0.0753446000000000
-0.0629717000000000
-0.0524924000000000
-0.0446983000000000
-0.0355516000000000
-0.0281995000000000
-0.0223495000000000
-0.0156917000000000
-0.00968919000000000
-0.00376894000000000
-3.99017000000000e-05
0.00387923000000000
0.00964659000000000
0.0160769000000000
0.0232004000000000
0.0330513000000000
0.0391780000000000
0.0420244000000000
0.0544613000000000
0.0781619000000000
0.0840639000000000
0.0753555000000000
0.0613416000000000
0.0348582000000000
0.0213338000000000
0.0215397000000000
0.0303958000000000
0.0561866000000000
0.0769650000000000
0.0857966000000000
0.0884924000000000
0.0748113000000000
0.0522589000000000
0.0364030000000000
0.0340539000000000
0.0357498000000000
0.0401775000000000
0.0460608000000000
0.0486058000000000
0.0465716000000000
0.0444262000000000
0.0396818000000000
0.0289294000000000
0.00849502000000000
-0.0144691000000000
-0.0384842000000000
-0.0641642000000000
-0.0897565000000000
-0.111515000000000
-0.125992000000000
-0.134579000000000
-0.141227000000000
-0.144088000000000
-0.143647000000000
-0.143937000000000
-0.139928000000000
-0.132216000000000
-0.122121000000000
-0.113212000000000
-0.104171000000000
-0.0922787000000000
-0.0806887000000000
-0.0672448000000000
-0.0496406000000000
-0.0256790000000000
-0.000577313000000000
0.0239133000000000
0.0461757000000000
0.0616021000000000
0.0718894000000000
0.0815701000000000
0.0917160000000000
0.0993424000000000
0.104348000000000
0.110612000000000
0.116703000000000
0.124318000000000
0.131364000000000
0.138737000000000
0.147104000000000
0.149561000000000
0.149227000000000
0.148151000000000
0.144361000000000
0.140494000000000
0.139159000000000
0.139905000000000
0.142289000000000
0.143410000000000
0.144755000000000
0.140461000000000
0.129310000000000
0.114831000000000
0.100871000000000
0.0881607000000000
0.0775104000000000
0.0632406000000000
0.0474496000000000
0.0304698000000000
0.0138627000000000
-0.00156295000000000
-0.0193881000000000
-0.0357697000000000
-0.0464125000000000
-0.0566482000000000
-0.0703127000000000
-0.0829150000000000
-0.0952140000000000
-0.111398000000000
-0.126496000000000
-0.143246000000000
-0.160373000000000
-0.171997000000000
-0.181920000000000
-0.189998000000000
-0.187924000000000
-0.186428000000000
-0.182798000000000
-0.175862000000000
-0.166423000000000
-0.157041000000000
-0.147536000000000
-0.139308000000000
-0.133616000000000
-0.125643000000000
-0.114980000000000
-0.0999007000000000
-0.0815859000000000
-0.0631691000000000
-0.0459288000000000
-0.0323440000000000
-0.0210356000000000
-0.0156301000000000
-0.0139524000000000
-0.0151714000000000
-0.0185516000000000
-0.0212606000000000
-0.0242492000000000
-0.0257225000000000
-0.0270503000000000
-0.0264249000000000
-0.0247484000000000
-0.0234009000000000
-0.0230084000000000
-0.0244246000000000
-0.0250680000000000
-0.0245437000000000
-0.0236955000000000
-0.0205975000000000
-0.0130835000000000
-0.00249265000000000
0.00776470000000000
0.0210964000000000
0.0399214000000000
0.0563267000000000
0.0702314000000000
0.0820085000000000
0.0871224000000000
0.0932596000000000
0.102476000000000
0.110291000000000
0.115288000000000
0.122393000000000
0.134328000000000
0.145565000000000
0.157513000000000
0.169074000000000
0.176004000000000
0.176100000000000
0.171412000000000
0.165472000000000
0.159642000000000
0.152428000000000
0.145059000000000
0.134708000000000
0.125524000000000
0.119812000000000
0.116025000000000
0.115983000000000
0.120069000000000
0.125706000000000
0.132150000000000
0.131775000000000
0.126478000000000
0.120109000000000
0.113100000000000
0.100103000000000
0.0832145000000000
0.0646697000000000
0.0431946000000000
0.0214644000000000
0.00305970000000000
-0.0112451000000000
-0.0234187000000000
-0.0359534000000000
-0.0468658000000000
-0.0523820000000000
-0.0527271000000000
-0.0518185000000000
-0.0515313000000000
-0.0527048000000000
-0.0545717000000000
-0.0558613000000000
-0.0585826000000000
-0.0594730000000000
-0.0597274000000000
-0.0605472000000000
-0.0592066000000000
-0.0575661000000000
-0.0561930000000000
-0.0545624000000000
-0.0514100000000000
-0.0504267000000000
-0.0508776000000000
-0.0494068000000000
-0.0496227000000000
-0.0491068000000000
-0.0476561000000000
-0.0451900000000000
-0.0425666000000000
-0.0401151000000000
-0.0396472000000000
-0.0389277000000000
-0.0344850000000000
-0.0272511000000000
-0.0199961000000000
-0.0144765000000000
-0.00685594000000000
0.000677993000000000
0.00579443000000000
0.00915659000000000
0.00971913000000000
0.00687196000000000
0.00191452000000000
-0.00159709000000000
-0.00357496000000000
0.000104388000000000
0.00820469000000000
0.0219538000000000
0.0393516000000000
0.0524185000000000
0.0617952000000000
0.0664881000000000
0.0606707000000000
0.0485491000000000
0.0359404000000000
0.0200730000000000
0.00742249000000000
0.00311702000000000
0.00288609000000000
0.00340525000000000
0.00361072000000000
-3.49456000000000e-05
-0.00350367000000000
-0.00669091000000000
-0.00559095000000000
-0.00127716000000000
0.00500376000000000
0.0105699000000000
0.0163896000000000
0.0138794000000000
0.00639505000000000
-0.000820010000000000
-0.0103240000000000
-0.0217798000000000
-0.0308622000000000
-0.0382098000000000
-0.0440656000000000
-0.0465363000000000
-0.0482326000000000
-0.0513668000000000
-0.0544364000000000
-0.0570209000000000
-0.0602534000000000
-0.0646298000000000
-0.0678661000000000
-0.0714658000000000
-0.0744653000000000
-0.0770758000000000
-0.0761760000000000
-0.0750772000000000
-0.0724012000000000
-0.0687877000000000
-0.0639527000000000
-0.0552734000000000
-0.0429093000000000
-0.0310121000000000
-0.0195841000000000
-0.00838095000000000
0.00105651000000000
0.00315284000000000
0.00497777000000000
0.00733409000000000
0.00661746000000000
0.00363260000000000
0.00159774000000000
0.000211876000000000
1.06057000000000e-05
0.00246951000000000
0.00531845000000000
0.00892941000000000
0.0113805000000000
0.0106968000000000
0.00578574000000000
-0.000768215000000000
-0.00856502000000000
-0.0194494000000000
-0.0286089000000000
-0.0353668000000000
-0.0422224000000000
-0.0459035000000000
-0.0479427000000000
-0.0491710000000000
-0.0488353000000000
-0.0478347000000000
-0.0456693000000000
-0.0439171000000000
-0.0430678000000000
-0.0438952000000000
-0.0427577000000000
-0.0408070000000000
-0.0381349000000000
-0.0352411000000000
-0.0307750000000000
-0.0269807000000000
-0.0249125000000000
-0.0203987000000000
-0.0196937000000000
-0.0230887000000000
-0.0228395000000000
-0.0242955000000000
-0.0260912000000000
-0.0248090000000000
-0.0229442000000000
-0.0201511000000000
-0.0161996000000000
-0.0133797000000000
-0.00862181000000000
-0.00250787000000000
0.00477199000000000
0.0105788000000000
0.0149465000000000
0.0201880000000000
0.0225971000000000
0.0230497000000000
0.0248038000000000
0.0253626000000000
0.0247644000000000
0.0216620000000000
0.0202540000000000
0.0174418000000000
0.0150013000000000
0.0119556000000000
0.0104151000000000
0.00854785000000000
0.00727008000000000
0.00628479000000000
0.00404572000000000
0.00403289000000000
0.00399936000000000
0.00307786000000000
0.00493147000000000
0.00831495000000000
0.0118953000000000
0.0162515000000000
0.0193027000000000
0.0218053000000000
0.0257734000000000
0.0286699000000000
0.0279388000000000
0.0249172000000000
0.0220748000000000
0.0193771000000000
0.0185602000000000
0.0202098000000000
0.0217738000000000
0.0266434000000000
0.0316822000000000
0.0357754000000000
0.0386734000000000
0.0412772000000000
0.0407522000000000
0.0404367000000000
0.0409257000000000
0.0413888000000000
0.0441379000000000
0.0491932000000000
0.0533018000000000
0.0561750000000000
0.0596453000000000
0.0603311000000000
0.0577977000000000
0.0531680000000000
0.0475294000000000
0.0381996000000000
0.0238483000000000
0.0111065000000000
0.00237082000000000
-0.00556388000000000
-0.00541527000000000
-0.00222095000000000
0.00420793000000000
0.0119218000000000
0.0184828000000000
0.0228680000000000
0.0231347000000000
0.0177893000000000
0.0146889000000000
0.00871362000000000
0.00568377000000000
0.00547146000000000
0.00494023000000000
0.00128448000000000
-0.000741170000000000
-0.00351981000000000
-0.00880759000000000
-0.0127344000000000
-0.0131746000000000
-0.0141489000000000
-0.0127592000000000
-0.0119724000000000
-0.00960225000000000
-0.00677747000000000
-0.00686368000000000
-0.00684736000000000
-0.00695242000000000
-0.0110644000000000
-0.0186446000000000
-0.0261945000000000
-0.0342561000000000
-0.0422962000000000
-0.0496721000000000
-0.0564785000000000
-0.0579214000000000
-0.0580243000000000
-0.0550867000000000
-0.0480410000000000
-0.0421329000000000
-0.0352040000000000
-0.0294675000000000
-0.0239012000000000
-0.0189766000000000
-0.0159817000000000
-0.0146164000000000
-0.0138456000000000
-0.0110186000000000
-0.00672732000000000
0.000308383000000000
0.00735163000000000
0.0139153000000000
0.0206298000000000
0.0281180000000000
0.0340734000000000
0.0395976000000000
0.0440327000000000
0.0468648000000000
0.0481466000000000
0.0489789000000000
0.0485015000000000
0.0485929000000000
0.0507498000000000
0.0518119000000000
0.0525877000000000
0.0555730000000000
0.0560272000000000
0.0593280000000000
0.0639540000000000
0.0686932000000000
0.0721122000000000
0.0718394000000000
0.0697669000000000
0.0634395000000000
0.0518652000000000
0.0396862000000000
0.0291863000000000
0.0192384000000000
0.0112346000000000
0.00661915000000000
0.00231425000000000
-0.00407658000000000
-0.00849017000000000
-0.0154556000000000
-0.0236338000000000
-0.0302495000000000
-0.0348646000000000
-0.0409357000000000
-0.0420468000000000
-0.0392670000000000
-0.0332730000000000
-0.0282997000000000
-0.0254531000000000
-0.0240685000000000
-0.0233870000000000
-0.0236236000000000
-0.0243827000000000
-0.0265173000000000
-0.0283342000000000
-0.0307447000000000
-0.0334692000000000
-0.0346677000000000
-0.0366122000000000
-0.0378191000000000
-0.0394554000000000
-0.0403850000000000
-0.0430192000000000
-0.0441171000000000
-0.0453625000000000
-0.0455895000000000
-0.0454133000000000
-0.0445315000000000
-0.0445203000000000
-0.0400294000000000
-0.0342396000000000
-0.0258312000000000
-0.0155876000000000
-0.00507784000000000
0.00593403000000000
0.0179973000000000
0.0299419000000000
0.0376422000000000
0.0463187000000000
0.0538395000000000
0.0583201000000000
0.0609465000000000
0.0591491000000000
0.0541987000000000
0.0468705000000000
0.0414143000000000
0.0382170000000000
0.0325434000000000
0.0284515000000000
0.0261474000000000
0.0232444000000000
0.0207608000000000
0.0179651000000000
0.0155998000000000
0.0131866000000000
0.00961626000000000
0.00228967000000000
-0.00778042000000000
-0.0222876000000000
-0.0330819000000000
-0.0436443000000000
-0.0525706000000000
-0.0564374000000000
-0.0555306000000000
-0.0534595000000000
-0.0491545000000000
-0.0418100000000000
-0.0322164000000000
-0.0249393000000000
-0.0176187000000000
-0.0119679000000000
-0.00639917000000000
-0.00551723000000000
-0.00747053000000000
-0.00703949000000000
-0.00653643000000000
-0.00426391000000000
0.000837866000000000
0.00595877000000000
0.0118061000000000
0.0166313000000000
0.0210490000000000
0.0240302000000000
0.0207661000000000
0.0162345000000000
0.00919674000000000
0.000830650000000000
-0.00885659000000000
-0.0150745000000000
-0.0167220000000000
-0.0153543000000000
-0.0124196000000000
-0.0110897000000000
-0.0109562000000000
-0.0117289000000000
-0.0153559000000000
-0.0177126000000000
-0.0194621000000000
-0.0197711000000000
-0.0189480000000000
-0.0189787000000000
-0.0197445000000000
-0.0190611000000000
-0.0165740000000000
-0.0112919000000000
-0.00423960000000000
0.00257775000000000
0.00802897000000000
0.0107293000000000
0.0111416000000000
0.0102531000000000
0.00628277000000000
0.00140966000000000
-0.00509908000000000
-0.0104666000000000
-0.0167383000000000
-0.0205919000000000
-0.0243251000000000
-0.0272100000000000
-0.0260242000000000
-0.0248299000000000
-0.0218536000000000
-0.0187430000000000
-0.0158900000000000
-0.0114085000000000
-0.00784554000000000
-0.00655480000000000
-0.00399713000000000
-0.00138854000000000
0.000806020000000000
0.00566765000000000
0.0125633000000000
0.0187281000000000
0.0248620000000000
0.0290883000000000
0.0317243000000000
0.0346745000000000
0.0347710000000000
0.0312295000000000
0.0257877000000000
0.0216271000000000
0.0173179000000000
0.0126252000000000
0.0110420000000000
0.0108659000000000
0.0101693000000000
0.00898837000000000
0.00486901000000000
0.000604792000000000
-0.00331643000000000
-0.00680001000000000
-0.00834137000000000
-0.00848858000000000
-0.00561272000000000
-0.00319095000000000
-0.00340102000000000
-0.00441678000000000
-0.00891542000000000
-0.0117622000000000
-0.0135460000000000
-0.0154460000000000
-0.0143745000000000
-0.0141445000000000
-0.0112021000000000
-0.00808967000000000
-0.00477332000000000
-0.00315692000000000
-0.00293066000000000
-0.00363967000000000
-0.00572517000000000
-0.00975298000000000
-0.0130860000000000
-0.0163058000000000
-0.0195392000000000
-0.0216277000000000
-0.0220417000000000
-0.0217076000000000
-0.0187324000000000
-0.0148857000000000
-0.0114613000000000
-0.00706456000000000
0.000287529000000000
0.00694300000000000
0.0112672000000000
0.0150101000000000
0.0196407000000000
0.0260077000000000
0.0321604000000000
0.0393067000000000
0.0435507000000000
0.0454865000000000
0.0479911000000000
0.0474216000000000
0.0448979000000000
0.0393883000000000
0.0347827000000000
0.0296621000000000
0.0243435000000000
0.0207303000000000
0.0172187000000000
0.0130390000000000
0.00796387000000000
0.00463871000000000
0.000484465000000000
-0.00199073000000000
-0.00552882000000000
-0.00904217000000000
-0.0112465000000000
-0.0131137000000000
-0.0145180000000000
-0.0156522000000000
-0.0153546000000000
-0.0148059000000000
-0.0155598000000000
-0.0176734000000000
-0.0177799000000000
-0.0164032000000000
-0.0142292000000000
-0.0135769000000000
-0.0131453000000000
-0.0127978000000000
-0.0142353000000000
-0.0173422000000000
-0.0205122000000000
-0.0224761000000000
-0.0224963000000000
-0.0229436000000000
-0.0206760000000000
-0.0167771000000000
-0.0133792000000000
-0.0100932000000000
-0.00528539000000000
-0.000152071000000000
0.00200642000000000
0.00722751000000000
0.0165957000000000
0.0250655000000000
0.0300419000000000
0.0382909000000000
0.0491751000000000
0.0563961000000000
0.0632808000000000
0.0672838000000000
0.0708189000000000
0.0723186000000000
0.0706795000000000
0.0644732000000000
0.0574402000000000
0.0508847000000000
0.0464487000000000
0.0422874000000000
0.0370544000000000
0.0315012000000000
0.0241851000000000
0.0173333000000000
0.00604481000000000
-0.00701618000000000
-0.0166810000000000
-0.0255475000000000
-0.0335310000000000
-0.0399236000000000
-0.0440893000000000
-0.0475499000000000
-0.0482868000000000
-0.0463290000000000
-0.0438868000000000
-0.0391220000000000
-0.0338786000000000
-0.0267354000000000
-0.0192044000000000
-0.0111654000000000
-0.00471759000000000
-0.00202621000000000
0.000869442000000000
0.00487402000000000
0.00641643000000000
0.00534293000000000
0.00461750000000000
0.000753666000000000
-0.000697235000000000
-0.00158961000000000
-0.00336633000000000
-0.00518948000000000
-0.00624087000000000
-0.00666187000000000
-0.00965767000000000
-0.0141856000000000
-0.0165927000000000
-0.0202476000000000
-0.0220707000000000
-0.0256207000000000
-0.0289180000000000
-0.0304087000000000
-0.0320054000000000
-0.0325295000000000
-0.0330514000000000
-0.0349180000000000
-0.0355195000000000
-0.0363631000000000
-0.0365969000000000
-0.0348506000000000
-0.0337513000000000
-0.0318520000000000
-0.0285450000000000
-0.0243662000000000
-0.0211470000000000
-0.0191742000000000
-0.0182951000000000
-0.0154562000000000
-0.0155845000000000
-0.0162941000000000
-0.0156876000000000
-0.0165820000000000
-0.0206089000000000
-0.0237949000000000
-0.0293483000000000
-0.0319827000000000
-0.0356872000000000
-0.0369008000000000
-0.0363713000000000
-0.0350020000000000
-0.0323265000000000
-0.0279039000000000
-0.0251708000000000
-0.0204210000000000
-0.0149366000000000
-0.00984107000000000
-0.00496193000000000
0.000916641000000000
0.00537209000000000
0.00924836000000000
0.0122147000000000
0.0183873000000000
0.0239850000000000
0.0283854000000000
0.0317039000000000
0.0366211000000000
0.0403440000000000
0.0436523000000000
0.0469196000000000
0.0477768000000000
0.0491339000000000
0.0507540000000000
0.0555201000000000
0.0598962000000000
0.0654398000000000
0.0681962000000000
0.0680017000000000
0.0676994000000000
0.0650690000000000
0.0590241000000000
0.0525167000000000
0.0490143000000000
0.0456575000000000
0.0430491000000000
0.0428490000000000
0.0411122000000000
0.0389176000000000
0.0352924000000000
0.0275168000000000
0.0196780000000000
0.0130252000000000
0.00407572000000000
-0.00318808000000000
-0.00851457000000000
-0.0107172000000000
-0.0144620000000000
-0.0169044000000000
-0.0175676000000000
-0.0199761000000000
-0.0224817000000000
-0.0247216000000000
-0.0289310000000000
-0.0320359000000000
-0.0332796000000000
-0.0407910000000000
-0.0466837000000000
-0.0474124000000000
-0.0490108000000000
-0.0517431000000000
-0.0526823000000000
-0.0514098000000000
-0.0480386000000000
-0.0449135000000000
-0.0418509000000000
-0.0398119000000000
-0.0383578000000000
-0.0364788000000000
-0.0347077000000000
-0.0309167000000000
-0.0276425000000000
-0.0261576000000000
-0.0249641000000000
-0.0219867000000000
-0.0200032000000000
-0.0186977000000000
-0.0153147000000000
-0.0114206000000000
-0.00942438000000000
-0.00873090000000000
-0.00808039000000000
-0.00717338000000000
-0.00730258000000000
-0.00803635000000000
-0.00727244000000000
-0.00635580000000000
-0.00407830000000000
-0.00289708000000000
-0.000823514000000000
0.00275711000000000
0.00312125000000000
0.00507223000000000
0.00837488000000000
0.0112080000000000
0.0145611000000000
0.0198618000000000
0.0220049000000000
0.0247953000000000
0.0292915000000000
0.0325137000000000
0.0345151000000000
0.0349756000000000
0.0351404000000000
0.0337314000000000
0.0313117000000000
0.0290122000000000
0.0270325000000000
0.0246786000000000
0.0227169000000000
0.0185661000000000
0.0146837000000000
0.0109924000000000
0.00666594000000000
0.00395618000000000
0.00167090000000000
0.00104754000000000
0.00132764000000000
0.00140423000000000
0.00156744000000000
0.00176508000000000
0.00182464000000000
0.00246386000000000
0.00410232000000000
0.00642211000000000
0.0115150000000000
0.0165522000000000
0.0192356000000000
0.0214979000000000
0.0252342000000000
0.0273191000000000
0.0287561000000000
0.0287258000000000
0.0276078000000000
0.0266221000000000
0.0257515000000000
0.0246483000000000
0.0235484000000000
0.0208847000000000
0.0172218000000000
0.0145188000000000
0.0129570000000000
0.00975031000000000
0.00791650000000000
0.00806508000000000
0.00939854000000000
0.00916018000000000
0.00949639000000000
0.0116695000000000
0.0135221000000000
0.0143068000000000
0.0165971000000000
0.0179962000000000
0.0217911000000000
0.0237109000000000
0.0234390000000000
0.0229242000000000
0.0192084000000000
0.0164438000000000
0.0141520000000000
0.0121256000000000
0.00893394000000000
0.00441526000000000
0.00310673000000000
0.00200310000000000
-0.00139389000000000
-0.00284557000000000
-0.00494894000000000
-0.00797871000000000
-0.0108192000000000
-0.0121734000000000
-0.0120445000000000
-0.0119849000000000
-0.0120032000000000
-0.0119533000000000
-0.0116983000000000
-0.0115796000000000
-0.00855447000000000
-0.00676568000000000
-0.00738977000000000
-0.00728655000000000
-0.00727031000000000
-0.00729733000000000
-0.00757598000000000
-0.00755072000000000
-0.00758869000000000
-0.00848871000000000
-0.0112397000000000
-0.0137689000000000
-0.0159262000000000
-0.0165799000000000
-0.0185360000000000
-0.0198254000000000
-0.0193639000000000
-0.0189809000000000
-0.0204255000000000
-0.0222997000000000
-0.0218027000000000
-0.0211069000000000
-0.0194025000000000
-0.0175086000000000
-0.0153492000000000
-0.0126269000000000
-0.0113244000000000
-0.00960646000000000
-0.00929256000000000
-0.00916449000000000
-0.0108017000000000
-0.0127380000000000
-0.0127063000000000
-0.0130796000000000
-0.0156081000000000
-0.0178650000000000
-0.0209700000000000
-0.0226181000000000
-0.0244680000000000
-0.0251255000000000
-0.0252328000000000
-0.0243321000000000
-0.0229644000000000
-0.0204273000000000
-0.0199082000000000
-0.0207361000000000
-0.0197541000000000
-0.0201304000000000
-0.0201852000000000
-0.0190143000000000
-0.0174044000000000
-0.0130800000000000
-0.00828699000000000
-0.00224690000000000
0.00399892000000000
0.00752659000000000
0.0107596000000000
0.0111437000000000
0.0106248000000000
0.0120055000000000
0.0126514000000000
0.0120734000000000
0.0118571000000000
0.0115310000000000
0.0111965000000000
0.0108667000000000
0.0104231000000000
0.00851078000000000
0.00851787000000000
0.00986322000000000
0.00970590000000000
0.00920854000000000
0.00942964000000000
0.0110812000000000
0.0137734000000000
0.0145354000000000
0.0166341000000000
0.0185299000000000
0.0212924000000000
0.0248999000000000
0.0259564000000000
0.0292149000000000
0.0339186000000000
0.0348754000000000
0.0359664000000000
0.0363226000000000
0.0344498000000000
0.0330700000000000
0.0306022000000000
0.0277883000000000
0.0263300000000000
0.0251947000000000
0.0237627000000000
0.0219521000000000
0.0170993000000000
0.0131456000000000
0.00944380000000000
0.00382686000000000
0.00118935000000000
-0.00287509000000000
-0.00626642000000000
-0.0101848000000000
-0.0125913000000000
-0.0158542000000000
-0.0202439000000000
-0.0220271000000000
-0.0242963000000000
-0.0239792000000000
-0.0230249000000000
-0.0205802000000000
-0.0151345000000000
-0.0103793000000000
-0.00669920000000000
-0.00273629000000000
-9.34821000000000e-05
0.00211179000000000
0.00425810000000000
0.00650861000000000
0.00865762000000000
0.0105565000000000
0.0123167000000000
0.0125157000000000
0.0134762000000000
0.0149180000000000
0.0149555000000000
0.0163577000000000
0.0165834000000000
0.0170993000000000
0.0183973000000000
0.0176479000000000
0.0161660000000000
0.0150047000000000
0.0122731000000000
0.00726450000000000
0.00414085000000000
-0.000688268000000000
-0.00813331000000000
-0.0145425000000000
-0.0197899000000000
-0.0244285000000000
-0.0279631000000000
-0.0314951000000000
-0.0337583000000000
-0.0353080000000000
-0.0372086000000000
-0.0386960000000000
-0.0404145000000000
-0.0417931000000000
-0.0430417000000000
-0.0436795000000000
-0.0442219000000000
-0.0440385000000000
-0.0441956000000000
-0.0455550000000000
-0.0445524000000000
-0.0422862000000000
-0.0409066000000000
-0.0359050000000000
-0.0334243000000000
-0.0307337000000000
-0.0266008000000000
-0.0252750000000000
-0.0243502000000000
-0.0217985000000000
-0.0217065000000000
-0.0213980000000000
-0.0201158000000000
-0.0193081000000000
-0.0182508000000000
-0.0174098000000000
-0.0162297000000000
-0.0156346000000000
-0.0124693000000000
-0.00919250000000000
-0.00869796000000000
-0.00816013000000000
-0.00729357000000000
-0.00596708000000000
-0.00281692000000000
-0.000971561000000000
-0.000621518000000000
-0.000358252000000000
0.000275175000000000
-0.000441914000000000
-0.00127700000000000
-0.00356999000000000
-0.00510347000000000
-0.00592300000000000
-0.00596779000000000
-0.00432863000000000
-0.00118320000000000
0.00213312000000000
0.00615153000000000
0.00826086000000000
0.0101721000000000
0.0126450000000000
0.0124304000000000
0.0122814000000000
0.00877280000000000
0.00572306000000000
0.00289785000000000
6.77398000000000e-05
-0.00115890000000000
-0.00174526000000000
-0.00305147000000000
-0.00462642000000000
-0.00493870000000000
-0.00659222000000000
-0.00765632000000000
-0.00652893000000000
-0.00575122000000000
-0.00496280000000000
-0.00429418000000000
-0.00343692000000000
-0.00280332000000000
-0.00189497000000000
-0.00168382000000000
-0.00186450000000000
-0.000478234000000000
0.00203397000000000
0.00363070000000000
0.00716059000000000
0.00962477000000000
0.0138900000000000
0.0188419000000000
0.0214842000000000
0.0237466000000000
0.0262392000000000
0.0282874000000000
0.0307245000000000
0.0352817000000000
0.0378663000000000
0.0393238000000000
0.0419543000000000
0.0414548000000000
0.0401173000000000
0.0390098000000000
0.0380906000000000
0.0367623000000000
0.0372715000000000
0.0388372000000000
0.0403629000000000
0.0413502000000000
0.0438204000000000
0.0448063000000000
0.0465709000000000
0.0496402000000000
0.0491495000000000
0.0484694000000000
0.0469132000000000
0.0461026000000000
0.0439551000000000
0.0409810000000000
0.0396876000000000
0.0366514000000000
0.0337138000000000
0.0289496000000000
0.0224626000000000
0.0179990000000000
0.0139815000000000
0.00858424000000000
0.00524453000000000
0.000813898000000000
-0.00194105000000000
-0.00595875000000000
-0.00918958000000000
-0.0128218000000000
-0.0165219000000000
-0.0187480000000000
-0.0209756000000000
-0.0232747000000000
-0.0241563000000000
-0.0235088000000000
-0.0227112000000000
-0.0225076000000000
-0.0209842000000000
-0.0198711000000000
-0.0204366000000000
-0.0214579000000000
-0.0215096000000000
-0.0208176000000000
-0.0193661000000000
-0.0163993000000000
-0.0130544000000000
-0.0100284000000000
-0.00554870000000000
-0.00207216000000000
-0.000522132000000000
-0.000468131000000000
-0.000654635000000000
-0.000699021000000000
-0.000815796000000000
-0.000263721000000000
0.00217548000000000
0.00460623000000000
0.00676308000000000
0.00876898000000000
0.00901631000000000
0.00816980000000000
0.00977844000000000
0.0118474000000000
0.0111789000000000
0.0124374000000000
0.0142109000000000
0.0133717000000000
0.0123505000000000
0.0115888000000000
0.00931090000000000
0.00559018000000000
0.00338205000000000
0.000710595000000000
-0.00347012000000000
-0.00621459000000000
-0.00703109000000000
-0.00929601000000000
-0.0122620000000000
-0.0135217000000000
-0.0131305000000000
-0.0147557000000000
-0.0169103000000000
-0.0175908000000000
-0.0183034000000000
-0.0181669000000000
-0.0174836000000000
-0.0165967000000000
-0.0129308000000000
-0.0117966000000000
-0.0109128000000000
-0.00920254000000000
-0.0105973000000000
-0.0130612000000000
-0.0130988000000000
-0.0124137000000000
-0.0122598000000000
-0.0119176000000000
-0.0116355000000000
-0.0112250000000000
-0.0110113000000000
-0.00967218000000000
-0.00796626000000000
-0.00616823000000000
-0.00188097000000000
0.00144285000000000
0.00359290000000000
0.00616173000000000
0.00732096000000000
0.00690285000000000
0.00828756000000000
0.0102498000000000
0.0106783000000000
0.0124473000000000
0.0132471000000000
0.0124142000000000
0.0113788000000000
0.00930384000000000
0.00745281000000000
0.00560335000000000
0.00512858000000000
0.00492552000000000
0.00659931000000000
0.00678586000000000
0.00327459000000000
0.00242582000000000
0.00252709000000000
0.000118734000000000
-0.00267459000000000
-0.00652693000000000
-0.00958472000000000
-0.0107223000000000
-0.0117413000000000
-0.0128556000000000
-0.0114628000000000
-0.00724948000000000
-0.00437315000000000
-0.00307026000000000
-0.00214760000000000
-0.00269613000000000
-0.00444599000000000
-0.00571570000000000
-0.00700567000000000
-0.00830352000000000
-0.0108623000000000
-0.0113902000000000
-0.0108689000000000
-0.0107222000000000
-0.0105622000000000
-0.0103211000000000
-0.0101279000000000
-0.00984496000000000
-0.00965378000000000
-0.00934611000000000
-0.00928808000000000
-0.00919226000000000
-0.0108277000000000
-0.0126875000000000
-0.0126701000000000
-0.0119943000000000
-0.0145085000000000
-0.0163790000000000
-0.0152468000000000
-0.0157671000000000
-0.0183979000000000
-0.0194215000000000
-0.0195724000000000
-0.0204868000000000
-0.0224616000000000
-0.0242114000000000
-0.0258496000000000
-0.0263343000000000
-0.0265331000000000
-0.0279548000000000
-0.0273215000000000
-0.0259197000000000
-0.0247580000000000
-0.0236357000000000
-0.0223788000000000
-0.0212552000000000
-0.0202216000000000
-0.0191773000000000
-0.0180067000000000
-0.0169805000000000
-0.0159075000000000
-0.0146751000000000
-0.0115783000000000
-0.00788810000000000
-0.00455061000000000
-0.00139217000000000
0.00153154000000000
0.00258881000000000
0.00277020000000000
0.00328401000000000
0.00365519000000000
0.00525674000000000
0.00819061000000000
0.0114064000000000
0.0162161000000000
0.0206125000000000
0.0227413000000000
0.0262576000000000
0.0292017000000000
0.0286088000000000
0.0292702000000000
0.0316379000000000
0.0307684000000000
0.0295225000000000
0.0289712000000000
0.0271180000000000
0.0230972000000000
0.0217804000000000
0.0215639000000000
0.0207423000000000
0.0197388000000000
0.0169802000000000
0.0142678000000000
0.0139553000000000
0.0108142000000000
0.00845461000000000
0.00827943000000000
0.00631780000000000
0.00569493000000000
0.00702777000000000
0.00832783000000000
0.00921050000000000
0.0104189000000000
0.0104520000000000
0.00934323000000000
0.00605154000000000
0.00385734000000000
0.00194689000000000
-0.000745572000000000
-0.00278320000000000
-0.00131738000000000
0.00155560000000000
0.00378769000000000
0.00495774000000000
0.00882987000000000
0.0107946000000000
0.0113289000000000
0.0135671000000000
0.0140344000000000
0.0132758000000000
0.0128518000000000
0.0124677000000000
0.0119294000000000
0.0113829000000000
0.0109745000000000
0.0105034000000000
0.0101148000000000
0.00957984000000000
0.0104311000000000
0.0124962000000000
0.0126495000000000
0.0118277000000000
0.0113776000000000
0.0108293000000000
0.0102932000000000
0.00968570000000000
0.00914393000000000
0.00924816000000000
0.0111951000000000
0.0120939000000000
0.0113634000000000
0.0125753000000000
0.0143492000000000
0.0137488000000000
0.0127527000000000
0.0122092000000000
0.0116436000000000
0.0127697000000000
0.0141514000000000
0.0134532000000000
0.0124978000000000
0.0118162000000000
0.0110523000000000
0.0101919000000000
0.00880156000000000
0.00557758000000000
0.00341683000000000
0.00152478000000000
-0.00160740000000000
-0.00247142000000000
-0.00255742000000000
-0.00393841000000000
-0.00822108000000000
-0.0106978000000000
-0.0117929000000000
-0.0122841000000000
-0.0120690000000000
-0.0121064000000000
-0.0119725000000000
-0.0119876000000000
-0.0117586000000000
-0.0117441000000000
-0.0115404000000000
-0.0115236000000000
-0.0120092000000000
-0.0151389000000000
-0.0159464000000000
-0.0149917000000000
-0.0175114000000000
-0.0195263000000000
-0.0186046000000000
-0.0181000000000000
-0.0177900000000000
-0.0174883000000000
-0.0170263000000000
-0.0166254000000000
-0.0161230000000000
-0.0157500000000000
-0.0152852000000000
-0.0150060000000000
-0.0142508000000000
-0.0119826000000000
-0.00923540000000000
-0.00928652000000000
-0.00674302000000000
-0.00398924000000000
-0.00239244000000000
-0.000255546000000000
0.000787713000000000
0.00282775000000000
0.00409761000000000
0.00352081000000000
0.00338015000000000
0.00296610000000000
0.00279273000000000
0.00227881000000000
0.00509847000000000
0.00657382000000000
0.00587766000000000
0.00379690000000000
0.000530230000000000
0.000184501000000000
0.000266382000000000
-0.000203725000000000
-0.000446920000000000
-0.000651028000000000
-0.000742994000000000
-0.000994855000000000
-0.00110317000000000
-0.00145104000000000
-0.00210500000000000
-0.00473267000000000
-0.00626440000000000
-0.00763017000000000
-0.00902513000000000
-0.00973832000000000
-0.0101025000000000
-0.00994068000000000
-0.00968915000000000
-0.00961738000000000
-0.00981142000000000
-0.0118448000000000
-0.0134010000000000
-0.0129012000000000
-0.0140728000000000
-0.0163904000000000
-0.0162155000000000
-0.0153908000000000
-0.0149810000000000
-0.0146380000000000
-0.0140771000000000
-0.0139977000000000
-0.0150077000000000
-0.0148689000000000
-0.0128609000000000
-0.0128759000000000
-0.0150531000000000
-0.0147056000000000
-0.0153217000000000
-0.0179483000000000
-0.0173650000000000
-0.0162570000000000
-0.0156227000000000
-0.0154465000000000
-0.0161481000000000
-0.0156711000000000
-0.0146322000000000
-0.0140106000000000
-0.0131516000000000
-0.0129854000000000
-0.0145794000000000
-0.0158382000000000
-0.0145776000000000
-0.0165530000000000
-0.0178479000000000
-0.0186294000000000
-0.0196255000000000
-0.0177317000000000
-0.0151614000000000
-0.0141685000000000
-0.0118830000000000
-0.00964301000000000
-0.00749928000000000
-0.00541755000000000
-0.00354934000000000
-0.00144943000000000
0.00162415000000000
0.00269464000000000
0.00348401000000000
0.00538570000000000
0.00703693000000000
0.00837772000000000
0.0101909000000000
0.0124456000000000
0.0107959000000000
0.00851125000000000
0.00948456000000000
0.0107220000000000
0.0120879000000000
0.0121960000000000
0.0132883000000000
0.0145730000000000
0.0157946000000000
0.0163022000000000
0.0171624000000000
0.0201679000000000
0.0199320000000000
0.0219387000000000
0.0253498000000000
0.0272442000000000
0.0290460000000000
0.0299811000000000
0.0312462000000000
0.0330179000000000
0.0317871000000000
0.0304324000000000
0.0272713000000000
0.0247949000000000
0.0216152000000000
0.0184163000000000
0.0163962000000000
0.0147690000000000
0.0127489000000000
0.0129630000000000
0.0118798000000000
0.00875299000000000
0.00738831000000000
0.00558872000000000
0.00200884000000000
-0.00139813000000000
-0.00122655000000000
-0.000895930000000000
-0.000817066000000000
-0.000397984000000000
0.00225963000000000
0.00405631000000000
0.00414524000000000
0.00403038000000000
0.00568827000000000
0.00665695000000000
0.00810613000000000
0.00807629000000000
0.0101507000000000
0.0123367000000000
0.0130370000000000
0.0139393000000000
0.0141168000000000
0.0134675000000000
0.0138639000000000
0.0136902000000000
0.0127500000000000
0.0121610000000000
0.00976674000000000
0.00919798000000000
0.00757420000000000
0.00619239000000000
0.00598462000000000
0.00792244000000000
0.00917123000000000
0.0108451000000000
0.0127123000000000
0.0148422000000000
0.0156165000000000
0.0149997000000000
0.0157222000000000
0.0151712000000000
0.0141180000000000
0.0132269000000000
0.0124951000000000
0.0114861000000000
0.0116642000000000
0.0120237000000000
0.0123711000000000
0.0121468000000000
0.0113041000000000
0.00948993000000000
0.00746574000000000
0.00422921000000000
0.00163428000000000
0.000991969000000000
-0.000973308000000000
-0.00185286000000000
-0.00204067000000000
-0.00241969000000000
-0.00317158000000000
-0.00487842000000000
-0.00634211000000000
-0.00760660000000000
-0.00784919000000000
-0.00781795000000000
-0.00817321000000000
-0.00805673000000000
-0.00900426000000000
-0.0100866000000000
-0.0115191000000000
-0.0135616000000000
-0.0137980000000000
-0.0132719000000000
-0.0122785000000000
-0.00977549000000000
-0.00876340000000000
-0.00759789000000000
-0.00662681000000000
-0.00546029000000000
-0.00544212000000000
-0.00445120000000000
-0.00413776000000000
-0.00582480000000000
-0.00687845000000000
-0.00961777000000000
-0.0138266000000000
-0.0160395000000000
-0.0158586000000000
-0.0153360000000000
-0.0143496000000000
-0.0117886000000000
-0.00940106000000000
-0.00758440000000000
-0.00867284000000000
-0.0107493000000000
-0.0113953000000000
-0.0108625000000000
-0.00796003000000000
-0.00413806000000000
-0.00118179000000000
0.00274951000000000
0.00384999000000000
0.00217001000000000
0.000889464000000000
-0.000275112000000000
-0.000999124000000000
-0.00104079000000000
-0.00144521000000000
-0.000579525000000000
-0.000181405000000000
-0.000507672000000000
-0.00136779000000000
-0.00255659000000000
-0.00280119000000000
-0.00384851000000000
-0.00566809000000000
-0.00618211000000000
-0.00761500000000000
-0.00844008000000000
-0.00823069000000000
-0.00886063000000000
-0.00952544000000000
-0.0103076000000000
-0.0117061000000000
-0.0119155000000000
-0.0131753000000000
-0.0134370000000000
-0.0117348000000000
-0.00924150000000000
-0.00872145000000000
-0.00830687000000000
-0.00775068000000000
-0.00713361000000000
-0.00653688000000000
-0.00452136000000000
-0.00351886000000000
-0.00162995000000000
-0.000424892000000000
0.000620124000000000
0.00200539000000000
0.00348753000000000
0.00385392000000000
0.00507400000000000
0.00602889000000000
0.00716080000000000
0.00703951000000000
0.00734089000000000
0.00822432000000000
0.00892980000000000
0.00914837000000000
0.00829046000000000
0.00764180000000000
0.00661040000000000
0.00474172000000000
0.00299172000000000
0.00161644000000000
0.000834211000000000
-0.000374201000000000
-0.00174983000000000
-0.00290317000000000
-0.00334364000000000
-0.00382161000000000
-0.00406027000000000
-0.00389479000000000
-0.00339137000000000
-0.00276816000000000
-0.00222283000000000
-0.00172905000000000
-0.00107492000000000
-7.78140000000000e-05
0.000378030000000000
0.000205728000000000
0.000462096000000000
0.000704018000000000
0.000268623000000000
-0.000425735000000000
-0.000912392000000000
-0.00168501000000000
-0.00209947000000000
-0.00242053000000000
-0.00259805000000000
-0.00262033000000000
-0.00296796000000000
-0.00280273000000000
-0.00265767000000000
-0.00249076000000000
-0.00241775000000000
-0.00202168000000000
-0.00155226000000000
-0.00141957000000000
-0.00141032000000000
-0.00124530000000000
-0.00118253000000000
-0.00104744000000000
-0.00100099000000000
-0.000865230000000000
-0.000810628000000000
-0.000738183000000000
-0.000978731000000000
-0.000878250000000000
-0.000759130000000000
-0.000632949000000000
-0.000995011000000000
-0.00110806000000000
-0.00108208000000000
-0.00104945000000000
-0.00100644000000000
-0.000969392000000000
-0.00103463000000000
-0.000942968000000000
-0.00103425000000000
-0.000768469000000000
-0.000728074000000000
-0.000682958000000000
-0.000506113000000000
-0.000245330000000000
5.35507000000000e-05
0.000410914000000000
0.000767446000000000
0.00109361000000000
0.00145278000000000
0.00165451000000000
0.00187649000000000
0.00197272000000000
0.00213026000000000
0.00225668000000000
0.00237535000000000
0.00245652000000000
0.00253176000000000
0.00252722000000000
0.00256670000000000
0.00259068000000000
0.00260004000000000
0.00259355000000000
0.00261142000000000
0.00259210000000000
0.00250004000000000
0.00241349000000000
0.00229389000000000
0.00221115000000000
0.00216904000000000
0.00212368000000000
0.00207251000000000
0.00201021000000000
0.00192988000000000
0.00188953000000000
0.00182637000000000
0.00173588000000000
0.00166508000000000
0.00159127000000000
0.00150416000000000
0.00143882000000000
0.00134187000000000
0.00125124000000000
0.00117663000000000
0.00109994000000000
0.00100795000000000
0.000945853000000000
0.000882948000000000
0.000821709000000000
0.000775737000000000
0.000726650000000000
0.000670149000000000
0.000615902000000000
0.000571852000000000
0.000528734000000000
0.000483973000000000
0.000440708000000000
0.000397173000000000
0.000353755000000000
0.000310278000000000
0.000269633000000000
0.000228445000000000
0.000190989000000000
0.000154934000000000
0.000120093000000000
8.63281000000000e-05
5.45318000000000e-05
2.36233000000000e-05
-4.86332000000000e-06
-3.26088000000000e-05
-5.89674000000000e-05
-8.45410000000000e-05
-0.000108752000000000
-0.000132179000000000
-0.000154193000000000
-0.000175192000000000
-0.000194973000000000
-0.000213781000000000
-0.000231373000000000
-0.000247920000000000
-0.000263306000000000
-0.000277605000000000
-0.000290758000000000
-0.000302799000000000
-0.000313709000000000
-0.000323502000000000
0