0.000840908000000000
0.000844842000000000
0.000809548000000000
0.000824524000000000
0.000767966000000000
0.000719588000000000
0.000633285000000000
0.000590233000000000
0.000582391000000000
0.000699040000000000
0.000804032000000000
0.000948918000000000
0.000886992000000000
0.000787204000000000
0.000681208000000000
0.000623982000000000
0.000470536000000000
0.000444893000000000
0.000593798000000000
0.000608993000000000
0.000806893000000000
0.000687889000000000
0.000455271000000000
0.000201726000000000
-0.000411564000000000
-0.000947325000000000
-0.00113964000000000
-0.000740051000000000
8.40168000000000e-05
0.000437523000000000
0.000379079000000000
0.000458727000000000
9.56932000000000e-05
-0.000679532000000000
-0.00167743000000000
-0.00163689000000000
-0.000713804000000000
0.000893942000000000
0.00297113000000000
0.00422922000000000
0.00513870000000000
0.00532618000000000
0.00443563000000000
0.00363423000000000
0.00279510000000000
0.00167538000000000
0.000582654000000000
-0.000636907000000000
-0.00153810000000000
-0.000623149000000000
0.00160111000000000
0.00318490000000000
0.00321390000000000
0.00246817000000000
0.00147809000000000
-0.000139002000000000
-0.000388422000000000
0.000163284000000000
-0.000614712000000000
-0.00270317000000000
-0.00336527000000000
-0.00468386000000000
-0.00673838000000000
-0.00685280000000000
-0.00325225000000000
0.00260962000000000
0.00871487000000000
0.0126877000000000
0.0111481000000000
0.00741467000000000
0.00559935000000000
0.00536775000000000
0.00755841000000000
0.00940731000000000
0.00823257000000000
0.00260951000000000
-0.00417183000000000
-0.00864587000000000
-0.00814597000000000
-0.00495399000000000
0.00227509000000000
0.00938665000000000
0.0151056000000000
0.0176408000000000
0.0175268000000000
0.0145427000000000
0.00821459000000000
0.000696991000000000
-0.00730088000000000
-0.0139278000000000
-0.0173942000000000
-0.0180048000000000
-0.0152385000000000
-0.00735455000000000
0.00278663000000000
0.00902950000000000
0.00885834000000000
0.00520056000000000
0.000882190000000000
-0.000767596000000000
-0.00329848000000000
-0.00649952000000000
-0.00838826000000000
-0.00883560000000000
-0.00661331000000000
-0.00350816000000000
-0.000269602000000000
0.00294625000000000
0.00187531000000000
-0.00401170000000000
-0.0123452000000000
-0.0200975000000000
-0.0266216000000000
-0.0270661000000000
-0.0206595000000000
-0.00758329000000000
0.00539588000000000
0.0138275000000000
0.0194386000000000
0.0182804000000000
0.00890192000000000
-0.000668921000000000
-0.00874659000000000
-0.0143637000000000
-0.0196794000000000
-0.0221067000000000
-0.0185755000000000
-0.0111585000000000
-0.00327808000000000
0.00234704000000000
0.00538222000000000
0.00344354000000000
-0.00253787000000000
-0.0104470000000000
-0.0178144000000000
-0.0196811000000000
-0.0157050000000000
-0.00728751000000000
0.00177334000000000
0.0100023000000000
0.0166469000000000
0.0207350000000000
0.0200932000000000
0.0147668000000000
0.0111828000000000
0.0101795000000000
0.00818449000000000
0.00674850000000000
0.00911366000000000
0.0133827000000000
0.0171562000000000
0.0157423000000000
0.00950115000000000
-0.000169253000000000
-0.00952683000000000
-0.0144147000000000
-0.0134909000000000
-0.00956377000000000
-0.00603779000000000
-0.00107478000000000
0.00298415000000000
0.00590410000000000
0.00523821000000000
0.00328117000000000
0.00233918000000000
0.000615480000000000
-0.00173932000000000
-0.00218670000000000
0.000544236000000000
0.00799467000000000
0.0178452000000000
0.0277165000000000
0.0332296000000000
0.0348318000000000
0.0319091000000000
0.0281252000000000
0.0222669000000000
0.0161699000000000
0.00772055000000000
-0.00140933000000000
-0.0119613000000000
-0.0229312000000000
-0.0311600000000000
-0.0349468000000000
-0.0336790000000000
-0.0255949000000000
-0.0162442000000000
-0.00867655000000000
-0.00192444000000000
0.00275413000000000
0.00522868000000000
0.00894954000000000
0.0118243000000000
0.0146569000000000
0.0158431000000000
0.0139050000000000
0.0116647000000000
0.00994776000000000
0.0107860000000000
0.0137939000000000
0.0137003000000000
0.00823907000000000
-0.000595011000000000
-0.0117026000000000
-0.0200883000000000
-0.0185955000000000
-0.00589728000000000
0.0151923000000000
0.0366175000000000
0.0559332000000000
0.0651138000000000
0.0645262000000000
0.0550519000000000
0.0303742000000000
0.000741238000000000
-0.0271071000000000
-0.0513602000000000
-0.0604106000000000
-0.0571375000000000
-0.0393834000000000
-0.0144237000000000
0.00854659000000000
0.0240864000000000
0.0284460000000000
0.0181128000000000
-0.00395519000000000
-0.0286096000000000
-0.0449609000000000
-0.0517774000000000
-0.0477839000000000
-0.0348528000000000
-0.00682135000000000
0.0190881000000000
0.0302450000000000
0.0361933000000000
0.0347952000000000
0.0241442000000000
0.00941604000000000
-0.00290975000000000
-0.00764870000000000
-0.00848806000000000
-0.0104814000000000
-0.0150997000000000
-0.0219529000000000
-0.0332821000000000
-0.0471707000000000
-0.0603644000000000
-0.0642787000000000
-0.0575590000000000
-0.0376409000000000
-0.0147889000000000
0.00454846000000000
0.0166868000000000
0.0269960000000000
0.0363840000000000
0.0418328000000000
0.0439488000000000
0.0383969000000000
0.0215376000000000
0.00221954000000000
-0.0117020000000000
-0.0167498000000000
-0.0106186000000000
0.000146614000000000
0.00589848000000000
0.00315342000000000
-0.00227526000000000
-0.00377621000000000
0.00334337000000000
0.0159469000000000
0.0270768000000000
0.0273642000000000
0.0169769000000000
-0.000213955000000000
-0.0213999000000000
-0.0408336000000000
-0.0606136000000000
-0.0708995000000000
-0.0743553000000000
-0.0693833000000000
-0.0583478000000000
-0.0263466000000000
0.0131441000000000
0.0484454000000000
0.0691595000000000
0.0767167000000000
0.0743611000000000
0.0644021000000000
0.0472741000000000
0.0247541000000000
0.00233996000000000
-0.0149475000000000
-0.0218559000000000
-0.0217645000000000
-0.0128451000000000
0.00135946000000000
0.0127139000000000
0.0200768000000000
0.0218827000000000
0.0199729000000000
0.0178013000000000
0.0132615000000000
0.00667718000000000
-0.00233400000000000
-0.00983987000000000
-0.0151844000000000
-0.0194590000000000
-0.0248512000000000
-0.0330346000000000
-0.0415999000000000
-0.0476763000000000
-0.0484114000000000
-0.0458100000000000
-0.0357154000000000
-0.0179925000000000
0.00240761000000000
0.0179523000000000
0.0258474000000000
0.0260132000000000
0.0192309000000000
0.0104313000000000
0.000247196000000000
-0.0119415000000000
-0.0205118000000000
-0.0218519000000000
-0.0138347000000000
0.00172582000000000
0.0176481000000000
0.0265522000000000
0.0281012000000000
0.0245107000000000
0.0209083000000000
0.0212665000000000
0.0254315000000000
0.0330312000000000
0.0394197000000000
0.0411238000000000
0.0373439000000000
0.0240924000000000
0.00422819000000000
-0.0127002000000000
-0.0219749000000000
-0.0230832000000000
-0.0116283000000000
0.0114235000000000
0.0287677000000000
0.0391269000000000
0.0428046000000000
0.0361763000000000
0.0244279000000000
0.0147426000000000
0.00730022000000000
0.00390018000000000
0.00412024000000000
0.00455786000000000
0.00485315000000000
0.00400432000000000
-0.000248991000000000
-0.00952959000000000
-0.0227570000000000
-0.0382035000000000
-0.0506899000000000
-0.0602368000000000
-0.0678180000000000
-0.0729552000000000
-0.0781328000000000
-0.0849276000000000
-0.0915936000000000
-0.0945144000000000
-0.0937375000000000
-0.0909393000000000
-0.0862941000000000
-0.0831032000000000
-0.0830009000000000
-0.0874360000000000
-0.0970077000000000
-0.109746000000000
-0.118753000000000
-0.122454000000000
-0.112757000000000
-0.0846514000000000
-0.0404945000000000
-0.00632938000000000
0.0128694000000000
0.0230073000000000
0.0241713000000000
0.0178185000000000
0.00785189000000000
-0.00283281000000000
-0.00331533000000000
0.00686308000000000
0.0228646000000000
0.0344295000000000
0.0432858000000000
0.0508053000000000
0.0572801000000000
0.0609730000000000
0.0687426000000000
0.0824865000000000
0.108083000000000
0.140493000000000
0.166725000000000
0.166719000000000
0.128393000000000
0.0146649000000000
-0.0617029000000000
-0.0952312000000000
-0.120898000000000
-0.133036000000000
-0.136502000000000
-0.118659000000000
-0.0927083000000000
-0.0722080000000000
-0.0673380000000000
-0.0751625000000000
-0.0923003000000000
-0.109660000000000
-0.124326000000000
-0.124622000000000
-0.118316000000000
-0.0448582000000000
0.0788942000000000
0.152927000000000
0.197775000000000
0.230850000000000
0.236754000000000
0.221520000000000
0.176573000000000
0.108351000000000
0.0256395000000000
-0.0152926000000000
-0.0191396000000000
-0.00879918000000000
0.00823985000000000
0.0153325000000000
-0.0130061000000000
-0.0765078000000000
-0.129523000000000
-0.159677000000000
-0.189630000000000
-0.220558000000000
-0.235592000000000
-0.241080000000000
-0.233434000000000
-0.222145000000000
-0.207864000000000
-0.189907000000000
-0.162438000000000
-0.127821000000000
-0.0975376000000000
-0.0865210000000000
-0.0909780000000000
-0.0955892000000000
-0.0960377000000000
-0.0871305000000000
-0.0578159000000000
0.00703509000000000
0.0755539000000000
0.130049000000000
0.179593000000000
0.220108000000000
0.252678000000000
0.275530000000000
0.296985000000000
0.315232000000000
0.330264000000000
0.350583000000000
0.384564000000000
0.410041000000000
0.408977000000000
0.377503000000000
0.335288000000000
0.309222000000000
0.290967000000000
0.248555000000000
0.189958000000000
0.137253000000000
0.0861382000000000
0.0539661000000000
0.0413876000000000
0.0365092000000000
0.0413745000000000
0.0531404000000000
0.0651451000000000
0.0771059000000000
0.0915508000000000
0.0974254000000000
0.101147000000000
0.103309000000000
0.105020000000000
0.105420000000000
0.106188000000000
0.105337000000000
0.103987000000000
0.0888099000000000
0.0530079000000000
-0.0565433000000000
-0.202938000000000
-0.244741000000000
-0.210045000000000
-0.210879000000000
-0.235095000000000
-0.251707000000000
-0.235929000000000
-0.208555000000000
-0.178020000000000
-0.150329000000000
-0.135378000000000
-0.129499000000000
-0.132768000000000
-0.162256000000000
-0.196781000000000
-0.212176000000000
-0.159308000000000
-0.104479000000000
-0.0626616000000000
-0.0236729000000000
0.00668876000000000
0.0463910000000000
0.0513882000000000
0.0551380000000000
0.0806961000000000
0.0991660000000000
0.127577000000000
0.162220000000000
0.205520000000000
0.246129000000000
0.275531000000000
0.304067000000000
0.325336000000000
0.333368000000000
0.321938000000000
0.295881000000000
0.254699000000000
0.209647000000000
0.173921000000000
0.141581000000000
0.108796000000000
0.0773396000000000
0.0410928000000000
0.00474791000000000
-0.0314165000000000
-0.0644920000000000
-0.0869207000000000
-0.109749000000000
-0.138384000000000
-0.146245000000000
-0.140599000000000
-0.124882000000000
-0.0988958000000000
-0.0755136000000000
-0.0606926000000000
-0.0665142000000000
-0.0790671000000000
-0.0958201000000000
-0.119012000000000
-0.141956000000000
-0.168158000000000
-0.191975000000000
-0.216537000000000
-0.238215000000000
-0.257236000000000
-0.269837000000000
-0.279493000000000
-0.274614000000000
-0.255557000000000
-0.228501000000000
-0.196338000000000
-0.162748000000000
-0.131879000000000
-0.106617000000000
-0.0884159000000000
-0.0729524000000000
-0.0518694000000000
-0.0128321000000000
0.0338762000000000
0.0798865000000000
0.116778000000000
0.148302000000000
0.167988000000000
0.172222000000000
0.163675000000000
0.140077000000000
0.0939925000000000
0.0298584000000000
-0.0363624000000000
-0.0917145000000000
-0.128602000000000
-0.158765000000000
-0.178793000000000
-0.182008000000000
-0.152625000000000
-0.108548000000000
-0.0637322000000000
-0.00973592000000000
0.0311558000000000
0.0609851000000000
0.0865172000000000
0.102623000000000
0.104047000000000
0.0886801000000000
0.0382828000000000
-0.0299365000000000
-0.0838776000000000
-0.115647000000000
-0.144829000000000
-0.169603000000000
-0.186674000000000
-0.196745000000000
-0.193707000000000
-0.183433000000000
-0.169106000000000
-0.155112000000000
-0.142941000000000
-0.127832000000000
-0.107866000000000
-0.0852423000000000
-0.0601060000000000
-0.0339729000000000
-0.0129123000000000
-0.00542835000000000
-0.0108075000000000
-0.0245830000000000
-0.0418770000000000
-0.0554405000000000
-0.0660476000000000
-0.0785490000000000
-0.0960123000000000
-0.110668000000000
-0.124949000000000
-0.142012000000000
-0.157106000000000
-0.166503000000000
-0.173673000000000
-0.177920000000000
-0.170959000000000
-0.152782000000000
-0.115427000000000
-0.0641529000000000
-0.0119342000000000
0.0361062000000000
0.0795814000000000
0.118216000000000
0.159924000000000
0.192985000000000
0.211966000000000
0.226617000000000
0.236547000000000
0.250581000000000
0.269913000000000
0.293583000000000
0.309072000000000
0.313202000000000
0.315846000000000
0.309128000000000
0.297840000000000
0.274298000000000
0.253032000000000
0.240477000000000
0.233734000000000
0.224787000000000
0.209302000000000
0.184018000000000
0.160808000000000
0.139992000000000
0.122436000000000
0.109906000000000
0.103525000000000
0.100086000000000
0.0994751000000000
0.0921264000000000
0.0845610000000000
0.0568760000000000
0.0222344000000000
-0.0167097000000000
-0.0604754000000000
-0.105609000000000
-0.132060000000000
-0.145956000000000
-0.166134000000000
-0.183153000000000
-0.189365000000000
-0.190677000000000
-0.188525000000000
-0.178068000000000
-0.162301000000000
-0.140571000000000
-0.120261000000000
-0.106412000000000
-0.0949100000000000
-0.0833149000000000
-0.0663993000000000
-0.0348460000000000
0.0294805000000000
0.0962825000000000
0.142491000000000
0.184022000000000
0.214667000000000
0.226121000000000
0.220615000000000
0.194752000000000
0.135726000000000
0.0575627000000000
0.00454456000000000
-0.0237342000000000
-0.0301667000000000
-0.0131276000000000
0.0419060000000000
0.104581000000000
0.152912000000000
0.193968000000000
0.214928000000000
0.215263000000000
0.206043000000000
0.194453000000000
0.166534000000000
0.132139000000000
0.102454000000000
0.0797937000000000
0.0636552000000000
0.0536162000000000
0.0438825000000000
0.0287416000000000
0.00917778000000000
-0.0183218000000000
-0.0597914000000000
-0.104129000000000
-0.146378000000000
-0.178537000000000
-0.198957000000000
-0.215146000000000
-0.227300000000000
-0.228531000000000
-0.222575000000000
-0.217189000000000
-0.220449000000000
-0.226550000000000
-0.229800000000000
-0.232748000000000
-0.236168000000000
-0.240595000000000
-0.246189000000000
-0.236790000000000
-0.213253000000000
-0.197124000000000
-0.140191000000000
-0.0576394000000000
-0.000884044000000000
0.0270544000000000
0.0499607000000000
0.0578560000000000
0.0561158000000000
0.0509429000000000
0.0453451000000000
0.0438465000000000
0.0424197000000000
0.0475934000000000
0.0600335000000000
0.0805704000000000
0.107140000000000
0.144948000000000
0.182949000000000
0.228127000000000
0.281751000000000
0.322251000000000
0.334171000000000
0.306804000000000
0.229344000000000
0.156792000000000
0.0790748000000000
0.0160301000000000
-0.0132795000000000
-0.0339615000000000
-0.0481449000000000
-0.0587847000000000
-0.0683209000000000
-0.0785909000000000
-0.0862895000000000
-0.0887349000000000
-0.0817824000000000
-0.0684897000000000
-0.0520470000000000
-0.0355347000000000
-0.0202302000000000
-0.0107806000000000
-0.00849013000000000
-0.0106217000000000
-0.0152762000000000
-0.0206066000000000
-0.0260749000000000
-0.0330517000000000
-0.0425174000000000
-0.0519571000000000
-0.0640222000000000
-0.0786409000000000
-0.0921205000000000
-0.109320000000000
-0.122134000000000
-0.129198000000000
-0.130778000000000
-0.123316000000000
-0.102170000000000
-0.0719440000000000
-0.0471401000000000
-0.0320354000000000
-0.0220390000000000
-0.0166127000000000
-0.0178012000000000
-0.0224039000000000
-0.0290988000000000
-0.0353219000000000
-0.0405121000000000
-0.0413683000000000
-0.0366384000000000
-0.0279394000000000
-0.0143793000000000
-0.00132228000000000
0.00828159000000000
0.0128525000000000
0.0104154000000000
0.00521441000000000
-0.000888238000000000
-0.00557070000000000
-0.00812313000000000
-0.00901299000000000
-0.0119544000000000
-0.0152075000000000
-0.0220841000000000
-0.0305549000000000
-0.0446356000000000
-0.0572673000000000
-0.0746089000000000
-0.0944907000000000
-0.103623000000000
-0.105569000000000
-0.0997325000000000
-0.0875499000000000
-0.0654448000000000
-0.0490109000000000
-0.0425050000000000
-0.0430403000000000
-0.0505642000000000
-0.0613349000000000
-0.0699429000000000
-0.0731124000000000
-0.0671360000000000
-0.0478712000000000
-0.0196408000000000
0.0135852000000000
0.0419171000000000
0.0695981000000000
0.0893126000000000
0.105938000000000
0.116392000000000
0.124723000000000
0.131490000000000
0.138306000000000
0.141318000000000
0.141603000000000
0.134802000000000
0.116834000000000
0.0699158000000000
0.00429418000000000
-0.0534463000000000
-0.0908344000000000
-0.115836000000000
-0.129207000000000
-0.134581000000000
-0.131019000000000
-0.120247000000000
-0.0997878000000000
-0.0632672000000000
-0.0121079000000000
0.0355520000000000
0.0688997000000000
0.0955351000000000
0.117932000000000
0.134596000000000
0.142613000000000
0.139075000000000
0.123367000000000
0.0787805000000000
0.0206571000000000
-0.0357663000000000
-0.0735695000000000
-0.0936452000000000
-0.102838000000000
-0.101591000000000
-0.0839171000000000
-0.0454039000000000
-0.00391867000000000
0.0186290000000000
0.0284007000000000
0.0243611000000000
0.00822013000000000
-0.0144255000000000
-0.0334086000000000
-0.0466667000000000
-0.0485520000000000
-0.0415696000000000
-0.0178151000000000
0.0118469000000000
0.0374144000000000
0.0605776000000000
0.0767667000000000
0.0872169000000000
0.0952041000000000
0.102223000000000
0.111422000000000
0.122216000000000
0.134543000000000
0.147629000000000
0.159981000000000
0.167970000000000
0.168974000000000
0.160848000000000
0.142387000000000
0.111149000000000
0.0764696000000000
0.0416538000000000
0.0176071000000000
0.00545619000000000
-0.00188743000000000
0.00239084000000000
0.0133299000000000
0.0336775000000000
0.0483220000000000
0.0550378000000000
0.0562106000000000
0.0518480000000000
0.0459632000000000
0.0407621000000000
0.0366131000000000
0.0347155000000000
0.0347618000000000
0.0350038000000000
0.0357369000000000
0.0334404000000000
0.0296114000000000
0.0208443000000000
0.00991596000000000
-0.00424301000000000
-0.0178877000000000
-0.0323168000000000
-0.0489490000000000
-0.0659941000000000
-0.0834629000000000
-0.100262000000000
-0.112081000000000
-0.115140000000000
-0.112659000000000
-0.0993966000000000
-0.0731778000000000
-0.0458223000000000
-0.0192242000000000
-0.00526761000000000
-0.00225087000000000
-0.00182041000000000
-0.00351442000000000
-0.00123756000000000
0.00417538000000000
0.0106567000000000
0.0150123000000000
0.0169686000000000
0.0141140000000000
0.00975654000000000
0.00425466000000000
-0.00103523000000000
-0.00386469000000000
-0.00560620000000000
-0.00997088000000000
-0.0181476000000000
-0.0297875000000000
-0.0453847000000000
-0.0582853000000000
-0.0658038000000000
-0.0682815000000000
-0.0645655000000000
-0.0537132000000000
-0.0376473000000000
-0.0196392000000000
-0.00870789000000000
-0.00209839000000000
0.00267554000000000
0.00587161000000000
0.0100368000000000
0.0153275000000000
0.0193032000000000
0.0238887000000000
0.0267968000000000
0.0223741000000000
0.0133301000000000
-0.000495858000000000
-0.0129377000000000
-0.0218089000000000
-0.0252499000000000
-0.0252166000000000
-0.0170063000000000
-0.00453605000000000
0.00401779000000000
0.00796476000000000
0.00275690000000000
-0.00764809000000000
-0.0192488000000000
-0.0249165000000000
-0.0255072000000000
-0.0227514000000000
-0.0169374000000000
-0.00424269000000000
0.0129547000000000
0.0254517000000000
0.0315132000000000
0.0263420000000000
0.00817749000000000
-0.0150300000000000
-0.0387354000000000
-0.0621352000000000
-0.0820025000000000
-0.0930516000000000
-0.0983329000000000
-0.0992705000000000
-0.0949842000000000
-0.0835153000000000
-0.0665526000000000
-0.0502903000000000
-0.0365715000000000
-0.0305918000000000
-0.0293993000000000
-0.0301455000000000
-0.0310067000000000
-0.0305101000000000
-0.0290504000000000
-0.0255620000000000
-0.0224749000000000
-0.0177770000000000
-0.0113783000000000
-0.000179680000000000
0.0175444000000000
0.0362107000000000
0.0531461000000000
0.0692664000000000
0.0844454000000000
0.0985129000000000
0.109121000000000
0.117210000000000
0.120673000000000
0.119567000000000
0.115485000000000
0.109612000000000
0.102659000000000
0.0936385000000000
0.0736077000000000
0.0467931000000000
0.0215744000000000
-0.00345255000000000
-0.0199383000000000
-0.0252025000000000
-0.0277842000000000
-0.0290963000000000
-0.0300063000000000
-0.0326470000000000
-0.0355241000000000
-0.0380492000000000
-0.0367078000000000
-0.0307735000000000
-0.0204380000000000
-0.00966625000000000
0.000377348000000000
0.00612415000000000
0.00643381000000000
0.00261355000000000
-0.00783776000000000
-0.0210748000000000
-0.0351516000000000
-0.0493259000000000
-0.0603679000000000
-0.0633818000000000
-0.0562694000000000
-0.0350164000000000
-0.00677733000000000
0.0184655000000000
0.0419928000000000
0.0541390000000000
0.0541660000000000
0.0485105000000000
0.0363978000000000
0.0220897000000000
0.0123844000000000
0.00954113000000000
0.0121361000000000
0.0211839000000000
0.0342839000000000
0.0459623000000000
0.0546668000000000
0.0642398000000000
0.0700984000000000
0.0760507000000000
0.0801611000000000
0.0827302000000000
0.0864129000000000
0.0913511000000000
0.0939882000000000
0.0943182000000000
0.0888540000000000
0.0737427000000000
0.0498548000000000
0.0245944000000000
0.00674890000000000
-0.00317561000000000
-0.00792307000000000
-0.00869556000000000
-0.00426671000000000
0.00226496000000000
0.00769692000000000
0.00785209000000000
0.00196479000000000
-0.0100658000000000
-0.0212222000000000
-0.0306373000000000
-0.0373525000000000
-0.0412235000000000
-0.0416121000000000
-0.0379631000000000
-0.0329201000000000
-0.0289278000000000
-0.0262914000000000
-0.0256295000000000
-0.0272467000000000
-0.0295599000000000
-0.0302890000000000
-0.0305034000000000
-0.0331621000000000
-0.0342163000000000
-0.0358486000000000
-0.0386311000000000
-0.0426179000000000
-0.0487330000000000
-0.0559054000000000
-0.0636295000000000
-0.0691141000000000
-0.0696531000000000
-0.0612531000000000
-0.0390018000000000
-0.0110103000000000
0.0143908000000000
0.0321033000000000
0.0372296000000000
0.0332247000000000
0.0204695000000000
0.00250537000000000
-0.0119968000000000
-0.0173412000000000
-0.0133819000000000
-0.00181700000000000
0.0105622000000000
0.0216165000000000
0.0262733000000000
0.0247835000000000
0.0168945000000000
0.00655737000000000
-0.00714949000000000
-0.0183839000000000
-0.0268687000000000
-0.0353570000000000
-0.0425606000000000
-0.0500680000000000
-0.0566826000000000
-0.0621502000000000
-0.0627998000000000
-0.0579634000000000
-0.0510122000000000
-0.0420394000000000
-0.0301731000000000
-0.0209110000000000
-0.0136205000000000
-0.0121419000000000
-0.0141396000000000
-0.0197386000000000
-0.0275502000000000
-0.0328551000000000
-0.0358113000000000
-0.0370458000000000
-0.0348571000000000
-0.0318765000000000
-0.0288216000000000
-0.0260918000000000
-0.0239271000000000
-0.0206971000000000
-0.0159172000000000
-0.00919341000000000
0.000743780000000000
0.0110222000000000
0.0202475000000000
0.0268783000000000
0.0313749000000000
0.0327991000000000
0.0295603000000000
0.0230787000000000
0.0158856000000000
0.00853634000000000
0.00245361000000000
0.000536969000000000
0.00290887000000000
0.00873823000000000
0.0158680000000000
0.0223924000000000
0.0274654000000000
0.0302248000000000
0.0311666000000000
0.0289801000000000
0.0235250000000000
0.0171826000000000
0.0106165000000000
0.00523066000000000
0.00334927000000000
0.00247240000000000
0.000406586000000000
-0.000584062000000000
-0.000554686000000000
-0.000876993000000000
-0.000498836000000000
0.000493931000000000
0.00437747000000000
0.00830308000000000
0.0118965000000000
0.0163876000000000
0.0182660000000000
0.0156575000000000
0.0122006000000000
0.00675603000000000
-0.00253396000000000
-0.0151215000000000
-0.0278051000000000
-0.0374056000000000
-0.0455979000000000
-0.0509241000000000
-0.0534959000000000
-0.0540399000000000
-0.0531584000000000
-0.0529499000000000
-0.0521896000000000
-0.0496857000000000
-0.0448419000000000
-0.0355221000000000
-0.0220884000000000
-0.00585511000000000
0.00896147000000000
0.0225809000000000
0.0345542000000000
0.0445275000000000
0.0505313000000000
0.0538301000000000
0.0573859000000000
0.0593002000000000
0.0597347000000000
0.0597621000000000
0.0570364000000000
0.0502616000000000
0.0419110000000000
0.0332059000000000
0.0247450000000000
0.0179686000000000
0.0124935000000000
0.0106969000000000
0.0115153000000000
0.0139306000000000
0.0176530000000000
0.0220958000000000
0.0273831000000000
0.0316067000000000
0.0334409000000000
0.0338516000000000
0.0316146000000000
0.0242492000000000
0.0143836000000000
0.00283828000000000
-0.00965001000000000
-0.0204568000000000
-0.0297816000000000
-0.0371185000000000
-0.0422603000000000
-0.0449945000000000
-0.0426913000000000
-0.0387607000000000
-0.0343225000000000
-0.0320879000000000
-0.0303921000000000
-0.0301865000000000
-0.0308070000000000
-0.0294463000000000
-0.0268849000000000
-0.0257847000000000
-0.0271844000000000
-0.0307818000000000
-0.0352865000000000
-0.0386373000000000
-0.0419676000000000
-0.0438389000000000
-0.0426853000000000
-0.0373321000000000
-0.0292991000000000
-0.0186409000000000
-0.00448247000000000
0.00696088000000000
0.0131427000000000
0.0145541000000000
0.0145224000000000
0.0148093000000000
0.0149333000000000
0.0177906000000000
0.0220079000000000
0.0282252000000000
0.0351415000000000
0.0399951000000000
0.0428655000000000
0.0430969000000000
0.0403038000000000
0.0384096000000000
0.0351610000000000
0.0308774000000000
0.0252459000000000
0.0184790000000000
0.0120995000000000
0.00690814000000000
0.00366988000000000
-1.26566000000000e-05
-0.00537597000000000
-0.0137652000000000
-0.0207285000000000
-0.0268591000000000
-0.0322750000000000
-0.0374201000000000
-0.0410284000000000
-0.0416773000000000
-0.0415310000000000
-0.0401636000000000
-0.0359891000000000
-0.0289703000000000
-0.0204073000000000
-0.0127262000000000
-0.00506650000000000
0.000195015000000000
0.00639573000000000
0.0107499000000000
0.0135636000000000
0.0146283000000000
0.0123192000000000
0.0102562000000000
0.00795690000000000
0.00668804000000000
0.00812989000000000
0.0114354000000000
0.0161443000000000
0.0209487000000000
0.0239210000000000
0.0243184000000000
0.0245926000000000
0.0255130000000000
0.0270659000000000
0.0272976000000000
0.0302818000000000
0.0318761000000000
0.0328667000000000
0.0339672000000000
0.0305113000000000
0.0208178000000000
0.00915621000000000
-0.000256425000000000
-0.00524110000000000
-0.00334663000000000
0.00279674000000000
0.00997629000000000
0.0180461000000000
0.0243052000000000
0.0302884000000000
0.0326987000000000
0.0321384000000000
0.0287256000000000
0.0252225000000000
0.0210845000000000
0.0147984000000000
0.00848018000000000
0.00359553000000000
0.00176324000000000
0.00209107000000000
0.00423892000000000
0.00664526000000000
0.00758460000000000
0.00570993000000000
0.00293024000000000
-0.00179975000000000
-0.00815390000000000
-0.0145159000000000
-0.0207971000000000
-0.0269585000000000
-0.0291870000000000
-0.0287998000000000
-0.0248885000000000
-0.0204302000000000
-0.0164998000000000
-0.0166403000000000
-0.0211161000000000
-0.0265772000000000
-0.0307802000000000
-0.0349614000000000
-0.0368332000000000
-0.0381557000000000
-0.0366329000000000
-0.0318941000000000
-0.0218487000000000
-0.00815020000000000
0.00440186000000000
0.0125589000000000
0.0156966000000000
0.0158489000000000
0.0137108000000000
0.00893617000000000
0.00290494000000000
-0.00131111000000000
-0.00153234000000000
0.00156599000000000
0.00700585000000000
0.0129524000000000
0.0179571000000000
0.0197705000000000
0.0193164000000000
0.0160771000000000
0.00904936000000000
0.00115442000000000
-0.00635180000000000
-0.0149292000000000
-0.0222124000000000
-0.0275150000000000
-0.0296549000000000
-0.0282465000000000
-0.0234492000000000
-0.0170647000000000
-0.00959224000000000
-0.00108400000000000
0.00614462000000000
0.0132406000000000
0.0191731000000000
0.0253992000000000
0.0303704000000000
0.0339113000000000
0.0346503000000000
0.0334327000000000
0.0300565000000000
0.0272549000000000
0.0261945000000000
0.0262698000000000
0.0267296000000000
0.0256606000000000
0.0222185000000000
0.0170991000000000
0.0105474000000000
0.00588336000000000
0.00336502000000000
0.00366318000000000
0.00659112000000000
0.0110881000000000
0.0143943000000000
0.0171523000000000
0.0177708000000000
0.0174671000000000
0.0168543000000000
0.0162990000000000
0.0171746000000000
0.0178882000000000
0.0184885000000000
0.0171784000000000
0.0162533000000000
0.0155609000000000
0.0154715000000000
0.0160823000000000
0.0163837000000000
0.0159628000000000
0.0160209000000000
0.0156357000000000
0.0148527000000000
0.0119940000000000
0.0102226000000000
0.00755899000000000
0.00426972000000000
-0.00156323000000000
-0.00812277000000000
-0.0125853000000000
-0.0152630000000000
-0.0125380000000000
-0.00709369000000000
-0.00185027000000000
0.00147380000000000
0.00222225000000000
0.00331523000000000
0.00238690000000000
0.00218912000000000
0.00290376000000000
0.00451603000000000
0.00355833000000000
0.00131270000000000
-0.00211544000000000
-0.00706989000000000
-0.0111012000000000
-0.0121537000000000
-0.0128150000000000
-0.0118763000000000
-0.0113525000000000
-0.0103014000000000
-0.00707721000000000
-0.00645569000000000
-0.00611683000000000
-0.00645129000000000
-0.00961301000000000
-0.0148892000000000
-0.0204027000000000
-0.0259332000000000
-0.0305938000000000
-0.0323305000000000
-0.0312056000000000
-0.0268863000000000
-0.0224811000000000
-0.0184921000000000
-0.0158112000000000
-0.0131242000000000
-0.0103035000000000
-0.00829820000000000
-0.00845933000000000
-0.0111502000000000
-0.0124793000000000
-0.0137111000000000
-0.0159513000000000
-0.0182285000000000
-0.0195876000000000
-0.0186500000000000
-0.0159686000000000
-0.0155595000000000
-0.0153028000000000
-0.0145298000000000
-0.0161590000000000
-0.0199788000000000
-0.0228687000000000
-0.0269897000000000
-0.0311306000000000
-0.0318506000000000
-0.0299079000000000
-0.0255821000000000
-0.0179983000000000
-0.00963032000000000
-0.00432629000000000
-0.000577879000000000
0.00110704000000000
0.000938836000000000
-0.00201804000000000
-0.00659518000000000
-0.0110854000000000
-0.0153078000000000
-0.0176041000000000
-0.0182835000000000
-0.0154965000000000
-0.00903313000000000
-0.00123753000000000
0.00775985000000000
0.0156864000000000
0.0213279000000000
0.0251763000000000
0.0250903000000000
0.0227684000000000
0.0197803000000000
0.0162175000000000
0.0137543000000000
0.0112652000000000
0.00847982000000000
0.00467711000000000
-0.000814336000000000
-0.00540386000000000
-0.0100084000000000
-0.0122496000000000
-0.0132152000000000
-0.0124200000000000
-0.0120921000000000
-0.0119639000000000
-0.0134295000000000
-0.0146962000000000
-0.0127259000000000
-0.0106083000000000
-0.00687811000000000
-0.00178961000000000
0.00192051000000000
0.00503806000000000
0.00432610000000000
0.00218178000000000
-0.00108964000000000
-0.00291009000000000
-0.00563454000000000
-0.00632756000000000
-0.00593017000000000
-0.00357283000000000
-0.00226606000000000
-0.00153559000000000
-0.00246778000000000
-0.00406716000000000
-0.00544272000000000
-0.00595548000000000
-0.00466625000000000
-0.00226211000000000
0.00146592000000000
0.00408721000000000
0.00643793000000000
0.00772913000000000
0.00907803000000000
0.0119944000000000
0.0134087000000000
0.0160054000000000
0.0189687000000000
0.0208903000000000
0.0206479000000000
0.0200741000000000
0.0182223000000000
0.0160931000000000
0.0152355000000000
0.0131867000000000
0.0133680000000000
0.0163044000000000
0.0195461000000000
0.0226473000000000
0.0264024000000000
0.0289341000000000
0.0302203000000000
0.0318324000000000
0.0298497000000000
0.0250673000000000
0.0198105000000000
0.0162302000000000
0.0134762000000000
0.0126152000000000
0.0153111000000000
0.0203454000000000
0.0248256000000000
0.0277339000000000
0.0267329000000000
0.0208435000000000
0.00965344000000000
-0.00183993000000000
-0.0106656000000000
-0.0168929000000000
-0.0211276000000000
-0.0239908000000000
-0.0248721000000000
-0.0236342000000000
-0.0202936000000000
-0.0151421000000000
-0.0115793000000000
-0.00790096000000000
-0.00557243000000000
-0.00664673000000000
-0.00946939000000000
-0.0129652000000000
-0.0172960000000000
-0.0203748000000000
-0.0224968000000000
-0.0229875000000000
-0.0217691000000000
-0.0188934000000000
-0.0145480000000000
-0.00970152000000000
-0.00548539000000000
-0.00148651000000000
0.00297566000000000
0.00576219000000000
0.00860159000000000
0.00965672000000000
0.00972166000000000
0.0106046000000000
0.0122240000000000
0.0134349000000000
0.0141044000000000
0.0159007000000000
0.0169041000000000
0.0169445000000000
0.0151115000000000
0.0133955000000000
0.0125014000000000
0.0116163000000000
0.00902432000000000
0.00543580000000000
0.00204437000000000
-0.00135879000000000
-0.00438684000000000
-0.00561598000000000
-0.00590699000000000
-0.00568590000000000
-0.00525035000000000
-0.00426024000000000
-0.00302174000000000
-0.00347334000000000
-0.00528780000000000
-0.00920667000000000
-0.0136872000000000
-0.0193076000000000
-0.0229103000000000
-0.0235792000000000
-0.0223015000000000
-0.0174266000000000
-0.00884646000000000
3.03353000000000e-05
0.00676887000000000
0.00916276000000000
0.0104900000000000
0.0100730000000000
0.00766796000000000
0.00407309000000000
0.00109847000000000
9.02060000000000e-05
-0.000905737000000000
-0.00113125000000000
-0.00225390000000000
-0.00364197000000000
-0.00430800000000000
-0.00394920000000000
-0.00384714000000000
-0.00495538000000000
-0.00837844000000000
-0.0120737000000000
-0.0157802000000000
-0.0197868000000000
-0.0242435000000000
-0.0283862000000000
-0.0317683000000000
-0.0322655000000000
-0.0305554000000000
-0.0278990000000000
-0.0249098000000000
-0.0209033000000000
-0.0185901000000000
-0.0155771000000000
-0.0125227000000000
-0.00772601000000000
-0.00245105000000000
0.00508888000000000
0.0115294000000000
0.0182085000000000
0.0231658000000000
0.0254129000000000
0.0253149000000000
0.0227857000000000
0.0183842000000000
0.0132763000000000
0.00871217000000000
0.00489787000000000
0.00357920000000000
0.00589327000000000
0.0110780000000000
0.0174595000000000
0.0243420000000000
0.0301104000000000
0.0342959000000000
0.0372101000000000
0.0391438000000000
0.0401815000000000
0.0404293000000000
0.0380867000000000
0.0351018000000000
0.0313072000000000
0.0275002000000000
0.0225241000000000
0.0192296000000000
0.0165844000000000
0.0157638000000000
0.0154656000000000
0.0169076000000000
0.0190123000000000
0.0194083000000000
0.0167260000000000
0.0146924000000000
0.0146275000000000
0.0144102000000000
0.0141199000000000
0.0138860000000000
0.0142392000000000
0.0153036000000000
0.0145308000000000
0.0118440000000000
0.00872964000000000
0.00550864000000000
0.00160275000000000
-0.00189480000000000
-0.00485766000000000
-0.00790305000000000
-0.00921509000000000
-0.00930268000000000
-0.0102408000000000
-0.0122304000000000
-0.0135405000000000
-0.0144834000000000
-0.0162639000000000
-0.0176769000000000
-0.0174721000000000
-0.0182860000000000
-0.0207493000000000
-0.0236995000000000
-0.0285583000000000
-0.0324451000000000
-0.0353728000000000
-0.0367386000000000
-0.0388237000000000
-0.0399360000000000
-0.0394200000000000
-0.0396647000000000
-0.0392762000000000
-0.0383964000000000
-0.0371815000000000
-0.0356891000000000
-0.0328398000000000
-0.0314383000000000
-0.0283941000000000
-0.0256132000000000
-0.0225980000000000
-0.0187706000000000
-0.0155516000000000
-0.0125056000000000
-0.00826680000000000
-0.00573739000000000
-0.00318145000000000
-0.00209012000000000
-0.00288224000000000
-0.00515583000000000
-0.00768425000000000
-0.00994004000000000
-0.0115511000000000
-0.0119904000000000
-0.0119767000000000
-0.0110248000000000
-0.00909540000000000
-0.00680076000000000
-0.00454114000000000
-0.00238303000000000
-0.00225040000000000
-0.00311621000000000
-0.00373097000000000
-0.00431933000000000
-0.00396438000000000
-0.00415665000000000
-0.00408278000000000
-0.00279637000000000
-0.000208321000000000
0.000583625000000000
0.000564031000000000
-0.00108452000000000
-0.00380422000000000
-0.00527890000000000
-0.00565712000000000
-0.00509810000000000
-0.00233828000000000
0.00219545000000000
0.00712081000000000
0.0112009000000000
0.0145060000000000
0.0176255000000000
0.0183438000000000
0.0185389000000000
0.0195047000000000
0.0191478000000000
0.0178710000000000
0.0167905000000000
0.0163391000000000
0.0140509000000000
0.0118747000000000
0.0115470000000000
0.0108247000000000
0.0113376000000000
0.0124904000000000
0.0138869000000000
0.0141320000000000
0.0149461000000000
0.0161945000000000
0.0158469000000000
0.0151032000000000
0.0147648000000000
0.0133405000000000
0.0109227000000000
0.00835696000000000
0.00597188000000000
0.00412071000000000
0.00374126000000000
0.00319662000000000
0.00376878000000000
0.00340823000000000
0.00298613000000000
0.00175933000000000
0.00103117000000000
0.000762571000000000
0.000204301000000000
0.00115279000000000
0.00368603000000000
0.00520205000000000
0.00601876000000000
0.00683985000000000
0.00698660000000000
0.00593856000000000
0.00395171000000000
0.00332777000000000
0.00317194000000000
0.00342942000000000
0.00475769000000000
0.00594476000000000
0.00628816000000000
0.00619915000000000
0.00558160000000000
0.00457606000000000
0.00390789000000000
0.00252191000000000
0.00114425000000000
-0.000123753000000000
-0.00121979000000000
-0.00265054000000000
-0.00436688000000000
-0.00531206000000000
-0.00580140000000000
-0.00618633000000000
-0.00604793000000000
-0.00568612000000000
-0.00583642000000000
-0.00596310000000000
-0.00588243000000000
-0.00592743000000000
-0.00610332000000000
-0.00626246000000000
-0.00621925000000000
-0.00567665000000000
-0.00498854000000000
-0.00402809000000000
-0.00342458000000000
-0.00291781000000000
-0.00206536000000000
-0.00166341000000000
-0.00134644000000000
-0.000662002000000000
-0.000235846000000000
0.000200038000000000
0.000411286000000000
0.000416239000000000
0.000333318000000000
0.000178440000000000
0.000200345000000000
0.000312492000000000
0.000591536000000000
0.000673277000000000
0.000743506000000000
0.000878641000000000
0.000951701000000000
0.000939412000000000
0.000897884000000000
0.000856304000000000
0.000835915000000000
0.000778788000000000
0.000728936000000000
0.000674912000000000
0.000579767000000000
0.000488704000000000
0.000465627000000000
0.000465053000000000
0.000477963000000000
0.000490173000000000
0.000511131000000000
0.000494156000000000
0.000433931000000000
0.000346377000000000
0.000265824000000000
0.000209812000000000
0.000168172000000000
0.000144632000000000
0.000141412000000000
0.000126683000000000
0.000112034000000000
9.44478000000000e-05
6.52706000000000e-05
3.87435000000000e-05
1.01072000000000e-05
-2.12649000000000e-05
-5.25680000000000e-05
-8.13522000000000e-05
-0.000108452000000000
-0.000135302000000000
-0.000162145000000000
-0.000186645000000000
-0.000211972000000000
-0.000235395000000000
-0.000257868000000000
-0.000278327000000000
-0.000297384000000000
-0.000315012000000000
-0.000331629000000000
-0.000347248000000000
-0.000362096000000000
-0.000376104000000000
-0.000389333000000000
-0.000401742000000000
-0.000413333000000000
-0.000424085000000000
0