-0.000607842000000000
-0.000570445000000000
-0.000602807000000000
-0.000571423000000000
-0.000596258000000000
-0.000544373000000000
-0.000565592000000000
-0.000545089000000000
-0.000587947000000000
-0.000564187000000000
-0.000618535000000000
-0.000594045000000000
-0.000619699000000000
-0.000526877000000000
-0.000423981000000000
-0.000334435000000000
-0.000353339000000000
-0.000381658000000000
-0.000524421000000000
-0.000496723000000000
-0.000541551000000000
-0.000331488000000000
-7.96914000000000e-05
0.000315036000000000
0.000593028000000000
0.000298640000000000
5.36875000000000e-05
0.000215787000000000
0.000236339000000000
0.000201753000000000
3.58416000000000e-05
0.000113536000000000
0.000203340000000000
0.000199695000000000
-4.59898000000000e-05
-0.000543239000000000
-0.000545062000000000
-0.000156759000000000
-0.000107939000000000
-0.000338966000000000
-0.000726772000000000
-0.000803352000000000
-0.000844259000000000
-0.000814717000000000
-0.000816417000000000
-0.000799119000000000
5.09197000000000e-05
0.00154288000000000
0.00259709000000000
0.00365863000000000
0.00448119000000000
0.00512654000000000
0.00408678000000000
0.00421282000000000
0.00278057000000000
0.00155385000000000
0.000985880000000000
0.000782709000000000
0.000390635000000000
-0.000667580000000000
-0.00167218000000000
-0.00251774000000000
-0.00285347000000000
-0.00273583000000000
-0.00302241000000000
-0.00285936000000000
-0.00103435000000000
0.00186974000000000
0.00277735000000000
0.00248773000000000
0.00115044000000000
-0.000427471000000000
-0.00313585000000000
-0.00493199000000000
-0.00677240000000000
-0.00729264000000000
-0.00589961000000000
-0.00226629000000000
-0.000463067000000000
7.77310000000000e-05
0.00101148000000000
0.00217083000000000
0.00338337000000000
0.00393224000000000
0.00372424000000000
0.00396563000000000
0.00279604000000000
0.00171524000000000
-0.00121702000000000
-0.00526348000000000
-0.00863567000000000
-0.00958053000000000
-0.00999694000000000
-0.0106388000000000
-0.0119745000000000
-0.0112128000000000
-0.00961643000000000
-0.00853657000000000
-0.00774867000000000
-0.00563321000000000
-0.00181729000000000
0.00261813000000000
0.00550553000000000
0.00746021000000000
0.0107178000000000
0.0141434000000000
0.0133516000000000
0.0102779000000000
0.00561823000000000
-0.000185645000000000
-0.00486421000000000
-0.00575643000000000
-0.00378319000000000
-0.000329876000000000
0.00341099000000000
0.00789619000000000
0.0110092000000000
0.0109442000000000
0.00920578000000000
0.00741117000000000
0.00614806000000000
0.00529237000000000
0.00329266000000000
0.000532922000000000
-0.00321914000000000
-0.00741128000000000
-0.0103985000000000
-0.0122329000000000
-0.0120954000000000
-0.00867178000000000
-0.00613377000000000
-0.00434823000000000
-0.000763629000000000
0.00328253000000000
0.00600485000000000
0.00640049000000000
0.00441369000000000
0.00189522000000000
0.000287261000000000
-0.00108133000000000
-0.00167465000000000
-9.85469000000000e-07
0.00309134000000000
0.00540115000000000
0.00579348000000000
0.00582636000000000
0.00463541000000000
0.00200132000000000
-0.000589567000000000
-0.00273544000000000
-0.00313949000000000
-0.00306812000000000
-0.00237485000000000
-0.00140762000000000
-0.00174629000000000
-0.00264660000000000
-0.00262849000000000
0.000407383000000000
0.00161278000000000
-0.00213647000000000
-0.00644290000000000
-0.00783963000000000
-0.00865270000000000
-0.0106433000000000
-0.0131239000000000
-0.0149512000000000
-0.0122976000000000
-0.00442719000000000
0.00351267000000000
0.0103703000000000
0.0168500000000000
0.0217226000000000
0.0225952000000000
0.0209562000000000
0.0179321000000000
0.0151649000000000
0.0125140000000000
0.0112318000000000
0.0125894000000000
0.0155596000000000
0.0167900000000000
0.0149195000000000
0.00895340000000000
0.00117403000000000
-0.00569577000000000
-0.00845164000000000
-0.00917189000000000
-0.0130864000000000
-0.0182940000000000
-0.0228971000000000
-0.0278935000000000
-0.0341812000000000
-0.0388775000000000
-0.0388707000000000
-0.0327505000000000
-0.0205213000000000
-0.00610416000000000
0.00409762000000000
0.00887466000000000
0.00874225000000000
0.00532611000000000
0.00199318000000000
-0.000942208000000000
-0.00189380000000000
-0.000306864000000000
0.00183178000000000
0.00430956000000000
0.00549478000000000
0.00412871000000000
0.00270038000000000
-0.000830665000000000
-0.00596816000000000
-0.0124752000000000
-0.0189560000000000
-0.0251143000000000
-0.0310682000000000
-0.0371899000000000
-0.0417819000000000
-0.0449676000000000
-0.0438809000000000
-0.0389079000000000
-0.0314539000000000
-0.0242483000000000
-0.0167438000000000
-0.00755409000000000
0.00229690000000000
0.00849153000000000
0.0112455000000000
0.00969147000000000
0.00564385000000000
0.00186822000000000
0.000538384000000000
0.00446137000000000
0.0117062000000000
0.0236554000000000
0.0369553000000000
0.0456399000000000
0.0488262000000000
0.0461487000000000
0.0398612000000000
0.0333733000000000
0.0273347000000000
0.0217483000000000
0.0176637000000000
0.0198547000000000
0.0220873000000000
0.0163063000000000
0.00624496000000000
-0.00197631000000000
-0.00960336000000000
-0.0119682000000000
-0.00628247000000000
-0.000255313000000000
0.00638727000000000
0.00510487000000000
0.00399641000000000
0.0108875000000000
0.0162014000000000
0.0151431000000000
0.0100351000000000
0.00383801000000000
0.00102833000000000
0.00557057000000000
0.0101122000000000
0.0111160000000000
0.00589075000000000
0.000980003000000000
-0.00724305000000000
-0.0183995000000000
-0.0252974000000000
-0.0233539000000000
-0.0142773000000000
-0.000353174000000000
0.0113635000000000
0.0179601000000000
0.0224232000000000
0.0236125000000000
0.0200175000000000
0.00566880000000000
-0.0130141000000000
-0.0271018000000000
-0.0300529000000000
-0.0193629000000000
-0.00716566000000000
0.00408520000000000
0.0152550000000000
0.0194237000000000
0.0154337000000000
0.0106280000000000
0.0111083000000000
0.0172351000000000
0.0245840000000000
0.0294829000000000
0.0303456000000000
0.0253208000000000
0.0156069000000000
0.00939215000000000
0.00249036000000000
-0.00272863000000000
-0.00359263000000000
-0.00193985000000000
0.00516409000000000
0.0145746000000000
0.0215596000000000
0.0237546000000000
0.0218014000000000
0.0186674000000000
0.0150650000000000
0.00766288000000000
-0.000158652000000000
-0.00879057000000000
-0.0164909000000000
-0.0224022000000000
-0.0270723000000000
-0.0284069000000000
-0.0231249000000000
-0.0120087000000000
0.00192156000000000
0.0130429000000000
0.0237813000000000
0.0335966000000000
0.0394210000000000
0.0404393000000000
0.0345560000000000
0.0238992000000000
0.00892634000000000
-0.00656440000000000
-0.0210178000000000
-0.0345336000000000
-0.0383618000000000
-0.0310168000000000
-0.0240619000000000
-0.0265817000000000
-0.0355203000000000
-0.0430893000000000
-0.0473642000000000
-0.0480577000000000
-0.0440255000000000
-0.0359816000000000
-0.0259440000000000
-0.0153155000000000
-0.00521101000000000
0.00232714000000000
0.00494066000000000
0.000344731000000000
-0.00849505000000000
-0.0194194000000000
-0.0284181000000000
-0.0309171000000000
-0.0303208000000000
-0.0278599000000000
-0.0251452000000000
-0.0234382000000000
-0.0199252000000000
-0.0159481000000000
-0.0111112000000000
-0.00594915000000000
0.00322627000000000
0.0134096000000000
0.0219356000000000
0.0272401000000000
0.0290456000000000
0.0279366000000000
0.0274011000000000
0.0270795000000000
0.0294760000000000
0.0351910000000000
0.0440717000000000
0.0531375000000000
0.0642526000000000
0.0729701000000000
0.0779880000000000
0.0819406000000000
0.0828949000000000
0.0801342000000000
0.0625251000000000
0.0218196000000000
-0.0205031000000000
-0.0533754000000000
-0.0771123000000000
-0.0921550000000000
-0.100429000000000
-0.102587000000000
-0.0984729000000000
-0.0913431000000000
-0.0710436000000000
-0.0351849000000000
-0.00577722000000000
0.00955246000000000
0.0136391000000000
0.00664869000000000
-0.0150493000000000
-0.0406324000000000
-0.0639739000000000
-0.0855128000000000
-0.0976173000000000
-0.104562000000000
-0.102312000000000
-0.0912452000000000
-0.0396330000000000
0.0338071000000000
0.105481000000000
0.155201000000000
0.165610000000000
0.161519000000000
0.137314000000000
0.0852331000000000
0.0253872000000000
-0.0390327000000000
-0.0803867000000000
-0.0879642000000000
-0.0776670000000000
-0.0464467000000000
-0.00280916000000000
0.0378213000000000
0.0792879000000000
0.101274000000000
0.0782072000000000
0.0229445000000000
-0.0328311000000000
-0.0812586000000000
-0.116087000000000
-0.144687000000000
-0.166898000000000
-0.175146000000000
-0.164222000000000
-0.111340000000000
-0.0214380000000000
0.0427107000000000
0.0859614000000000
0.104202000000000
0.106059000000000
0.0944748000000000
0.0838556000000000
0.0867257000000000
0.0930208000000000
0.0962136000000000
0.0971343000000000
0.0979580000000000
0.0973412000000000
0.0932793000000000
0.0852011000000000
0.0732795000000000
0.0547453000000000
0.0317447000000000
0.0179059000000000
0.0192516000000000
0.0286686000000000
0.0460510000000000
0.0638186000000000
0.0890934000000000
0.111013000000000
0.116895000000000
0.111350000000000
0.100603000000000
0.0943780000000000
0.0971227000000000
0.103535000000000
0.109128000000000
0.114306000000000
0.113409000000000
0.106016000000000
0.0897220000000000
0.0680395000000000
0.0413179000000000
0.0122038000000000
-0.0140467000000000
-0.0314246000000000
-0.0473671000000000
-0.0606159000000000
-0.0602085000000000
-0.0562671000000000
-0.0670763000000000
-0.0832494000000000
-0.108737000000000
-0.138537000000000
-0.169838000000000
-0.193960000000000
-0.214746000000000
-0.237185000000000
-0.254917000000000
-0.275314000000000
-0.299771000000000
-0.312679000000000
-0.324817000000000
-0.339149000000000
-0.354525000000000
-0.363540000000000
-0.370044000000000
-0.372828000000000
-0.384438000000000
-0.395995000000000
-0.400870000000000
-0.385333000000000
-0.324908000000000
-0.101852000000000
0.142377000000000
0.273538000000000
0.370110000000000
0.433791000000000
0.462017000000000
0.467642000000000
0.476496000000000
0.482002000000000
0.474135000000000
0.453470000000000
0.419851000000000
0.337609000000000
0.236632000000000
0.115521000000000
-0.00959224000000000
-0.0769604000000000
-0.121984000000000
-0.132587000000000
-0.115325000000000
-0.0440500000000000
0.0818027000000000
0.172063000000000
0.224776000000000
0.261407000000000
0.274058000000000
0.266608000000000
0.243279000000000
0.203665000000000
0.157508000000000
0.104811000000000
0.0454877000000000
-0.0183931000000000
-0.0821166000000000
-0.145676000000000
-0.193583000000000
-0.232722000000000
-0.260668000000000
-0.270941000000000
-0.272909000000000
-0.267634000000000
-0.251636000000000
-0.236209000000000
-0.219398000000000
-0.203914000000000
-0.194221000000000
-0.181114000000000
-0.171111000000000
-0.173049000000000
-0.165240000000000
-0.148895000000000
-0.113968000000000
-0.0500220000000000
-0.00557981000000000
0.0320209000000000
0.0592980000000000
0.0678310000000000
0.0706055000000000
0.0705284000000000
0.0698029000000000
0.0638019000000000
0.0524282000000000
0.0358755000000000
0.0184502000000000
0.00210474000000000
-0.0214359000000000
-0.0481381000000000
-0.0647037000000000
-0.0717318000000000
-0.0657509000000000
-0.0422220000000000
-0.00395630000000000
0.0302079000000000
0.0660240000000000
0.0974435000000000
0.119851000000000
0.131219000000000
0.137376000000000
0.138540000000000
0.131868000000000
0.128007000000000
0.132644000000000
0.130247000000000
0.120330000000000
0.107501000000000
0.0916774000000000
0.0771904000000000
0.0602931000000000
0.0442797000000000
0.0340107000000000
0.0341592000000000
0.0382392000000000
0.0345591000000000
0.0271057000000000
0.0204211000000000
0.0158768000000000
0.0147701000000000
0.0212719000000000
0.0252789000000000
0.0223346000000000
0.0196362000000000
0.0184114000000000
0.0213239000000000
0.0309768000000000
0.0369433000000000
0.0303003000000000
0.0219919000000000
0.0165045000000000
0.0171361000000000
0.0150589000000000
0.00745462000000000
-0.00366524000000000
-0.0192667000000000
-0.0431543000000000
-0.0652586000000000
-0.0838072000000000
-0.0989713000000000
-0.104461000000000
-0.104714000000000
-0.0954438000000000
-0.0727452000000000
-0.0417661000000000
-0.0166406000000000
-0.00468269000000000
-0.00485361000000000
-0.0158602000000000
-0.0327591000000000
-0.0514086000000000
-0.0629043000000000
-0.0721074000000000
-0.0814912000000000
-0.0830866000000000
-0.0797631000000000
-0.0710869000000000
-0.0568935000000000
-0.0340660000000000
-0.000742353000000000
0.0411928000000000
0.0799131000000000
0.110933000000000
0.133954000000000
0.151992000000000
0.168221000000000
0.185026000000000
0.202439000000000
0.216160000000000
0.224419000000000
0.226012000000000
0.219903000000000
0.207225000000000
0.197434000000000
0.194297000000000
0.196536000000000
0.199737000000000
0.202431000000000
0.203580000000000
0.204204000000000
0.201621000000000
0.193503000000000
0.168958000000000
0.141578000000000
0.104190000000000
0.0506856000000000
-0.00372566000000000
-0.0493337000000000
-0.0928899000000000
-0.131760000000000
-0.161013000000000
-0.189841000000000
-0.212797000000000
-0.233521000000000
-0.253053000000000
-0.266380000000000
-0.274492000000000
-0.277304000000000
-0.272399000000000
-0.256410000000000
-0.229686000000000
-0.200666000000000
-0.173177000000000
-0.145093000000000
-0.116853000000000
-0.0930314000000000
-0.0848318000000000
-0.0864139000000000
-0.0867498000000000
-0.0893037000000000
-0.0910135000000000
-0.0961314000000000
-0.106112000000000
-0.120175000000000
-0.131316000000000
-0.145729000000000
-0.160323000000000
-0.168359000000000
-0.157604000000000
-0.136216000000000
-0.113843000000000
-0.0968996000000000
-0.0758728000000000
-0.0548181000000000
-0.0306981000000000
0.00106722000000000
0.0289528000000000
0.0389656000000000
0.0367137000000000
0.0323860000000000
0.0209587000000000
0.00198125000000000
-0.0151768000000000
-0.0208091000000000
-0.0166820000000000
-0.00687161000000000
0.0141337000000000
0.0415178000000000
0.0650488000000000
0.0894608000000000
0.113325000000000
0.137694000000000
0.155825000000000
0.165325000000000
0.176471000000000
0.190193000000000
0.208929000000000
0.224235000000000
0.240731000000000
0.256244000000000
0.270947000000000
0.280060000000000
0.284194000000000
0.283829000000000
0.285046000000000
0.285881000000000
0.288112000000000
0.287963000000000
0.285304000000000
0.279195000000000
0.268605000000000
0.245824000000000
0.215934000000000
0.186817000000000
0.158143000000000
0.127704000000000
0.0968352000000000
0.0726819000000000
0.0481542000000000
0.0160237000000000
-0.00500575000000000
-0.0419849000000000
-0.0874191000000000
-0.123603000000000
-0.156169000000000
-0.179232000000000
-0.193895000000000
-0.199840000000000
-0.198326000000000
-0.193557000000000
-0.186382000000000
-0.184225000000000
-0.187853000000000
-0.194584000000000
-0.197777000000000
-0.199903000000000
-0.198312000000000
-0.193660000000000
-0.184138000000000
-0.165237000000000
-0.114767000000000
-0.0522506000000000
0.00621973000000000
0.0438780000000000
0.0622605000000000
0.0690573000000000
0.0689079000000000
0.0669321000000000
0.0611294000000000
0.0546562000000000
0.0475010000000000
0.0413704000000000
0.0345369000000000
0.0246153000000000
0.0103817000000000
-0.00961937000000000
-0.0348792000000000
-0.0580697000000000
-0.0828260000000000
-0.103349000000000
-0.117641000000000
-0.128027000000000
-0.135225000000000
-0.141010000000000
-0.144973000000000
-0.147747000000000
-0.148753000000000
-0.152133000000000
-0.155754000000000
-0.159598000000000
-0.162298000000000
-0.166549000000000
-0.170839000000000
-0.177088000000000
-0.182554000000000
-0.186037000000000
-0.162404000000000
-0.120549000000000
-0.0780622000000000
-0.0406660000000000
0.00293081000000000
0.0384340000000000
0.0620135000000000
0.0742471000000000
0.0828543000000000
0.0919219000000000
0.0997278000000000
0.105170000000000
0.108568000000000
0.103821000000000
0.0938531000000000
0.0843976000000000
0.0811304000000000
0.0851036000000000
0.0873407000000000
0.0708392000000000
0.0507084000000000
0.00802837000000000
-0.0360210000000000
-0.0800644000000000
-0.117203000000000
-0.142777000000000
-0.160303000000000
-0.175577000000000
-0.181555000000000
-0.176456000000000
-0.162231000000000
-0.138079000000000
-0.114286000000000
-0.0904262000000000
-0.0741348000000000
-0.0697417000000000
-0.0763224000000000
-0.0924620000000000
-0.110820000000000
-0.118476000000000
-0.120230000000000
-0.109328000000000
-0.0923660000000000
-0.0567092000000000
-0.0153629000000000
0.0179671000000000
0.0423413000000000
0.0557240000000000
0.0624587000000000
0.0640760000000000
0.0642313000000000
0.0654457000000000
0.0677475000000000
0.0715039000000000
0.0769349000000000
0.0846141000000000
0.0958095000000000
0.111262000000000
0.128898000000000
0.142892000000000
0.149771000000000
0.142772000000000
0.131655000000000
0.122592000000000
0.116420000000000
0.116219000000000
0.119628000000000
0.123498000000000
0.120928000000000
0.0949486000000000
0.0575186000000000
0.0209131000000000
-0.0227908000000000
-0.0579110000000000
-0.0896027000000000
-0.115888000000000
-0.133506000000000
-0.144700000000000
-0.147266000000000
-0.141718000000000
-0.115505000000000
-0.0656359000000000
-0.0236585000000000
0.00334067000000000
0.0215087000000000
0.0375456000000000
0.0511658000000000
0.0610362000000000
0.0661596000000000
0.0678353000000000
0.0692017000000000
0.0683151000000000
0.0612253000000000
0.0499618000000000
0.0386176000000000
0.0353061000000000
0.0401625000000000
0.0495547000000000
0.0626651000000000
0.0700691000000000
0.0676826000000000
0.0583339000000000
0.0409278000000000
0.0206432000000000
0.000898553000000000
-0.0187467000000000
-0.0311167000000000
-0.0363690000000000
-0.0380908000000000
-0.0358206000000000
-0.0320276000000000
-0.0278658000000000
-0.0213158000000000
-0.00938033000000000
0.00934689000000000
0.0273603000000000
0.0462522000000000
0.0621877000000000
0.0723494000000000
0.0778103000000000
0.0797407000000000
0.0784446000000000
0.0723575000000000
0.0637294000000000
0.0427568000000000
0.0160379000000000
-0.00987761000000000
-0.0343545000000000
-0.0594313000000000
-0.0723589000000000
-0.0739247000000000
-0.0684597000000000
-0.0499622000000000
-0.0253227000000000
-0.00392470000000000
0.0191193000000000
0.0339820000000000
0.0397620000000000
0.0425090000000000
0.0420750000000000
0.0403596000000000
0.0360418000000000
0.0314935000000000
0.0278092000000000
0.0269239000000000
0.0287703000000000
0.0317955000000000
0.0387281000000000
0.0458664000000000
0.0545173000000000
0.0622983000000000
0.0673749000000000
0.0718573000000000
0.0745818000000000
0.0752911000000000
0.0738344000000000
0.0692681000000000
0.0592385000000000
0.0439089000000000
0.0248925000000000
0.00599854000000000
-0.00816636000000000
-0.0141828000000000
-0.0165855000000000
-0.0131521000000000
-0.00494524000000000
0.00409028000000000
0.0155158000000000
0.0271527000000000
0.0337695000000000
0.0364941000000000
0.0348976000000000
0.0267103000000000
0.00980856000000000
-0.00960460000000000
-0.0278882000000000
-0.0465361000000000
-0.0631141000000000
-0.0722171000000000
-0.0749756000000000
-0.0748342000000000
-0.0713607000000000
-0.0647588000000000
-0.0589600000000000
-0.0519858000000000
-0.0459402000000000
-0.0443750000000000
-0.0473398000000000
-0.0532237000000000
-0.0609476000000000
-0.0695529000000000
-0.0766852000000000
-0.0801096000000000
-0.0822927000000000
-0.0847982000000000
-0.0856524000000000
-0.0869131000000000
-0.0874250000000000
-0.0850625000000000
-0.0805297000000000
-0.0684924000000000
-0.0452651000000000
-0.0226894000000000
-0.000463267000000000
0.0183774000000000
0.0257208000000000
0.0285878000000000
0.0275915000000000
0.0245853000000000
0.0232195000000000
0.0235814000000000
0.0257417000000000
0.0287505000000000
0.0320154000000000
0.0393768000000000
0.0482837000000000
0.0550351000000000
0.0571809000000000
0.0523235000000000
0.0369534000000000
0.0179350000000000
0.000294479000000000
-0.0102202000000000
-0.0162958000000000
-0.0234392000000000
-0.0316968000000000
-0.0436788000000000
-0.0576308000000000
-0.0718799000000000
-0.0843526000000000
-0.0932470000000000
-0.0995693000000000
-0.104440000000000
-0.105841000000000
-0.104341000000000
-0.100265000000000
-0.0912801000000000
-0.0788776000000000
-0.0656438000000000
-0.0543323000000000
-0.0457319000000000
-0.0384241000000000
-0.0344306000000000
-0.0310902000000000
-0.0275068000000000
-0.0224149000000000
-0.0156813000000000
-0.00596551000000000
0.00492578000000000
0.0144160000000000
0.0232864000000000
0.0354039000000000
0.0514419000000000
0.0659809000000000
0.0765769000000000
0.0886302000000000
0.0984072000000000
0.105552000000000
0.109379000000000
0.110138000000000
0.107458000000000
0.0996337000000000
0.0853312000000000
0.0648879000000000
0.0436355000000000
0.0228874000000000
0.00243686000000000
-0.0176818000000000
-0.0331574000000000
-0.0433127000000000
-0.0498678000000000
-0.0521980000000000
-0.0515481000000000
-0.0460441000000000
-0.0361001000000000
-0.0192764000000000
-0.00125396000000000
0.0128075000000000
0.0192185000000000
0.0209871000000000
0.0187994000000000
0.0151634000000000
0.0116806000000000
0.00766250000000000
0.00344119000000000
0.000296663000000000
-0.000212962000000000
0.00299829000000000
0.0108648000000000
0.0221168000000000
0.0318319000000000
0.0364530000000000
0.0385769000000000
0.0397198000000000
0.0391922000000000
0.0365291000000000
0.0306910000000000
0.0224948000000000
0.0134249000000000
0.00418885000000000
-0.00349716000000000
-0.00790410000000000
-0.00752400000000000
0.000637070000000000
0.0206590000000000
0.0427794000000000
0.0586676000000000
0.0677074000000000
0.0735263000000000
0.0756759000000000
0.0729764000000000
0.0668171000000000
0.0548892000000000
0.0409990000000000
0.0299780000000000
0.0252437000000000
0.0243657000000000
0.0243743000000000
0.0264609000000000
0.0295535000000000
0.0318536000000000
0.0333053000000000
0.0318771000000000
0.0285056000000000
0.0250461000000000
0.0218903000000000
0.0188012000000000
0.0159643000000000
0.0160044000000000
0.0170218000000000
0.0182483000000000
0.0166296000000000
0.0128618000000000
0.00741082000000000
0.00222078000000000
-0.00159877000000000
-0.00505467000000000
-0.00792704000000000
-0.0107461000000000
-0.0136704000000000
-0.0168941000000000
-0.0185783000000000
-0.0188113000000000
-0.0192681000000000
-0.0189804000000000
-0.0187264000000000
-0.0174490000000000
-0.0158543000000000
-0.0155263000000000
-0.0162826000000000
-0.0187785000000000
-0.0239308000000000
-0.0301927000000000
-0.0354534000000000
-0.0376575000000000
-0.0379237000000000
-0.0360316000000000
-0.0329028000000000
-0.0294988000000000
-0.0263919000000000
-0.0246504000000000
-0.0229894000000000
-0.0205476000000000
-0.0163675000000000
-0.00909536000000000
0.000804073000000000
0.0115005000000000
0.0234411000000000
0.0342036000000000
0.0426077000000000
0.0476681000000000
0.0497987000000000
0.0484553000000000
0.0442161000000000
0.0384981000000000
0.0330004000000000
0.0261370000000000
0.0187459000000000
0.0134856000000000
0.0114685000000000
0.0143389000000000
0.0209149000000000
0.0280136000000000
0.0331170000000000
0.0359976000000000
0.0369096000000000
0.0350138000000000
0.0319786000000000
0.0284362000000000
0.0239798000000000
0.0189715000000000
0.0147594000000000
0.0102115000000000
0.00560493000000000
-6.79746000000000e-05
-0.00637963000000000
-0.0118105000000000
-0.0143806000000000
-0.0149456000000000
-0.0159644000000000
-0.0164120000000000
-0.0177837000000000
-0.0204959000000000
-0.0224251000000000
-0.0255827000000000
-0.0290714000000000
-0.0340255000000000
-0.0410247000000000
-0.0468356000000000
-0.0512959000000000
-0.0554219000000000
-0.0557675000000000
-0.0548379000000000
-0.0504605000000000
-0.0441062000000000
-0.0366404000000000
-0.0306984000000000
-0.0262669000000000
-0.0226935000000000
-0.0201535000000000
-0.0195260000000000
-0.0199858000000000
-0.0194249000000000
-0.0189623000000000
-0.0181769000000000
-0.0172022000000000
-0.0171530000000000
-0.0180603000000000
-0.0183556000000000
-0.0186227000000000
-0.0184700000000000
-0.0175876000000000
-0.0170736000000000
-0.0158211000000000
-0.0144014000000000
-0.0128683000000000
-0.0122910000000000
-0.0118188000000000
-0.00971133000000000
-0.00839065000000000
-0.00652908000000000
-0.00458783000000000
-0.00275886000000000
-0.000406268000000000
0.00337431000000000
0.00676094000000000
0.00934509000000000
0.0120565000000000
0.0130824000000000
0.0128090000000000
0.0125904000000000
0.0103795000000000
0.00716093000000000
0.00165603000000000
-0.00345962000000000
-0.00665969000000000
-0.00804244000000000
-0.00622805000000000
-0.000213269000000000
0.00776759000000000
0.0164047000000000
0.0227081000000000
0.0255450000000000
0.0260206000000000
0.0243679000000000
0.0214908000000000
0.0174164000000000
0.0138616000000000
0.0116226000000000
0.00988294000000000
0.00869042000000000
0.00707375000000000
0.00541774000000000
0.00416392000000000
0.00288906000000000
0.00154377000000000
-0.00120433000000000
-0.00335333000000000
-0.00413076000000000
-0.00185645000000000
0.00202340000000000
0.00886868000000000
0.0158590000000000
0.0222275000000000
0.0278266000000000
0.0332903000000000
0.0376019000000000
0.0384434000000000
0.0387251000000000
0.0373559000000000
0.0352567000000000
0.0315449000000000
0.0289952000000000
0.0266659000000000
0.0266626000000000
0.0297349000000000
0.0335442000000000
0.0397328000000000
0.0472016000000000
0.0518706000000000
0.0534955000000000
0.0518216000000000
0.0469386000000000
0.0394368000000000
0.0292293000000000
0.0171299000000000
0.00641877000000000
-0.00522268000000000
-0.0194753000000000
-0.0314128000000000
-0.0405819000000000
-0.0476128000000000
-0.0512824000000000
-0.0520205000000000
-0.0502828000000000
-0.0465907000000000
-0.0419016000000000
-0.0377134000000000
-0.0315847000000000
-0.0256732000000000
-0.0220395000000000
-0.0185430000000000
-0.0162091000000000
-0.0142837000000000
-0.0118467000000000
-0.00876546000000000
-0.00784317000000000
-0.00647382000000000
-0.00410933000000000
-0.00224116000000000
0.000611454000000000
0.00451840000000000
0.00703791000000000
0.00987875000000000
0.0116201000000000
0.00975585000000000
0.00305835000000000
-0.00562262000000000
-0.0175516000000000
-0.0273093000000000
-0.0337673000000000
-0.0359217000000000
-0.0331388000000000
-0.0262764000000000
-0.0155940000000000
-0.00509579000000000
0.00209323000000000
0.00632056000000000
0.00601331000000000
0.00110587000000000
-0.00594785000000000
-0.0128476000000000
-0.0194590000000000
-0.0242914000000000
-0.0271034000000000
-0.0284043000000000
-0.0289117000000000
-0.0286341000000000
-0.0288317000000000
-0.0285611000000000
-0.0281310000000000
-0.0269393000000000
-0.0246564000000000
-0.0193748000000000
-0.0127512000000000
-0.00480648000000000
0.00240702000000000
0.00836855000000000
0.0124145000000000
0.0144727000000000
0.0150905000000000
0.0154322000000000
0.0169080000000000
0.0173717000000000
0.0183760000000000
0.0195018000000000
0.0185265000000000
0.0164391000000000
0.0131969000000000
0.0110881000000000
0.00788096000000000
0.00570371000000000
0.00522478000000000
0.00509782000000000
0.00426352000000000
0.00333053000000000
0.00173253000000000
0.000616773000000000
0.000672483000000000
0.000741988000000000
-0.000820973000000000
-0.00237670000000000
-0.00449646000000000
-0.00662982000000000
-0.00813521000000000
-0.00927261000000000
-0.00896524000000000
-0.00865242000000000
-0.00599817000000000
-0.00307991000000000
-0.00126540000000000
0.000244454000000000
0.000227953000000000
6.61415000000000e-05
-0.00115444000000000
-0.00303096000000000
-0.00459194000000000
-0.00549794000000000
-0.00442349000000000
-0.00117990000000000
0.00340318000000000
0.00803265000000000
0.0118396000000000
0.0130939000000000
0.0134686000000000
0.0123984000000000
0.00968078000000000
0.00725144000000000
0.00617267000000000
0.00582002000000000
0.00645909000000000
0.00822142000000000
0.0100364000000000
0.0125259000000000
0.0163051000000000
0.0216559000000000
0.0277217000000000
0.0328347000000000
0.0373701000000000
0.0408739000000000
0.0417133000000000
0.0390008000000000
0.0332203000000000
0.0238822000000000
0.0153865000000000
0.00852826000000000
0.00446349000000000
0.00190470000000000
-0.000532563000000000
-0.00355241000000000
-0.00729112000000000
-0.0106410000000000
-0.0120861000000000
-0.0119862000000000
-0.00933378000000000
-0.00347818000000000
0.00200224000000000
0.00657324000000000
0.00994422000000000
0.0113195000000000
0.00993795000000000
0.00855344000000000
0.00870536000000000
0.00823504000000000
0.00933887000000000
0.0102541000000000
0.0103780000000000
0.00958652000000000
0.00607518000000000
0.000564566000000000
-0.00498506000000000
-0.0114275000000000
-0.0162390000000000
-0.0203368000000000
-0.0236834000000000
-0.0262345000000000
-0.0276590000000000
-0.0289037000000000
-0.0278144000000000
-0.0258155000000000
-0.0234322000000000
-0.0215345000000000
-0.0200726000000000
-0.0204770000000000
-0.0221046000000000
-0.0250272000000000
-0.0285844000000000
-0.0331891000000000
-0.0380905000000000
-0.0423425000000000
-0.0456333000000000
-0.0477428000000000
-0.0486726000000000
-0.0468935000000000
-0.0416427000000000
-0.0330580000000000
-0.0204164000000000
-0.00787797000000000
0.00280400000000000
0.0103235000000000
0.0138188000000000
0.0150265000000000
0.0143307000000000
0.0117686000000000
0.00723986000000000
0.00227116000000000
-0.00377080000000000
-0.00857705000000000
-0.0124727000000000
-0.0130823000000000
-0.0128263000000000
-0.0120089000000000
-0.0100843000000000
-0.00717432000000000
-0.00370978000000000
-1.88466000000000e-05
0.00386615000000000
0.00865933000000000
0.0134007000000000
0.0169003000000000
0.0183857000000000
0.0184192000000000
0.0168771000000000
0.0160608000000000
0.0155416000000000
0.0153351000000000
0.0142614000000000
0.0120376000000000
0.00875820000000000
0.00511622000000000
0.00262866000000000
0.000731051000000000
0.00148617000000000
0.00317636000000000
0.00543694000000000
0.00902051000000000
0.0121089000000000
0.0143117000000000
0.0164031000000000
0.0180420000000000
0.0180092000000000
0.0176232000000000
0.0173791000000000
0.0177411000000000
0.0201220000000000
0.0236557000000000
0.0275755000000000
0.0311960000000000
0.0338447000000000
0.0365050000000000
0.0373218000000000
0.0367683000000000
0.0354928000000000
0.0325595000000000
0.0270740000000000
0.0210167000000000
0.0129613000000000
0.00521589000000000
-0.000870933000000000
-0.00493595000000000
-0.00431337000000000
-0.000906178000000000
0.00450183000000000
0.0103491000000000
0.0152395000000000
0.0187480000000000
0.0206269000000000
0.0205791000000000
0.0193811000000000
0.0156726000000000
0.0111831000000000
0.00639089000000000
0.00141920000000000
-0.00285405000000000
-0.00650178000000000
-0.00892723000000000
-0.00940691000000000
-0.0111428000000000
-0.0115400000000000
-0.0118498000000000
-0.0123356000000000
-0.0131725000000000
-0.0129441000000000
-0.0139319000000000
-0.0147219000000000
-0.0144827000000000
-0.0142278000000000
-0.0143242000000000
-0.0131459000000000
-0.0116140000000000
-0.0115084000000000
-0.0108419000000000
-0.00978955000000000
-0.00897941000000000
-0.00922157000000000
-0.0109563000000000
-0.0131018000000000
-0.0171574000000000
-0.0209209000000000
-0.0248016000000000
-0.0275696000000000
-0.0275504000000000
-0.0253512000000000
-0.0194257000000000
-0.0121222000000000
-0.00485723000000000
0.000680598000000000
0.00633928000000000
0.0115575000000000
0.0165595000000000
0.0208032000000000
0.0242019000000000
0.0251462000000000
0.0239317000000000
0.0207608000000000
0.0145001000000000
0.00804608000000000
0.00285586000000000
-0.00205970000000000
-0.00528241000000000
-0.00772499000000000
-0.00874223000000000
-0.0104635000000000
-0.0108226000000000
-0.0119727000000000
-0.0142315000000000
-0.0165231000000000
-0.0198232000000000
-0.0235535000000000
-0.0275078000000000
-0.0319167000000000
-0.0338270000000000
-0.0343283000000000
-0.0335131000000000
-0.0308141000000000
-0.0253403000000000
-0.0202380000000000
-0.0137111000000000
-0.00632361000000000
0.000803927000000000
0.00782161000000000
0.0141301000000000
0.0179884000000000
0.0192135000000000
0.0189228000000000
0.0148058000000000
0.00943685000000000
0.00423955000000000
0.000631397000000000
-0.00259290000000000
-0.00342374000000000
-0.000285249000000000
0.00521700000000000
0.0128395000000000
0.0202368000000000
0.0248956000000000
0.0271274000000000
0.0267537000000000
0.0237737000000000
0.0191064000000000
0.0137317000000000
0.00914627000000000
0.00539417000000000
0.00303902000000000
0.00166014000000000
0.00280546000000000
0.00531883000000000
0.00842946000000000
0.0114474000000000
0.0145388000000000
0.0170040000000000
0.0196400000000000
0.0198471000000000
0.0173410000000000
0.0129870000000000
0.00541811000000000
-0.00464997000000000
-0.0149715000000000
-0.0226174000000000
-0.0278777000000000
-0.0312973000000000
-0.0322665000000000
-0.0299121000000000
-0.0271210000000000
-0.0234245000000000
-0.0194664000000000
-0.0157868000000000
-0.0126091000000000
-0.00938179000000000
-0.00656213000000000
-0.00696600000000000
-0.0102572000000000
-0.0153981000000000
-0.0219722000000000
-0.0279740000000000
-0.0323966000000000
-0.0347293000000000
-0.0351839000000000
-0.0345476000000000
-0.0317944000000000
-0.0263530000000000
-0.0214308000000000
-0.0165508000000000
-0.0142524000000000
-0.0142243000000000
-0.0153681000000000
-0.0159596000000000
-0.0173841000000000
-0.0174918000000000
-0.0149970000000000
-0.0122529000000000
-0.00864176000000000
-0.00373064000000000
0.00137803000000000
0.00572607000000000
0.00939638000000000
0.0122234000000000
0.0134585000000000
0.0123631000000000
0.00921882000000000
0.00626838000000000
0.00313294000000000
0.000402107000000000
-0.00163247000000000
-0.00190335000000000
-0.00292570000000000
-0.00497335000000000
-0.00544321000000000
-0.00463473000000000
-0.00152838000000000
0.00207590000000000
0.00487650000000000
0.00685606000000000
0.00823048000000000
0.00940590000000000
0.00976282000000000
0.00981118000000000
0.00879729000000000
0.00777007000000000
0.00649019000000000
0.00634598000000000
0.00643054000000000
0.00880926000000000
0.0113914000000000
0.0141378000000000
0.0168411000000000
0.0189741000000000
0.0191948000000000
0.0182248000000000
0.0160742000000000
0.0120806000000000
0.00604966000000000
-0.000580654000000000
-0.00657802000000000
-0.0123852000000000
-0.0163706000000000
-0.0200422000000000
-0.0214803000000000
-0.0226631000000000
-0.0217152000000000
-0.0196642000000000
-0.0175627000000000
-0.0169211000000000
-0.0152550000000000
-0.0140867000000000
-0.0157028000000000
-0.0158982000000000
-0.0163404000000000
-0.0163406000000000
-0.0138896000000000
-0.0110012000000000
-0.00655166000000000
-0.000206717000000000
0.00624891000000000
0.0127638000000000
0.0172937000000000
0.0195742000000000
0.0197068000000000
0.0191009000000000
0.0188709000000000
0.0189993000000000
0.0187442000000000
0.0190974000000000
0.0193587000000000
0.0194819000000000
0.0190381000000000
0.0171625000000000
0.0162615000000000
0.0166846000000000
0.0179984000000000
0.0189797000000000
0.0194745000000000
0.0187501000000000
0.0175226000000000
0.0160457000000000
0.0139657000000000
0.0112646000000000
0.00828397000000000
0.00561393000000000
0.00305136000000000
0.00111312000000000
-0.00178859000000000
-0.00288247000000000
-0.00164822000000000
-0.000326807000000000
0.00125518000000000
0.00334267000000000
0.00594241000000000
0.00696908000000000
0.00803036000000000
0.00869380000000000
0.00812989000000000
0.00641980000000000
0.00355263000000000
0.000880693000000000
-0.00192793000000000
-0.00483371000000000
-0.00680403000000000
-0.00808591000000000
-0.00805958000000000
-0.00807034000000000
-0.00959517000000000
-0.0122065000000000
-0.0143888000000000
-0.0166635000000000
-0.0178790000000000
-0.0182363000000000
-0.0181330000000000
-0.0163749000000000
-0.0138295000000000
-0.0108616000000000
-0.00770975000000000
-0.00507474000000000
-0.00379261000000000
-0.00231060000000000
-0.00137999000000000
-0.00168146000000000
-0.000924188000000000
0.000620454000000000
0.00259946000000000
0.00661290000000000
0.0107832000000000
0.0152966000000000
0.0201670000000000
0.0237948000000000
0.0265447000000000
0.0283937000000000
0.0290242000000000
0.0282404000000000
0.0266376000000000
0.0238315000000000
0.0189676000000000
0.0148507000000000
0.0101029000000000
0.00531752000000000
0.00278526000000000
0.00161214000000000
0.00147050000000000
0.00208753000000000
0.00348271000000000
0.00334976000000000
0.00283674000000000
0.00202098000000000
0.000904267000000000
0.000119330000000000
-0.000449715000000000
-0.000482157000000000
-0.000496018000000000
-0.000726361000000000
-0.00105449000000000
-0.00154256000000000
-0.00277986000000000
-0.00388487000000000
-0.00504976000000000
-0.00456653000000000
-0.00249732000000000
-0.000277857000000000
0.00180456000000000
0.00447959000000000
0.00609719000000000
0.00676276000000000
0.00641254000000000
0.00603844000000000
0.00432144000000000
0.00259998000000000
0.000993981000000000
-0.00152503000000000
-0.00483774000000000
-0.00704087000000000
-0.00885838000000000
-0.0103529000000000
-0.0120445000000000
-0.0130184000000000
-0.0133544000000000
-0.0132420000000000
-0.0118406000000000
-0.0103883000000000
-0.00874417000000000
-0.00688927000000000
-0.00535913000000000
-0.00387272000000000
-0.00182141000000000
0.000228417000000000
0.000732610000000000
8.67856000000000e-05
-0.000930512000000000
-0.00306128000000000
-0.00634883000000000
-0.00869363000000000
-0.00984239000000000
-0.00989773000000000
-0.00974073000000000
-0.00847462000000000
-0.00650579000000000
-0.00403778000000000
-0.00117183000000000
0.00205154000000000
0.00567177000000000
0.00816697000000000
0.00959003000000000
0.0103604000000000
0.00990533000000000
0.00922466000000000
0.00892433000000000
0.00866559000000000
0.00808344000000000
0.00681755000000000
0.00550983000000000
0.00445311000000000
0.00364797000000000
0.00338099000000000
0.00342791000000000
0.00360566000000000
0.00347087000000000
0.00342761000000000
0.00271580000000000
0.00166191000000000
0.000570149000000000
-0.000292248000000000
-0.000927674000000000
-0.00125970000000000
-0.00130984000000000
-0.00112701000000000
-0.000512243000000000
7.89257000000000e-05
0.000734253000000000
0.00132662000000000
0.00174018000000000
0.00203215000000000
0.00227849000000000
0.00228961000000000
0.00223100000000000
0.00194990000000000
0.00161067000000000
0.00131547000000000
0.00102493000000000
0.000914098000000000
0.00103007000000000
0.00113882000000000
0.00127081000000000
0.00134958000000000
0.00134929000000000
0.00129879000000000
0.00125713000000000
0.00113373000000000
0.000992789000000000
0.000864669000000000
0.000714671000000000
0.000525387000000000
0.000293183000000000
8.49088000000000e-05
-0.000120239000000000
-0.000309688000000000
-0.000480533000000000
-0.000644714000000000
-0.000811394000000000
-0.000984665000000000
-0.00114237000000000
-0.00128298000000000
-0.00140823000000000
-0.00150751000000000
-0.00159700000000000
-0.00168591000000000
-0.00176944000000000
-0.00185472000000000
-0.00193599000000000
-0.00201104000000000
-0.00208559000000000
-0.00215203000000000
-0.00221145000000000
-0.00226549000000000
-0.00231282000000000
-0.00235457000000000
-0.00238871000000000
-0.00241562000000000
-0.00243681000000000
-0.00245138000000000
-0.00246068000000000
-0.00246475000000000
-0.00246346000000000
-0.00245700000000000
-0.00244546000000000
-0.00242915000000000
-0.00240818000000000
-0.00238292000000000
-0.00235352000000000
-0.00232021000000000
-0.00228312000000000
-0.00224240000000000
-0.00219817000000000
-0.00215049000000000
0