0.000342455000000000
0.000342039000000000
0.000344631000000000
0.000349778000000000
0.000361747000000000
0.000366035000000000
0.000331825000000000
0.000327342000000000
0.000324447000000000
0.000159673000000000
-9.15757000000000e-06
9.77367000000000e-07
3.31725000000000e-05
-7.42863000000000e-06
-8.72289000000000e-05
-2.78431000000000e-05
0.000205653000000000
0.000410113000000000
0.000551953000000000
0.000717387000000000
0.000926693000000000
0.000785017000000000
0.000714244000000000
0.00104182000000000
0.000967800000000000
0.000918235000000000
0.00133512000000000
0.00119792000000000
-8.49107000000000e-05
-0.000919925000000000
-0.000135367000000000
0.000326232000000000
-0.000766209000000000
-0.00240167000000000
-0.00341721000000000
-0.00302956000000000
-0.00234332000000000
-0.00203263000000000
-0.00187679000000000
-0.00219372000000000
-0.00185772000000000
-0.000342109000000000
0.00194160000000000
0.00299201000000000
0.00140880000000000
-0.000119103000000000
0.000488625000000000
0.00172507000000000
0.00249586000000000
0.00293080000000000
0.00208521000000000
0.00173762000000000
0.00310960000000000
0.00372998000000000
0.00231632000000000
0.000227337000000000
0.000289263000000000
0.00120793000000000
0.000189802000000000
-0.000259045000000000
0.000744176000000000
0.00136546000000000
0.00183462000000000
0.00192551000000000
0.00133507000000000
0.000740231000000000
0.00144823000000000
0.00255860000000000
0.00131042000000000
-0.00147960000000000
-0.00257917000000000
-0.000656689000000000
0.00193027000000000
0.00279386000000000
0.00192952000000000
0.000843884000000000
0.000682273000000000
0.000124189000000000
-0.00106435000000000
-0.00243813000000000
-0.00298257000000000
-0.00207447000000000
-0.00250465000000000
-0.00326710000000000
-0.00195034000000000
-0.00114460000000000
-0.00194851000000000
-0.00224532000000000
-0.00180660000000000
-0.00135407000000000
-0.00163611000000000
-0.00307354000000000
-0.00287918000000000
-0.000346598000000000
0.00219221000000000
0.00384378000000000
0.00448963000000000
0.00463116000000000
0.00406996000000000
0.00262207000000000
0.00209624000000000
0.00325353000000000
0.00378080000000000
0.00184875000000000
-0.00133959000000000
-0.00259619000000000
-0.00177815000000000
-0.00249354000000000
-0.00349713000000000
-0.00208119000000000
0.000701726000000000
0.00289852000000000
0.00222161000000000
0.000784509000000000
0.000974318000000000
0.00154280000000000
0.00147808000000000
0.000160293000000000
-0.000337112000000000
0.000480666000000000
0.000210059000000000
-0.000412744000000000
-0.00129250000000000
-0.00227475000000000
-0.00260518000000000
-0.00401708000000000
-0.00339745000000000
-0.00146982000000000
-0.00358137000000000
-0.00792806000000000
-0.0123009000000000
-0.0128085000000000
-0.00987903000000000
-0.00737119000000000
-0.00377678000000000
-0.000995420000000000
0.000332988000000000
0.00197480000000000
0.00323181000000000
0.00273548000000000
0.00216735000000000
0.00456184000000000
0.00747056000000000
0.00781863000000000
0.00538042000000000
0.00298554000000000
0.00226154000000000
0.00154781000000000
0.00213792000000000
0.00382007000000000
0.00281029000000000
0.000612312000000000
-0.000164733000000000
0.000599993000000000
0.00326037000000000
0.00413397000000000
0.00395055000000000
0.00783101000000000
0.0121539000000000
0.0123547000000000
0.00934842000000000
0.00112674000000000
-0.00693308000000000
-0.00686754000000000
-0.00263417000000000
0.00246750000000000
0.00320225000000000
0.000777400000000000
0.000157024000000000
-0.00114435000000000
-0.00355725000000000
-0.00856577000000000
-0.0103614000000000
-0.00712350000000000
-0.00594315000000000
-0.00681461000000000
-0.00683527000000000
-0.00520338000000000
-0.00261021000000000
-0.000313981000000000
0.000821694000000000
0.00333135000000000
0.00518992000000000
0.00565956000000000
0.00321193000000000
-0.00292914000000000
-0.00487827000000000
-0.00499748000000000
-0.00805328000000000
-0.0130371000000000
-0.0149956000000000
-0.00988999000000000
-0.00330748000000000
-3.99401000000000e-05
0.00162379000000000
0.00407415000000000
0.00704216000000000
0.00956641000000000
0.0106050000000000
0.0108032000000000
0.00808395000000000
0.00138515000000000
-0.00365116000000000
-0.00509541000000000
-0.00235590000000000
0.00137194000000000
-2.06815000000000e-05
-0.00246342000000000
-0.00267922000000000
-0.00424043000000000
-0.00895542000000000
-0.0105018000000000
-0.00581806000000000
-0.00258207000000000
-0.00208376000000000
-0.00387644000000000
-0.00461309000000000
0.000523484000000000
0.00688949000000000
0.0131879000000000
0.0190772000000000
0.0206071000000000
0.0162602000000000
0.00982793000000000
0.00449936000000000
0.000844932000000000
0.000274374000000000
0.000216142000000000
-0.00137539000000000
-0.00691632000000000
-0.0138857000000000
-0.0143336000000000
-0.00910565000000000
-0.00101073000000000
0.00297622000000000
1.55042000000000e-05
-0.00211205000000000
-0.00391933000000000
-0.00639526000000000
-0.00697067000000000
-0.00366102000000000
0.00400059000000000
0.0101442000000000
0.0119886000000000
0.0106335000000000
0.00668035000000000
0.00356178000000000
0.00172985000000000
-0.00288311000000000
-0.00484714000000000
-0.000196707000000000
0.00276484000000000
0.00455993000000000
0.00739333000000000
0.00770172000000000
0.00375021000000000
-0.00297196000000000
-0.00186850000000000
0.00276754000000000
0.00173634000000000
0.00451690000000000
0.00618970000000000
-0.000356283000000000
-0.00643454000000000
-0.00706848000000000
0.00170365000000000
0.00935558000000000
0.00553657000000000
0.00365885000000000
0.00437527000000000
0.000662792000000000
-0.00262508000000000
-0.00368275000000000
0.000342745000000000
0.00710529000000000
0.00792692000000000
0.00180142000000000
-0.00788074000000000
-0.0171073000000000
-0.0233395000000000
-0.0260315000000000
-0.0214239000000000
-0.0133419000000000
-0.0112276000000000
-0.0104927000000000
-0.00793471000000000
-0.00546301000000000
-0.00196127000000000
-0.00152235000000000
-0.00257134000000000
8.27286000000000e-05
0.00511334000000000
0.0117678000000000
0.0178986000000000
0.0184464000000000
0.0166646000000000
0.0139583000000000
0.00767952000000000
0.00381636000000000
-0.000764639000000000
-0.00876060000000000
-0.0101117000000000
-0.00342898000000000
0.00614609000000000
0.0148170000000000
0.0185718000000000
0.0146063000000000
0.00637119000000000
0.00499510000000000
0.0132774000000000
0.0176188000000000
0.0117012000000000
0.00524437000000000
0.00572426000000000
0.0118683000000000
0.0148751000000000
0.0139255000000000
0.0157496000000000
0.0192871000000000
0.0219613000000000
0.0173458000000000
0.00519461000000000
-0.00755495000000000
-0.0211285000000000
-0.0292050000000000
-0.0238174000000000
-0.0122584000000000
-0.00703354000000000
-0.0117852000000000
-0.0180774000000000
-0.0162143000000000
-0.0135597000000000
-0.0122288000000000
-0.00756736000000000
-0.00726945000000000
0.000143176000000000
0.0137450000000000
0.0125552000000000
0.00456226000000000
-0.00409720000000000
-0.00718163000000000
-0.000927119000000000
-0.00445398000000000
-0.0147009000000000
-0.0182476000000000
-0.0168529000000000
-0.0144044000000000
-0.0135985000000000
-0.0137100000000000
-0.0136062000000000
-0.0148784000000000
-0.0155961000000000
-0.00505296000000000
0.0135781000000000
0.0232535000000000
0.0200877000000000
0.0160742000000000
0.0185660000000000
0.0198816000000000
0.0128648000000000
0.00369330000000000
0.00916209000000000
0.0256371000000000
0.0357308000000000
0.0420385000000000
0.0425602000000000
0.0329840000000000
0.0221616000000000
0.0134472000000000
0.0114926000000000
0.0146112000000000
0.0120682000000000
0.00679264000000000
9.89171000000000e-05
-0.0116794000000000
-0.0134972000000000
0.00468794000000000
0.0224667000000000
0.0197526000000000
0.00346404000000000
-0.00802449000000000
-0.00499010000000000
0.00732281000000000
0.0129413000000000
0.00947442000000000
0.00478584000000000
0.000805826000000000
-0.00385921000000000
-0.00710462000000000
0.00278109000000000
0.0107281000000000
0.000666424000000000
-0.00571715000000000
-0.000583948000000000
0.00550663000000000
0.00612225000000000
-0.00401820000000000
-0.0251891000000000
-0.0458445000000000
-0.0530029000000000
-0.0522632000000000
-0.0516477000000000
-0.0492636000000000
-0.0432911000000000
-0.0354810000000000
-0.0317045000000000
-0.0286200000000000
-0.0268463000000000
-0.0252546000000000
-0.00997236000000000
0.00783306000000000
0.0104213000000000
0.00319857000000000
-0.00418321000000000
-0.0108405000000000
-0.0134909000000000
-0.00822199000000000
-0.00400033000000000
-0.00720538000000000
-0.0190611000000000
-0.0371436000000000
-0.0495945000000000
-0.0532196000000000
-0.0520559000000000
-0.0516221000000000
-0.0604517000000000
-0.0667631000000000
-0.0597198000000000
-0.0533604000000000
-0.0536268000000000
-0.0499965000000000
-0.0366991000000000
-0.0212352000000000
-0.0124315000000000
-0.0168946000000000
-0.0299986000000000
-0.0359904000000000
-0.0368632000000000
-0.0410316000000000
-0.0398201000000000
-0.0262212000000000
-0.00703557000000000
0.0124177000000000
0.0235300000000000
0.0258400000000000
0.0344846000000000
0.0517047000000000
0.0756678000000000
0.0956346000000000
0.0986850000000000
0.0934460000000000
0.0869088000000000
0.0830567000000000
0.0775911000000000
0.0613525000000000
0.0421870000000000
0.0295851000000000
0.0161150000000000
-0.00753484000000000
-0.0252411000000000
-0.0230725000000000
-0.0100011000000000
-0.00151365000000000
-0.00127952000000000
0.0115098000000000
0.0426561000000000
0.0730848000000000
0.0869008000000000
0.0794225000000000
0.0676729000000000
0.0642974000000000
0.0615207000000000
0.0585771000000000
0.0582549000000000
0.0587554000000000
0.0585279000000000
0.0542114000000000
0.0498262000000000
0.0525810000000000
0.0584830000000000
0.0575345000000000
0.0492538000000000
0.0388843000000000
0.0243080000000000
0.00945982000000000
-0.00352844000000000
-0.0184933000000000
-0.0228454000000000
-0.00922325000000000
0.0140110000000000
0.0373178000000000
0.0532453000000000
0.0633475000000000
0.0713386000000000
0.0762841000000000
0.0785200000000000
0.0795647000000000
0.0790075000000000
0.0806616000000000
0.0863235000000000
0.0881753000000000
0.0779194000000000
0.0522859000000000
0.0133283000000000
-0.0365817000000000
-0.0929111000000000
-0.146673000000000
-0.192698000000000
-0.225495000000000
-0.239168000000000
-0.237062000000000
-0.223058000000000
-0.192375000000000
-0.140106000000000
-0.0809520000000000
-0.0362258000000000
0.00110596000000000
0.0430383000000000
0.0741153000000000
0.0838664000000000
0.0773429000000000
0.0508288000000000
0.0109863000000000
-0.0301445000000000
-0.0710412000000000
-0.108527000000000
-0.139816000000000
-0.158550000000000
-0.162237000000000
-0.158401000000000
-0.158603000000000
-0.171392000000000
-0.184588000000000
-0.175863000000000
-0.138264000000000
-0.0906238000000000
-0.0590006000000000
-0.0364946000000000
0.00425886000000000
0.0494900000000000
0.0604316000000000
0.0497802000000000
0.0362511000000000
0.0185498000000000
0.0147770000000000
0.0216141000000000
0.0297641000000000
0.0381261000000000
0.0474892000000000
0.0639134000000000
0.0733926000000000
0.0648825000000000
0.0457671000000000
0.0268994000000000
0.00590285000000000
-0.0206067000000000
-0.0504311000000000
-0.0781744000000000
-0.0892808000000000
-0.0820370000000000
-0.0659991000000000
-0.0434121000000000
-0.0158797000000000
0.00747766000000000
0.0246770000000000
0.0337926000000000
0.0313586000000000
0.0251231000000000
0.0112662000000000
-0.0111700000000000
-0.0300567000000000
-0.0458092000000000
-0.0648978000000000
-0.0770732000000000
-0.0673283000000000
-0.0412063000000000
-0.00429555000000000
0.0219543000000000
0.0237975000000000
0.0252800000000000
0.0333217000000000
0.0402332000000000
0.0393505000000000
0.0354705000000000
0.0295795000000000
0.0159661000000000
0.00389753000000000
-0.00689898000000000
-0.0156697000000000
-0.0135520000000000
0.00189261000000000
0.0276050000000000
0.0598766000000000
0.0958422000000000
0.137233000000000
0.181491000000000
0.219286000000000
0.249049000000000
0.264877000000000
0.265580000000000
0.250746000000000
0.213376000000000
0.160286000000000
0.106745000000000
0.0796147000000000
0.0772357000000000
0.0652965000000000
0.0620212000000000
0.0794938000000000
0.0737489000000000
0.0489802000000000
0.0387110000000000
0.0332484000000000
0.0262672000000000
0.0225846000000000
0.0100112000000000
-0.0114709000000000
-0.0383828000000000
-0.0666508000000000
-0.0864264000000000
-0.0946925000000000
-0.0796346000000000
-0.0407320000000000
0.0106001000000000
0.0601189000000000
0.0885977000000000
0.0931724000000000
0.0891965000000000
0.0757878000000000
0.0390221000000000
-0.00566373000000000
-0.0486038000000000
-0.0914110000000000
-0.129370000000000
-0.162844000000000
-0.181960000000000
-0.182191000000000
-0.159531000000000
-0.115381000000000
-0.0701666000000000
-0.0418334000000000
-0.0287191000000000
-0.0210961000000000
-0.0345741000000000
-0.0688363000000000
-0.0917307000000000
-0.0935238000000000
-0.0954422000000000
-0.104423000000000
-0.107334000000000
-0.106479000000000
-0.0979223000000000
-0.0816501000000000
-0.0650685000000000
-0.0533189000000000
-0.0551809000000000
-0.0615555000000000
-0.0723288000000000
-0.0882323000000000
-0.104003000000000
-0.119173000000000
-0.126757000000000
-0.124541000000000
-0.115547000000000
-0.112292000000000
-0.116393000000000
-0.110508000000000
-0.0887359000000000
-0.0579522000000000
-0.0317510000000000
-0.0204785000000000
-0.0152445000000000
-0.00744984000000000
-0.00395617000000000
-0.0126865000000000
-0.0292726000000000
-0.0435833000000000
-0.0501250000000000
-0.0511998000000000
-0.0530736000000000
-0.0534011000000000
-0.0514786000000000
-0.0504833000000000
-0.0499682000000000
-0.0464853000000000
-0.0339671000000000
-0.0180603000000000
-0.00987123000000000
-0.00901028000000000
-0.00880138000000000
-0.00436142000000000
0.00504505000000000
0.0181577000000000
0.0373372000000000
0.0688910000000000
0.113285000000000
0.156254000000000
0.186052000000000
0.203485000000000
0.202322000000000
0.175740000000000
0.133966000000000
0.101461000000000
0.0967424000000000
0.108958000000000
0.121071000000000
0.135049000000000
0.143193000000000
0.130786000000000
0.107617000000000
0.0910944000000000
0.0880158000000000
0.0908995000000000
0.0853518000000000
0.0662622000000000
0.0359812000000000
0.00145873000000000
-0.0241949000000000
-0.0303432000000000
-0.0302992000000000
-0.0379675000000000
-0.0444343000000000
-0.0420887000000000
-0.0272641000000000
-0.00404186000000000
0.0162259000000000
0.0264595000000000
0.0278334000000000
0.0345259000000000
0.0515308000000000
0.0652312000000000
0.0633983000000000
0.0394413000000000
-0.00623966000000000
-0.0587693000000000
-0.0945673000000000
-0.106667000000000
-0.112512000000000
-0.119756000000000
-0.116819000000000
-0.0937412000000000
-0.0562878000000000
-0.0296155000000000
-0.0232179000000000
-0.0309601000000000
-0.0493067000000000
-0.0597834000000000
-0.0508984000000000
-0.0326574000000000
-0.0181191000000000
-0.00430487000000000
0.0160420000000000
0.0375012000000000
0.0529704000000000
0.0559945000000000
0.0492165000000000
0.0384141000000000
0.0343723000000000
0.0434626000000000
0.0556690000000000
0.0648235000000000
0.0670641000000000
0.0563347000000000
0.0307004000000000
0.00190053000000000
-0.0170760000000000
-0.0242118000000000
-0.0215571000000000
-0.00916406000000000
0.0131182000000000
0.0397735000000000
0.0672521000000000
0.0822821000000000
0.0723271000000000
0.0480289000000000
0.0179899000000000
-0.0149961000000000
-0.0389576000000000
-0.0473276000000000
-0.0490293000000000
-0.0502025000000000
-0.0525609000000000
-0.0613641000000000
-0.0745779000000000
-0.0919825000000000
-0.117166000000000
-0.139282000000000
-0.135359000000000
-0.0932444000000000
-0.0447460000000000
-0.0236236000000000
-0.00428025000000000
0.0229048000000000
0.0355756000000000
0.0402817000000000
0.0416160000000000
0.0433125000000000
0.0446587000000000
0.0308592000000000
0.000682736000000000
-0.0324758000000000
-0.0441615000000000
-0.0360333000000000
-0.0317903000000000
-0.0270220000000000
-0.0184181000000000
-0.0376595000000000
-0.0716450000000000
-0.0695373000000000
-0.0499137000000000
-0.0426322000000000
-0.0218845000000000
0.0135158000000000
0.0473997000000000
0.0908190000000000
0.130615000000000
0.164847000000000
0.188184000000000
0.183847000000000
0.150846000000000
0.0858456000000000
0.0253113000000000
-0.00468657000000000
-0.0140406000000000
-0.0225745000000000
-0.0281755000000000
-0.0126914000000000
0.0158779000000000
0.0419231000000000
0.0519038000000000
0.0522603000000000
0.0528089000000000
0.0495093000000000
0.0463856000000000
0.0581783000000000
0.0808872000000000
0.0958812000000000
0.0981189000000000
0.0962355000000000
0.0907165000000000
0.0797954000000000
0.0703614000000000
0.0503073000000000
0.0142701000000000
-0.0266303000000000
-0.0508654000000000
-0.0518174000000000
-0.0452631000000000
-0.0360166000000000
-0.0290297000000000
-0.0245651000000000
-0.0335660000000000
-0.0493659000000000
-0.0526111000000000
-0.0542617000000000
-0.0561616000000000
-0.0559637000000000
-0.0532725000000000
-0.0469980000000000
-0.0440040000000000
-0.0448406000000000
-0.0437895000000000
-0.0361969000000000
-0.0293481000000000
-0.0283250000000000
-0.0247036000000000
-0.0152033000000000
-0.00377807000000000
0.00205460000000000
-0.00719393000000000
-0.0229421000000000
-0.0228727000000000
-0.0126745000000000
-0.0142295000000000
-0.0221881000000000
-0.0222290000000000
-0.0201854000000000
-0.0249205000000000
-0.0349892000000000
-0.0442550000000000
-0.0509891000000000
-0.0566131000000000
-0.0580990000000000
-0.0576534000000000
-0.0563417000000000
-0.0574576000000000
-0.0680239000000000
-0.0813814000000000
-0.0889479000000000
-0.0877314000000000
-0.0773538000000000
-0.0594939000000000
-0.0385601000000000
-0.0161950000000000
0.00516951000000000
0.0176426000000000
0.0205161000000000
0.0144667000000000
0.00211643000000000
-0.00796152000000000
-0.0125711000000000
-0.0179130000000000
-0.0243414000000000
-0.0268557000000000
-0.0264592000000000
-0.0189583000000000
-0.00934180000000000
-0.00322043000000000
0.00632911000000000
0.0143664000000000
0.0175173000000000
0.0198861000000000
0.0190679000000000
0.00955776000000000
-0.00383995000000000
-0.0106225000000000
-0.0131277000000000
-0.0101660000000000
0.00466229000000000
0.0185310000000000
0.0173433000000000
0.0116832000000000
0.0157083000000000
0.0228142000000000
0.0226276000000000
0.0199971000000000
0.0179296000000000
0.0139024000000000
0.0108231000000000
0.0135236000000000
0.0248107000000000
0.0383961000000000
0.0508148000000000
0.0628225000000000
0.0738927000000000
0.0846200000000000
0.0920450000000000
0.101337000000000
0.113542000000000
0.123833000000000
0.130061000000000
0.127397000000000
0.120330000000000
0.115266000000000
0.112102000000000
0.105387000000000
0.0919666000000000
0.0771025000000000
0.0677009000000000
0.0670614000000000
0.0681641000000000
0.0660313000000000
0.0648533000000000
0.0670666000000000
0.0737653000000000
0.0785713000000000
0.0740493000000000
0.0649299000000000
0.0590553000000000
0.0565172000000000
0.0535488000000000
0.0505798000000000
0.0397844000000000
0.0166598000000000
-0.0121453000000000
-0.0404346000000000
-0.0643027000000000
-0.0879673000000000
-0.106889000000000
-0.112779000000000
-0.108224000000000
-0.0980328000000000
-0.0864818000000000
-0.0770477000000000
-0.0705602000000000
-0.0636332000000000
-0.0542316000000000
-0.0452513000000000
-0.0388187000000000
-0.0315025000000000
-0.0219828000000000
-0.0102768000000000
0.00677142000000000
0.0287898000000000
0.0539377000000000
0.0825516000000000
0.114200000000000
0.141604000000000
0.156173000000000
0.157107000000000
0.142831000000000
0.113614000000000
0.0792332000000000
0.0498337000000000
0.0265527000000000
0.00743384000000000
-0.000853744000000000
-0.00162165000000000
-0.00898144000000000
-0.0234254000000000
-0.0424207000000000
-0.0612760000000000
-0.0731056000000000
-0.0762656000000000
-0.0663382000000000
-0.0483493000000000
-0.0347441000000000
-0.0227584000000000
-0.00466055000000000
0.0169638000000000
0.0436481000000000
0.0723776000000000
0.0909736000000000
0.0973217000000000
0.0890536000000000
0.0642846000000000
0.0293971000000000
-0.00652114000000000
-0.0350152000000000
-0.0473959000000000
-0.0426958000000000
-0.0298908000000000
-0.0105897000000000
0.00675202000000000
0.00606487000000000
-0.00945235000000000
-0.0312028000000000
-0.0593480000000000
-0.0893626000000000
-0.110700000000000
-0.115819000000000
-0.105888000000000
-0.0895842000000000
-0.0755009000000000
-0.0659998000000000
-0.0623020000000000
-0.0683935000000000
-0.0788768000000000
-0.0841164000000000
-0.0782027000000000
-0.0624709000000000
-0.0524731000000000
-0.0476081000000000
-0.0324456000000000
-0.00990898000000000
0.0120187000000000
0.0279891000000000
0.0406829000000000
0.0559134000000000
0.0690528000000000
0.0781777000000000
0.0811576000000000
0.0736757000000000
0.0594034000000000
0.0496483000000000
0.0468414000000000
0.0423166000000000
0.0324710000000000
0.0187343000000000
0.00667189000000000
-0.00129679000000000
-0.0145516000000000
-0.0377417000000000
-0.0637988000000000
-0.0827738000000000
-0.0947356000000000
-0.105970000000000
-0.105403000000000
-0.0860824000000000
-0.0559407000000000
-0.0288849000000000
-0.0158012000000000
-0.00983685000000000
-0.00532641000000000
0.000720320000000000
0.00835777000000000
0.0151544000000000
0.0224401000000000
0.0258877000000000
0.0233599000000000
0.0206817000000000
0.0247902000000000
0.0330970000000000
0.0402509000000000
0.0508887000000000
0.0637860000000000
0.0746702000000000
0.0860770000000000
0.0994356000000000
0.118797000000000
0.136868000000000
0.144242000000000
0.148616000000000
0.148286000000000
0.141833000000000
0.132829000000000
0.113845000000000
0.0896915000000000
0.0716221000000000
0.0621966000000000
0.0584583000000000
0.0555748000000000
0.0513072000000000
0.0475549000000000
0.0498858000000000
0.0577900000000000
0.0672137000000000
0.0722085000000000
0.0650835000000000
0.0488642000000000
0.0307600000000000
0.0107943000000000
-0.0118619000000000
-0.0283466000000000
-0.0285818000000000
-0.0165272000000000
6.94970000000000e-05
0.0173973000000000
0.0343574000000000
0.0471339000000000
0.0498375000000000
0.0460030000000000
0.0447600000000000
0.0457181000000000
0.0424371000000000
0.0390113000000000
0.0384198000000000
0.0369962000000000
0.0284327000000000
0.00525041000000000
-0.0339529000000000
-0.0820579000000000
-0.125135000000000
-0.152089000000000
-0.156961000000000
-0.150268000000000
-0.140881000000000
-0.112577000000000
-0.0707871000000000
-0.0466179000000000
-0.0461829000000000
-0.0537656000000000
-0.0561133000000000
-0.0505030000000000
-0.0424959000000000
-0.0406775000000000
-0.0408624000000000
-0.0338110000000000
-0.0295521000000000
-0.0315296000000000
-0.0368854000000000
-0.0417557000000000
-0.0420541000000000
-0.0459789000000000
-0.0532809000000000
-0.0609807000000000
-0.0637692000000000
-0.0547201000000000
-0.0375554000000000
-0.0160452000000000
0.0104635000000000
0.0365616000000000
0.0576438000000000
0.0785969000000000
0.0971473000000000
0.105303000000000
0.101289000000000
0.0947421000000000
0.0925954000000000
0.0915965000000000
0.0872763000000000
0.0798415000000000
0.0783598000000000
0.0834447000000000
0.0867142000000000
0.0853189000000000
0.0779033000000000
0.0641077000000000
0.0517167000000000
0.0434578000000000
0.0279614000000000
0.000557602000000000
-0.0315633000000000
-0.0609342000000000
-0.0830327000000000
-0.0961184000000000
-0.104479000000000
-0.111944000000000
-0.110464000000000
-0.0911874000000000
-0.0585016000000000
-0.0284935000000000
-0.0112388000000000
-0.00200687000000000
0.0105340000000000
0.0259450000000000
0.0298402000000000
0.0261186000000000
0.0258260000000000
0.0273688000000000
0.0346701000000000
0.0471824000000000
0.0544977000000000
0.0529303000000000
0.0417453000000000
0.0206120000000000
-0.00130603000000000
-0.0170967000000000
-0.0332216000000000
-0.0503327000000000
-0.0604551000000000
-0.0639839000000000
-0.0617116000000000
-0.0554176000000000
-0.0513266000000000
-0.0427876000000000
-0.0310219000000000
-0.0250210000000000
-0.0200873000000000
-0.0226105000000000
-0.0324368000000000
-0.0312808000000000
-0.0267852000000000
-0.0339662000000000
-0.0493625000000000
-0.0671230000000000
-0.0795747000000000
-0.0846718000000000
-0.0865584000000000
-0.0857426000000000
-0.0756424000000000
-0.0583414000000000
-0.0417916000000000
-0.0265801000000000
-0.0160113000000000
-0.00787744000000000
-0.00671831000000000
-0.0166841000000000
-0.0314897000000000
-0.0466525000000000
-0.0572673000000000
-0.0688607000000000
-0.0803714000000000
-0.0887331000000000
-0.0931995000000000
-0.0847999000000000
-0.0684778000000000
-0.0444460000000000
-0.0134960000000000
0.00693633000000000
0.0180029000000000
0.0362798000000000
0.0598100000000000
0.0692010000000000
0.0634702000000000
0.0506577000000000
0.0325843000000000
0.0165423000000000
0.00218164000000000
-0.00710796000000000
-0.0121371000000000
-0.0204321000000000
-0.0301254000000000
-0.0351343000000000
-0.0250467000000000
-0.00982247000000000
-0.00149864000000000
0.00116041000000000
-0.00277221000000000
-0.00384148000000000
-0.000284644000000000
0.000229174000000000
-0.00432278000000000
-0.0100191000000000
-0.0119409000000000
-0.0111905000000000
-0.00438493000000000
0.00895378000000000
0.0202166000000000
0.0244673000000000
0.0279355000000000
0.0394414000000000
0.0593069000000000
0.0794385000000000
0.0883091000000000
0.0830360000000000
0.0671485000000000
0.0432118000000000
0.0141548000000000
-0.0154871000000000
-0.0407292000000000
-0.0657241000000000
-0.0999416000000000
-0.138560000000000
-0.171338000000000
-0.192765000000000
-0.174605000000000
-0.102120000000000
-0.0351914000000000
-0.0174962000000000
-0.0202797000000000
-0.0166122000000000
0.0196495000000000
0.0608877000000000
0.0552874000000000
0.0427186000000000
0.0320996000000000
0.0123144000000000
0.00774988000000000
0.00207958000000000
-0.0173943000000000
-0.0317047000000000
-0.0200494000000000
-0.00397192000000000
-0.00118678000000000
-0.00297701000000000
-0.00536794000000000
0.000596082000000000
0.00137699000000000
-0.0104579000000000
-0.0295689000000000
-0.0472763000000000
-0.0530805000000000
-0.0531841000000000
-0.0568243000000000
-0.0658187000000000
-0.0710923000000000
-0.0703441000000000
-0.0648842000000000
-0.0575541000000000
-0.0544491000000000
-0.0539969000000000
-0.0548152000000000
-0.0570819000000000
-0.0612612000000000
-0.0643662000000000
-0.0632918000000000
-0.0597670000000000
-0.0520026000000000
-0.0337529000000000
-0.0161109000000000
-0.0151588000000000
-0.0181069000000000
-0.0188052000000000
-0.0215658000000000
-0.0236758000000000
-0.0272721000000000
-0.0290172000000000
-0.0354577000000000
-0.0392175000000000
-0.0235987000000000
-0.00593267000000000
0.00494883000000000
0.0102954000000000
0.0168405000000000
0.0380781000000000
0.0555502000000000
0.0657142000000000
0.0785127000000000
0.0801050000000000
0.0746672000000000
0.0741635000000000
0.0770631000000000
0.0751348000000000
0.0703004000000000
0.0695339000000000
0.0676432000000000
0.0672393000000000
0.0660271000000000
0.0575307000000000
0.0434907000000000
0.0221968000000000
0.00361570000000000
-0.00452424000000000
-0.00533807000000000
0.00471319000000000
0.0183149000000000
0.0285222000000000
0.0350039000000000
0.0346185000000000
0.0321608000000000
0.0333124000000000
0.0394053000000000
0.0455016000000000
0.0497329000000000
0.0547270000000000
0.0566273000000000
0.0524789000000000
0.0447079000000000
0.0345362000000000
0.0189604000000000
0.000175506000000000
-0.0145505000000000
-0.0224664000000000
-0.0195511000000000
-0.00593503000000000
0.00946442000000000
0.0211761000000000
0.0251518000000000
0.0239035000000000
0.0246903000000000
0.0234913000000000
0.0154815000000000
0.00830007000000000
0.00643696000000000
0.00532469000000000
0.00362252000000000
0.000344156000000000
-0.00334213000000000
-0.00648041000000000
-0.0103022000000000
-0.0162930000000000
-0.0271362000000000
-0.0382922000000000
-0.0453913000000000
-0.0462031000000000
-0.0417027000000000
-0.0364942000000000
-0.0295781000000000
-0.0226116000000000
-0.0160336000000000
-0.00851259000000000
-0.00308750000000000
-0.00197932000000000
-0.00447010000000000
-0.00618294000000000
-0.00692839000000000
-0.00438571000000000
0.00766757000000000
0.0242088000000000
0.0370742000000000
0.0449672000000000
0.0470559000000000
0.0401720000000000
0.0229631000000000
0.00320215000000000
-0.00884681000000000
-0.0118382000000000
-0.00812582000000000
-0.00288731000000000
0.00352474000000000
0.0148768000000000
0.0267001000000000
0.0379234000000000
0.0462255000000000
0.0437811000000000
0.0317192000000000
0.0151523000000000
-0.00159839000000000
-0.0125687000000000
-0.0142922000000000
-0.0115862000000000
-0.00650056000000000
-0.00195602000000000
-0.0114746000000000
-0.0290231000000000
-0.0392398000000000
-0.0475335000000000
-0.0561115000000000
-0.0556079000000000
-0.0458943000000000
-0.0355834000000000
-0.0287474000000000
-0.0217255000000000
-0.0137829000000000
-0.00953243000000000
-0.00646669000000000
-0.00441678000000000
-0.00346563000000000
-9.22988000000000e-05
0.00101990000000000
0.00266339000000000
0.00946703000000000
0.0177675000000000
0.0255031000000000
0.0285111000000000
0.0248447000000000
0.0171636000000000
0.00460802000000000
-0.0108725000000000
-0.0212440000000000
-0.0228818000000000
-0.0178986000000000
-0.00425625000000000
0.0157278000000000
0.0318004000000000
0.0423363000000000
0.0484148000000000
0.0513681000000000
0.0521806000000000
0.0499111000000000
0.0427888000000000
0.0294541000000000
0.0185873000000000
0.0149906000000000
0.0177269000000000
0.0245339000000000
0.0270247000000000
0.0208059000000000
0.0111810000000000
0.00364976000000000
-0.00409261000000000
-0.0124293000000000
-0.0205900000000000
-0.0277364000000000
-0.0365236000000000
-0.0488052000000000
-0.0534004000000000
-0.0469732000000000
-0.0345501000000000
-0.0166486000000000
0.000218375000000000
0.00835221000000000
0.0121043000000000
0.0122139000000000
0.00736786000000000
0.00400032000000000
-0.000389846000000000
-0.00920084000000000
-0.0191169000000000
-0.0255695000000000
-0.0242091000000000
-0.0177274000000000
-0.0137804000000000
-0.0141095000000000
-0.0179618000000000
-0.0263456000000000
-0.0348827000000000
-0.0405733000000000
-0.0470907000000000
-0.0553876000000000
-0.0607438000000000
-0.0633953000000000
-0.0666895000000000
-0.0690577000000000
-0.0669529000000000
-0.0588900000000000
-0.0459197000000000
-0.0325794000000000
-0.0244803000000000
-0.0194636000000000
-0.0174629000000000
-0.0181462000000000
-0.0170442000000000
-0.0173546000000000
-0.0205876000000000
-0.0255140000000000
-0.0307518000000000
-0.0320061000000000
-0.0294170000000000
-0.0286510000000000
-0.0281931000000000
-0.0251672000000000
-0.0244187000000000
-0.0257196000000000
-0.0259180000000000
-0.0220145000000000
-0.0147361000000000
-0.00858955000000000
-0.00633367000000000
-0.00645708000000000
-0.00281511000000000
0.00392128000000000
0.0125942000000000
0.0205619000000000
0.0232574000000000
0.0230727000000000
0.0183171000000000
0.00897002000000000
0.00104628000000000
-0.00369058000000000
-0.00738193000000000
-0.0106022000000000
-0.0109508000000000
-0.00737316000000000
-0.00296944000000000
-0.00261642000000000
-0.00460085000000000
-0.00867613000000000
-0.0139796000000000
-0.0162668000000000
-0.0195874000000000
-0.0189235000000000
-0.0111064000000000
-0.00127666000000000
0.00958677000000000
0.0179322000000000
0.0251139000000000
0.0301230000000000
0.0337504000000000
0.0374118000000000
0.0381900000000000
0.0354369000000000
0.0286332000000000
0.0226080000000000
0.0155737000000000
0.00792235000000000
0.00385149000000000
0.00195074000000000
0.00465738000000000
0.0137085000000000
0.0279766000000000
0.0402825000000000
0.0458985000000000
0.0483651000000000
0.0459866000000000
0.0356519000000000
0.0239666000000000
0.0158822000000000
0.0112363000000000
0.0117342000000000
0.0135180000000000
0.0144351000000000
0.0176052000000000
0.0214711000000000
0.0213015000000000
0.0196248000000000
0.0244467000000000
0.0327643000000000
0.0408844000000000
0.0475122000000000
0.0476400000000000
0.0460374000000000
0.0445721000000000
0.0415551000000000
0.0410442000000000
0.0438883000000000
0.0518969000000000
0.0622699000000000
0.0688571000000000
0.0702945000000000
0.0685556000000000
0.0632629000000000
0.0504862000000000
0.0347652000000000
0.0217448000000000
0.0115849000000000
0.00480559000000000
0.000556193000000000
-0.00335433000000000
-0.00787041000000000
-0.0129079000000000
-0.0165211000000000
-0.0157199000000000
-0.0120453000000000
-0.00818412000000000
-0.00438822000000000
0.000926564000000000
0.00936494000000000
0.0205018000000000
0.0329590000000000
0.0413199000000000
0.0403550000000000
0.0336211000000000
0.0290378000000000
0.0242196000000000
0.0130602000000000
-0.00239141000000000
-0.0199635000000000
-0.0362844000000000
-0.0482520000000000
-0.0556910000000000
-0.0576190000000000
-0.0553615000000000
-0.0501153000000000
-0.0428135000000000
-0.0368243000000000
-0.0296826000000000
-0.0185661000000000
-0.00890574000000000
-0.00287434000000000
0.00194318000000000
0.00445774000000000
0.00324295000000000
-0.000637082000000000
-0.00574097000000000
-0.00957698000000000
-0.0135745000000000
-0.0211869000000000
-0.0270683000000000
-0.0274043000000000
-0.0260873000000000
-0.0251207000000000
-0.0237805000000000
-0.0202169000000000
-0.0176401000000000
-0.0172267000000000
-0.0139908000000000
-0.00836711000000000
-0.00125049000000000
0.00524538000000000
0.00984786000000000
0.0140654000000000
0.0162758000000000
0.0172464000000000
0.0172283000000000
0.0136964000000000
0.00553926000000000
-0.00510947000000000
-0.0162715000000000
-0.0278680000000000
-0.0373618000000000
-0.0433394000000000
-0.0458710000000000
-0.0439048000000000
-0.0386237000000000
-0.0356974000000000
-0.0374779000000000
-0.0374089000000000
-0.0350150000000000
-0.0325902000000000
-0.0252470000000000
-0.0137272000000000
-0.00229918000000000
0.00862369000000000
0.0204804000000000
0.0326921000000000
0.0410871000000000
0.0412016000000000
0.0324229000000000
0.0192345000000000
0.00965388000000000
0.00927328000000000
0.0120898000000000
0.0122562000000000
0.0112377000000000
0.00827404000000000
0.00199313000000000
-0.00610665000000000
-0.0136776000000000
-0.0207048000000000
-0.0293464000000000
-0.0370567000000000
-0.0357353000000000
-0.0245268000000000
-0.00853155000000000
0.00416673000000000
0.00547373000000000
0.00186850000000000
0.000634660000000000
-0.00304037000000000
-0.00972446000000000
-0.0158378000000000
-0.0213664000000000
-0.0233469000000000
-0.0212874000000000
-0.0208489000000000
-0.0225150000000000
-0.0217473000000000
-0.0190029000000000
-0.0150336000000000
-0.00837092000000000
-1.18419000000000e-05
0.0107430000000000
0.0223851000000000
0.0294849000000000
0.0312588000000000
0.0321678000000000
0.0335629000000000
0.0335319000000000
0.0285564000000000
0.0171162000000000
0.00613952000000000
-0.00140886000000000
-0.00919796000000000
-0.0179628000000000
-0.0269188000000000
-0.0346584000000000
-0.0407241000000000
-0.0468405000000000
-0.0511004000000000
-0.0490143000000000
-0.0426494000000000
-0.0332742000000000
-0.0188828000000000
-0.00565450000000000
0.00237600000000000
0.00896571000000000
0.0147219000000000
0.0190643000000000
0.0196200000000000
0.0142146000000000
0.00783031000000000
0.00566528000000000
0.00829995000000000
0.0134061000000000
0.0191151000000000
0.0223470000000000
0.0225792000000000
0.0268942000000000
0.0328722000000000
0.0318031000000000
0.0270441000000000
0.0240146000000000
0.0253763000000000
0.0312666000000000
0.0358335000000000
0.0393136000000000
0.0426343000000000
0.0401527000000000
0.0349685000000000
0.0330202000000000
0.0325431000000000
0.0328658000000000
0.0339333000000000
0.0337625000000000
0.0331846000000000
0.0323080000000000
0.0285316000000000
0.0218452000000000
0.0173578000000000
0.0194820000000000
0.0252653000000000
0.0300437000000000
0.0309938000000000
0.0276031000000000
0.0239989000000000
0.0242958000000000
0.0266783000000000
0.0290696000000000
0.0337472000000000
0.0378732000000000
0.0357510000000000
0.0260519000000000
0.0131441000000000
0.00331871000000000
-0.00339652000000000
-0.00573987000000000
-0.00271770000000000
-0.00116559000000000
-0.00423947000000000
-0.00800212000000000
-0.0100704000000000
-0.0130792000000000
-0.0195433000000000
-0.0268325000000000
-0.0307153000000000
-0.0314886000000000
-0.0327976000000000
-0.0338904000000000
-0.0319597000000000
-0.0275313000000000
-0.0213159000000000
-0.0162372000000000
-0.0150593000000000
-0.0163745000000000
-0.0187148000000000
-0.0207285000000000
-0.0222621000000000
-0.0262043000000000
-0.0330509000000000
-0.0366535000000000
-0.0342091000000000
-0.0298314000000000
-0.0279011000000000
-0.0267551000000000
-0.0205781000000000
-0.0111414000000000
-0.00140191000000000
0.00721844000000000
0.0128083000000000
0.0161947000000000
0.0151841000000000
0.00923483000000000
0.000762574000000000
-0.00713962000000000
-0.0121734000000000
-0.0159080000000000
-0.0172176000000000
-0.0149786000000000
-0.0100799000000000
-0.00201070000000000
0.00607937000000000
0.00830575000000000
0.00436866000000000
-0.00225488000000000
-0.00764878000000000
-0.00741990000000000
-0.00271036000000000
0.00269682000000000
0.00749538000000000
0.00875403000000000
0.00346589000000000
-0.00485737000000000
-0.0108389000000000
-0.0140712000000000
-0.0143010000000000
-0.0115529000000000
-0.00894939000000000
-0.00648145000000000
-0.00280405000000000
-0.000998738000000000
-0.00101515000000000
0.00132307000000000
0.00775151000000000
0.0169009000000000
0.0225465000000000
0.0226379000000000
0.0198472000000000
0.0136308000000000
0.00592028000000000
-0.00115390000000000
-0.00796846000000000
-0.0158993000000000
-0.0242365000000000
-0.0302493000000000
-0.0326316000000000
-0.0296261000000000
-0.0211379000000000
-0.0111940000000000
-0.00620639000000000
-0.00599344000000000
-0.00560007000000000
-0.00341369000000000
0.000202940000000000
0.00107007000000000
-0.00119157000000000
-0.00139558000000000
0.000916811000000000
0.000532071000000000
-0.00421061000000000
-0.00695026000000000
-0.00433845000000000
0.00154846000000000
0.00619074000000000
0.00746417000000000
0.00679355000000000
0.00560439000000000
0.00674377000000000
0.00768913000000000
0.00681657000000000
0.00520326000000000
0.000550260000000000
-0.00606169000000000
-0.0121080000000000
-0.0154619000000000
-0.0164643000000000
-0.0165037000000000
-0.0150061000000000
-0.0124931000000000
-0.0101350000000000
-0.00712776000000000
-0.00189305000000000
0.00603577000000000
0.0174172000000000
0.0276420000000000
0.0301149000000000
0.0232188000000000
0.0123083000000000
0.00491163000000000
0.000661598000000000
-0.00441357000000000
-0.0119149000000000
-0.0202710000000000
-0.0248728000000000
-0.0221939000000000
-0.0173487000000000
-0.0163904000000000
-0.0146741000000000
-0.00787652000000000
-0.000543754000000000
0.00469375000000000
0.00874405000000000
0.0112629000000000
0.0119224000000000
0.0101595000000000
0.00853840000000000
0.00852390000000000
0.0108394000000000
0.0172060000000000
0.0242789000000000
0.0303613000000000
0.0332422000000000
0.0304881000000000
0.0252760000000000
0.0179263000000000
0.0109466000000000
0.00649847000000000
0.00401014000000000
0.00548152000000000
0.0110309000000000
0.0214169000000000
0.0309975000000000
0.0347977000000000
0.0349109000000000
0.0319989000000000
0.0276817000000000
0.0224759000000000
0.0168090000000000
0.00997261000000000
0.00322589000000000
0.00117982000000000
0.00180482000000000
0.00193920000000000
0.00289774000000000
0.00436156000000000
0.00542088000000000
0.00515939000000000
0.00373691000000000
0.00646945000000000
0.0115212000000000
0.0110920000000000
0.00635299000000000
0.000543130000000000
-0.00524546000000000
-0.0104821000000000
-0.0167442000000000
-0.0227759000000000
-0.0240362000000000
-0.0205382000000000
-0.0183121000000000
-0.0214184000000000
-0.0260035000000000
-0.0271907000000000
-0.0251033000000000
-0.0192549000000000
-0.0137661000000000
-0.0133267000000000
-0.0152354000000000
-0.0157989000000000
-0.0121437000000000
-0.00791950000000000
-0.00666858000000000
-0.00637154000000000
-0.00613730000000000
-0.00466221000000000
-0.000686628000000000
0.00201532000000000
-0.00110975000000000
-0.00517177000000000
-0.00453820000000000
-0.00217130000000000
-0.00151660000000000
-0.00114562000000000
-7.60470000000000e-05
0.00125573000000000
0.00357630000000000
0.00389241000000000
0.000466549000000000
-0.00245905000000000
-0.00369213000000000
-0.00382783000000000
-0.00340754000000000
-0.00400472000000000
-0.00375510000000000
-0.00258162000000000
-0.00253525000000000
-0.00391401000000000
-0.00533488000000000
-0.00496914000000000
-0.00233431000000000
0.000644416000000000
0.00178834000000000
0.00251251000000000
0.00256792000000000
0.00190745000000000
0.00137273000000000
-0.000189321000000000
-0.00322500000000000
-0.00832454000000000
-0.0139696000000000
-0.0186228000000000
-0.0232165000000000
-0.0271152000000000
-0.0286965000000000
-0.0283776000000000
-0.0260018000000000
-0.0212617000000000
-0.0179079000000000
-0.0167982000000000
-0.0156909000000000
-0.0166201000000000
-0.0190013000000000
-0.0191362000000000
-0.0175767000000000
-0.0139170000000000
-0.00780804000000000
-0.00561628000000000
-0.00841827000000000
-0.0111266000000000
-0.0135448000000000
-0.0147003000000000
-0.0135568000000000
-0.0123391000000000
-0.0118771000000000
-0.00982309000000000
-0.00581636000000000
-0.00368277000000000
-0.00272784000000000
-2.85058000000000e-05
0.00152556000000000
0.000699440000000000
0.00138047000000000
0.00456508000000000
0.00961776000000000
0.0148059000000000
0.0162381000000000
0.0133704000000000
0.00751222000000000
0.000939925000000000
-0.00112316000000000
0.00196719000000000
0.00587222000000000
0.00931399000000000
0.0126127000000000
0.0172572000000000
0.0231111000000000
0.0268684000000000
0.0283840000000000
0.0277975000000000
0.0244331000000000
0.0189565000000000
0.0127824000000000
0.00947613000000000
0.00925818000000000
0.00991576000000000
0.0116996000000000
0.0131717000000000
0.0127449000000000
0.0106300000000000
0.00808227000000000
0.00802242000000000
0.00867197000000000
0.00494071000000000
-0.000604611000000000
-0.00315984000000000
-0.00186889000000000
0.00390880000000000
0.0107360000000000
0.0127472000000000
0.0114132000000000
0.0106712000000000
0.00945284000000000
0.00645325000000000
0.00282218000000000
0.00131468000000000
0.00205226000000000
0.00274766000000000
0.00478008000000000
0.00812902000000000
0.00959343000000000
0.0105468000000000
0.0124799000000000
0.0141595000000000
0.0138263000000000
0.00858917000000000
0.00139007000000000
-0.00268714000000000
-0.00392336000000000
-0.00559366000000000
-0.00954960000000000
-0.0139297000000000
-0.0183151000000000
-0.0235014000000000
-0.0262492000000000
-0.0250012000000000
-0.0235822000000000
-0.0221535000000000
-0.0179447000000000
-0.0119973000000000
-0.00752123000000000
-0.00536014000000000
-0.00216508000000000
0.00404655000000000
0.0109218000000000
0.0168164000000000
0.0215790000000000
0.0239000000000000
0.0252954000000000
0.0259775000000000
0.0214511000000000
0.0105507000000000
-0.00215035000000000
-0.0100601000000000
-0.0119403000000000
-0.00912445000000000
-0.00380871000000000
-0.00246890000000000
-0.00480755000000000
-0.00484042000000000
-0.00241324000000000
-0.000621045000000000
-0.000856718000000000
-0.00210982000000000
-0.00240392000000000
-0.00113600000000000
0.00188630000000000
0.00653562000000000
0.0102880000000000
0.0102711000000000
0.00845379000000000
0.0101524000000000
0.0130438000000000
0.0110307000000000
0.00539456000000000
-0.00142440000000000
-0.00835136000000000
-0.0125843000000000
-0.0137947000000000
-0.0127662000000000
-0.00953732000000000
-0.00713741000000000
-0.00673318000000000
-0.00346910000000000
0.00472445000000000
0.0131209000000000
0.0188408000000000
0.0209824000000000
0.0186620000000000
0.0149122000000000
0.0112903000000000
0.00740380000000000
0.00479263000000000
0.00368912000000000
0.00326758000000000
0.00396496000000000
0.00533771000000000
0.00633465000000000
0.00627381000000000
0.00323139000000000
-0.00190414000000000
-0.00479765000000000
-0.00307615000000000
0.000681699000000000
0.00296103000000000
0.00397508000000000
0.00386777000000000
0.00282765000000000
0.00126910000000000
-0.000443427000000000
-0.000193870000000000
0.00300783000000000
0.00796728000000000
0.0103957000000000
0.00902891000000000
0.00761820000000000
0.00743858000000000
0.00857059000000000
0.00944463000000000
0.00923754000000000
0.0105412000000000
0.0132147000000000
0.0145200000000000
0.0132190000000000
0.0122340000000000
0.0134953000000000
0.0131327000000000
0.00869364000000000
0.00189180000000000
-0.00350345000000000
-0.00475134000000000
-0.00277779000000000
-1.22486000000000e-05
0.00111512000000000
0.000493669000000000
-0.000423129000000000
-0.00143237000000000
-0.00275184000000000
-0.00340813000000000
-0.00320391000000000
-0.00371560000000000
-0.00481508000000000
-0.00635520000000000
-0.00795470000000000
-0.00796991000000000
-0.00651395000000000
-0.00389162000000000
-0.000821577000000000
0.00103959000000000
0.000162131000000000
-0.00448639000000000
-0.0103622000000000
-0.0154460000000000
-0.0206390000000000
-0.0226697000000000
-0.0196991000000000
-0.0160804000000000
-0.0141361000000000
-0.0126519000000000
-0.0115068000000000
-0.0120609000000000
-0.0133384000000000
-0.0135042000000000
-0.0134888000000000
-0.0142332000000000
-0.0127230000000000
-0.00720776000000000
-0.00323549000000000
-0.00479922000000000
-0.00829358000000000
-0.0102247000000000
-0.0106405000000000
-0.00914217000000000
-0.00618888000000000
-0.00291518000000000
0.00141172000000000
0.00606380000000000
0.00984215000000000
0.0110397000000000
0.00769652000000000
0.00235965000000000
-0.00110049000000000
-0.000947567000000000
0.00273780000000000
0.00842141000000000
0.0142237000000000
0.0190268000000000
0.0213701000000000
0.0181465000000000
0.0101000000000000
0.00261503000000000
-0.00161210000000000
-0.00410145000000000
-0.00514721000000000
-0.00323550000000000
0.000429975000000000
0.00365073000000000
0.00621757000000000
0.00852334000000000
0.00997483000000000
0.0100779000000000
0.00965233000000000
0.0114855000000000
0.0163281000000000
0.0203998000000000
0.0227537000000000
0.0242043000000000
0.0232119000000000
0.0183865000000000
0.0100265000000000
0.00170316000000000
-0.00409430000000000
-0.00869106000000000
-0.0111274000000000
-0.00881462000000000
-0.00411710000000000
-0.000846202000000000
0.00100605000000000
0.00224185000000000
0.00438632000000000
0.00764506000000000
0.00794061000000000
0.00379158000000000
-0.00252985000000000
-0.00907592000000000
-0.0130935000000000
-0.0125135000000000
-0.00907166000000000
-0.00637504000000000
-0.00612172000000000
-0.00649488000000000
-0.00439182000000000
-0.000797442000000000
0.00134005000000000
0.00225833000000000
0.00116920000000000
-0.00350056000000000
-0.00984618000000000
-0.0159020000000000
-0.0215549000000000
-0.0271703000000000
-0.0316640000000000
-0.0337008000000000
-0.0334600000000000
-0.0312925000000000
-0.0286825000000000
-0.0269184000000000
-0.0260456000000000
-0.0250502000000000
-0.0226898000000000
-0.0202357000000000
-0.0183478000000000
-0.0162618000000000
-0.0131445000000000
-0.00805834000000000
-0.00430893000000000
-0.00505437000000000
-0.00684237000000000
-0.00550634000000000
-0.00204468000000000
0.00179219000000000
0.00592238000000000
0.00832075000000000
0.00959285000000000
0.0113407000000000
0.0124208000000000
0.0122454000000000
0.00982110000000000
0.00633795000000000
0.00501587000000000
0.00682066000000000
0.00953452000000000
0.0109672000000000
0.0110398000000000
0.00986897000000000
0.00797422000000000
0.00720628000000000
0.00851109000000000
0.0101880000000000
0.0115260000000000
0.0122185000000000
0.0113325000000000
0.00862778000000000
0.00438325000000000
0.000762624000000000
-0.000770426000000000
-0.00104506000000000
-0.000455439000000000
0.000650192000000000
0.000594928000000000
-4.29648000000000e-05
-3.57146000000000e-05
0.00123114000000000
0.00433380000000000
0.00692794000000000
0.00743742000000000
0.00532041000000000
0.00303977000000000
0.00335855000000000
0.00422782000000000
0.00409934000000000
0.00232584000000000
6.43724000000000e-05
-0.000689570000000000
0.00113440000000000
0.00477670000000000
0.00746369000000000
0.00747873000000000
0.00394860000000000
-0.000713939000000000
-0.00422331000000000
-0.00586754000000000
-0.00389783000000000
-0.000278717000000000
0.00137369000000000
-0.000202370000000000
-0.00397020000000000
-0.00789861000000000
-0.0106385000000000
-0.0107008000000000
-0.00898859000000000
-0.00757005000000000
-0.00541500000000000
-0.00292303000000000
-0.000745699000000000
0.000872025000000000
0.000429274000000000
-0.000282382000000000
-0.000993064000000000
-0.00213734000000000
-0.00180027000000000
-0.00163470000000000
-0.00211916000000000
-0.000534244000000000
0.00409719000000000
0.0109774000000000
0.0164266000000000
0.0193029000000000
0.0200837000000000
0.0169544000000000
0.0124358000000000
0.00938542000000000
0.00832026000000000
0.00792062000000000
0.00748449000000000
0.00839054000000000
0.00921431000000000
0.00938605000000000
0.00796290000000000
0.00446589000000000
0.00112093000000000
0.00181177000000000
0.00877537000000000
0.0168239000000000
0.0208279000000000
0.0204153000000000
0.0154510000000000
0.00596870000000000
-0.00309750000000000
-0.00901132000000000
-0.0150143000000000
-0.0202538000000000
-0.0232158000000000
-0.0235415000000000
-0.0193278000000000
-0.0123642000000000
-0.00629570000000000
-0.00198627000000000
0.000810167000000000
0.00194889000000000
0.000935656000000000
-0.00130325000000000
-0.00113519000000000
0.00270439000000000
0.00754921000000000
0.0113725000000000
0.0144122000000000
0.0165517000000000
0.0171428000000000
0.0165560000000000
0.0141679000000000
0.0104702000000000
0.00819296000000000
0.00807622000000000
0.00726201000000000
0.00307159000000000
-0.00184952000000000
-0.00459186000000000
-0.00656489000000000
-0.00676295000000000
-0.00416911000000000
-0.00101866000000000
0.00177659000000000
0.00353102000000000
0.00364574000000000
0.00251346000000000
0.00155755000000000
0.00212087000000000
0.00487873000000000
0.00703896000000000
0.00645412000000000
0.00603359000000000
0.00668950000000000
0.00798221000000000
0.00675489000000000
0.00445693000000000
0.00639495000000000
0.0105245000000000
0.0146652000000000
0.0160503000000000
0.0141333000000000
0.0101946000000000
0.00376032000000000
-0.00346194000000000
-0.00908797000000000
-0.0101654000000000
-0.00820863000000000
-0.00681449000000000
-0.00668459000000000
-0.00673464000000000
-0.00550570000000000
-0.00435329000000000
-0.00416179000000000
-0.00519956000000000
-0.00694748000000000
-0.00685405000000000
-0.00459563000000000
-0.00137897000000000
0.00245222000000000
0.00507483000000000
0.00523500000000000
0.00360663000000000
0.000256936000000000
-0.00225073000000000
-0.00303939000000000
-0.00230273000000000
0.00102528000000000
0.00347506000000000
0.00243871000000000
-0.00119235000000000
-0.00521274000000000
-0.00687407000000000
-0.00538097000000000
-0.00422226000000000
-0.00593015000000000
-0.00847114000000000
-0.0112710000000000
-0.0139129000000000
-0.0140754000000000
-0.0104251000000000
-0.00591862000000000
-0.00336912000000000
-0.00158072000000000
0.000805746000000000
0.00450433000000000
0.00724200000000000
0.00750011000000000
0.00701066000000000
0.00740539000000000
0.00953394000000000
0.0110447000000000
0.0107588000000000
0.00934272000000000
0.00695266000000000
0.00562576000000000
0.00604881000000000
0.00791182000000000
0.0100814000000000
0.0112516000000000
0.0111747000000000
0.00807660000000000
0.00329079000000000
0.000497701000000000
-6.47705000000000e-05
-0.000488345000000000
-0.00295874000000000
-0.00556534000000000
-0.00422425000000000
-0.000734012000000000
0.00156378000000000
0.00302996000000000
0.00463826000000000
0.00658845000000000
0.00751906000000000
0.00748783000000000
0.00748780000000000
0.00622054000000000
0.00301999000000000
-0.00143642000000000
-0.00567009000000000
-0.00823468000000000
-0.00819082000000000
-0.00649543000000000
-0.00534452000000000
-0.00445992000000000
-0.00433703000000000
-0.00539396000000000
-0.00584923000000000
-0.00443288000000000
-0.000912185000000000
0.00209178000000000
0.00220413000000000
0.000326838000000000
-0.00183897000000000
-0.00274174000000000
-0.00308471000000000
-0.00406554000000000
-0.00366364000000000
-0.00237365000000000
-0.00314750000000000
-0.00493203000000000
-0.00590732000000000
-0.00588062000000000
-0.00677757000000000
-0.0105190000000000
-0.0142203000000000
-0.0162042000000000
-0.0173159000000000
-0.0162253000000000
-0.0130330000000000
-0.00932374000000000
-0.00714155000000000
-0.00809156000000000
-0.0105742000000000
-0.0127126000000000
-0.0138051000000000
-0.0138522000000000
-0.0126439000000000
-0.00967384000000000
-0.00639853000000000
-0.00537977000000000
-0.00680352000000000
-0.00782773000000000
-0.00766964000000000
-0.00779220000000000
-0.00877128000000000
-0.0107045000000000
-0.0121174000000000
-0.0109689000000000
-0.00781718000000000
-0.00472063000000000
-0.00172376000000000
0.00227649000000000
0.00694149000000000
0.0103884000000000
0.0111535000000000
0.00991601000000000
0.00739638000000000
0.00404553000000000
0.00164389000000000
0.00222359000000000
0.00528514000000000
0.00700482000000000
0.00686809000000000
0.00746689000000000
0.00702956000000000
0.00369297000000000
-0.000289710000000000
-0.00231913000000000
-0.00104604000000000
0.00277614000000000
0.00681673000000000
0.0104205000000000
0.0133391000000000
0.0144543000000000
0.0149775000000000
0.0160559000000000
0.0164638000000000
0.0151549000000000
0.0118679000000000
0.00847529000000000
0.00643863000000000
0.00548500000000000
0.00646803000000000
0.00929080000000000
0.0123288000000000
0.0140382000000000
0.0146664000000000
0.0154161000000000
0.0149256000000000
0.0131422000000000
0.0117352000000000
0.00930612000000000
0.00649746000000000
0.00514014000000000
0.00523980000000000
0.00664859000000000
0.00656881000000000
0.00472972000000000
0.00403435000000000
0.00520776000000000
0.00796354000000000
0.0110724000000000
0.0128029000000000
0.0130946000000000
0.0121608000000000
0.0100676000000000
0.00769069000000000
0.00520402000000000
0.00335020000000000
0.00261594000000000
0.00194801000000000
0.00155094000000000
0.00257889000000000
0.00455664000000000
0.00555518000000000
0.00566472000000000
0.00627182000000000
0.00614417000000000
0.00414688000000000
0.00213863000000000
0.00239311000000000
0.00499786000000000
0.00647973000000000
0.00429013000000000
0.000387451000000000
-0.00309098000000000
-0.00631987000000000
-0.00976739000000000
-0.0113895000000000
-0.0101253000000000
-0.00873566000000000
-0.00780196000000000
-0.00604299000000000
-0.00410848000000000
-0.00344194000000000
-0.00422653000000000
-0.00502818000000000
-0.00613257000000000
-0.00743647000000000
-0.00719534000000000
-0.00547886000000000
-0.00307324000000000
-0.000425555000000000
0.00138587000000000
0.00102826000000000
-0.000827961000000000
-0.00257650000000000
-0.00415360000000000
-0.00636086000000000
-0.0101529000000000
-0.0159997000000000
-0.0219329000000000
-0.0244026000000000
-0.0230850000000000
-0.0192916000000000
-0.0134064000000000
-0.00792846000000000
-0.00450672000000000
-0.00276988000000000
-0.00319387000000000
-0.00517348000000000
-0.00732105000000000
-0.00829678000000000
-0.00798923000000000
-0.00794147000000000
-0.00761221000000000
-0.00625198000000000
-0.00490991000000000
-0.00444098000000000
-0.00566492000000000
-0.00706509000000000
-0.00653293000000000
-0.00523733000000000
-0.00347216000000000
-0.00175621000000000
-0.00231255000000000
-0.00490625000000000
-0.00834263000000000
-0.0113994000000000
-0.0138768000000000
-0.0160049000000000
-0.0162982000000000
-0.0155152000000000
-0.0147759000000000
-0.0139796000000000
-0.0130313000000000
-0.0106802000000000
-0.00783026000000000
-0.00471643000000000
-0.000344233000000000
0.00406346000000000
0.00738121000000000
0.00929868000000000
0.00937545000000000
0.00734723000000000
0.00473440000000000
0.00342745000000000
0.00380508000000000
0.00391793000000000
0.00307053000000000
0.00231981000000000
0.00120013000000000
0.000104705000000000
-0.000920303000000000
-0.00182303000000000
-0.00270728000000000
-0.00472884000000000
-0.00689940000000000
-0.00824847000000000
-0.00848471000000000
-0.00749709000000000
-0.00706668000000000
-0.00744009000000000
-0.00609911000000000
-0.00223600000000000
0.00179739000000000
0.00430354000000000
0.00570794000000000
0.00605685000000000
0.00490683000000000
0.00370721000000000
0.00452314000000000
0.00587741000000000
0.00602295000000000
0.00489526000000000
0.00271906000000000
0.00120470000000000
0.000961796000000000
0.00220950000000000
0.00452702000000000
0.00552919000000000
0.00452026000000000
0.00300241000000000
0.00296534000000000
0.00390592000000000
0.00445694000000000
0.00591174000000000
0.00876788000000000
0.0119087000000000
0.0143291000000000
0.0153514000000000
0.0147674000000000
0.0120954000000000
0.00814118000000000
0.00566553000000000
0.00617237000000000
0.00811583000000000
0.00945264000000000
0.00942761000000000
0.00803896000000000
0.00687914000000000
0.00685494000000000
0.00663699000000000
0.00665148000000000
0.00795924000000000
0.00963269000000000
0.0109845000000000
0.0114492000000000
0.0102642000000000
0.00796857000000000
0.00636618000000000
0.00666199000000000
0.00809916000000000
0.00899737000000000
0.00849390000000000
0.00801020000000000
0.00876805000000000
0.00968863000000000
0.00978988000000000
0.00918313000000000
0.00861923000000000
0.00742615000000000
0.00464007000000000
0.00135681000000000
-0.00189549000000000
-0.00456742000000000
-0.00577898000000000
-0.00603050000000000
-0.00590824000000000
-0.00553761000000000
-0.00439936000000000
-0.00284812000000000
-0.00215839000000000
-0.00259655000000000
-0.00358323000000000
-0.00464541000000000
-0.00686074000000000
-0.00989661000000000
-0.0122302000000000
-0.0143336000000000
-0.0161839000000000
-0.0172511000000000
-0.0169051000000000
-0.0150534000000000
-0.0123727000000000
-0.00857757000000000
-0.00432183000000000
-0.000909753000000000
0.000449029000000000
-1.56318000000000e-05
-0.00136875000000000
-0.00457875000000000
-0.00754603000000000
-0.00787962000000000
-0.00644215000000000
-0.00374757000000000
-0.000570150000000000
0.00190148000000000
0.00208254000000000
0.000356110000000000
-0.00116545000000000
-0.00162414000000000
-0.00118378000000000
-0.000667432000000000
-0.000730747000000000
-0.00141274000000000
-0.00164740000000000
-0.00161617000000000
-0.00276138000000000
-0.00458383000000000
-0.00580604000000000
-0.00576110000000000
-0.00466030000000000
-0.00216221000000000
0.00200273000000000
0.00529517000000000
0.00623189000000000
0.00640498000000000
0.00686410000000000
0.00760336000000000
0.00899737000000000
0.0107531000000000
0.0106864000000000
0.00769512000000000
0.00377853000000000
0.00197184000000000
0.00180974000000000
0.000905624000000000
-0.000522434000000000
-0.00239414000000000
-0.00416366000000000
-0.00471176000000000
-0.00409591000000000
-0.00230806000000000
0.000487373000000000
0.00365960000000000
0.00568316000000000
0.00532410000000000
0.00311746000000000
0.000242888000000000
-0.00195231000000000
-0.00260025000000000
-0.00177603000000000
0.000570613000000000
0.00255300000000000
0.00240744000000000
0.00149070000000000
0.00118959000000000
0.00205095000000000
0.00339487000000000
0.00447027000000000
0.00543565000000000
0.00509838000000000
0.00243031000000000
-0.00190291000000000
-0.00626907000000000
-0.00843230000000000
-0.00792916000000000
-0.00569359000000000
-0.00251289000000000
0.000579996000000000
0.00257049000000000
0.00258876000000000
0.00181789000000000
0.00196719000000000
0.00241355000000000
0.00241000000000000
0.00145285000000000
-0.00101897000000000
-0.00400027000000000
-0.00605293000000000
-0.00678653000000000
-0.00636505000000000
-0.00548710000000000
-0.00486486000000000
-0.00465688000000000
-0.00519604000000000
-0.00589643000000000
-0.00495197000000000
-0.00218404000000000
0.00117043000000000
0.00381739000000000
0.00324769000000000
-0.000941755000000000
-0.00588940000000000
-0.00999839000000000
-0.0125225000000000
-0.0134948000000000
-0.0135511000000000
-0.0120203000000000
-0.00867563000000000
-0.00426883000000000
4.59999000000000e-05
0.00298912000000000
0.00438882000000000
0.00508917000000000
0.00530781000000000
0.00538263000000000
0.00614638000000000
0.00717198000000000
0.00806248000000000
0.00802441000000000
0.00541771000000000
0.00133741000000000
-0.00112678000000000
-0.000849117000000000
0.000791505000000000
0.00177770000000000
0.00161929000000000
0.000817724000000000
-0.000829045000000000
-0.00262173000000000
-0.00253283000000000
0.000750821000000000
0.00549333000000000
0.00821028000000000
0.00807893000000000
0.00674232000000000
0.00594923000000000
0.00526523000000000
0.00407833000000000
0.00400142000000000
0.00497521000000000
0.00538203000000000
0.00446217000000000
0.00247592000000000
0.000514180000000000
-0.000607750000000000
-0.00108097000000000
-0.00149396000000000
-0.00159114000000000
-0.00102307000000000
0.000212735000000000
0.00206777000000000
0.00369375000000000
0.00355221000000000
0.00210508000000000
0.00125440000000000
0.000963143000000000
0.000713458000000000
0.000196400000000000
-0.00104957000000000
-0.00283857000000000
-0.00390058000000000
-0.00267165000000000
0.000163764000000000
0.00272133000000000
0.00328685000000000
0.00169217000000000
-0.000159538000000000
-0.00171190000000000
-0.00288057000000000
-0.00296727000000000
-0.00213319000000000
-0.00101782000000000
-0.000596359000000000
-0.000858224000000000
-0.00125927000000000
-0.00168243000000000
-0.00225909000000000
-0.00370129000000000
-0.00462650000000000
-0.00326433000000000
-0.000814107000000000
0.000978582000000000
0.00149852000000000
0.00110644000000000
0.000711014000000000
0.00102679000000000
0.00175378000000000
0.00246684000000000
0.00306802000000000
0.00290181000000000
0.00220879000000000
0.00159837000000000
0.000797279000000000
0.000228017000000000
0.000541804000000000
0.00178119000000000
0.00413210000000000
0.00704272000000000
0.00904560000000000
0.00954575000000000
0.00911338000000000
0.00847838000000000
0.00792442000000000
0.00737010000000000
0.00630280000000000
0.00440764000000000
0.00277465000000000
0.00229285000000000
0.00269834000000000
0.00409855000000000
0.00649436000000000
0.00935100000000000
0.0118914000000000
0.0132314000000000
0.0132206000000000
0.0121495000000000
0.0108947000000000
0.00954587000000000
0.00734413000000000
0.00489437000000000
0.00244101000000000
0.000100558000000000
-0.00116585000000000
-0.000885452000000000
0.000329319000000000
0.00133099000000000
0.00147112000000000
0.00118878000000000
0.00134465000000000
0.00179036000000000
0.00290741000000000
0.00409247000000000
0.00383552000000000
0.00314728000000000
0.00280375000000000
0.00276974000000000
0.00279169000000000
0.00236280000000000
0.00199904000000000
0.00134007000000000
-0.000819710000000000
-0.00448310000000000
-0.00797007000000000
-0.00961990000000000
-0.00916822000000000
-0.00687444000000000
-0.00390698000000000
-0.00154249000000000
-0.000477413000000000
-0.000881167000000000
-0.00177219000000000
-0.00209107000000000
-0.00137770000000000
-0.000514583000000000
-0.000423936000000000
-0.000867609000000000
-0.00176787000000000
-0.00275607000000000
-0.00350435000000000
-0.00393836000000000
-0.00354224000000000
-0.00333808000000000
-0.00456467000000000
-0.00629519000000000
-0.00834502000000000
-0.0105820000000000
-0.0119511000000000
-0.0113803000000000
-0.00855241000000000
-0.00588707000000000
-0.00470568000000000
-0.00464690000000000
-0.00563497000000000
-0.00741396000000000
-0.00963198000000000
-0.0104891000000000
-0.00917925000000000
-0.00669187000000000
-0.00424535000000000
-0.00227797000000000
-0.000689638000000000
-0.000240180000000000
-0.000918930000000000
-0.00215023000000000
-0.00328540000000000
-0.00335044000000000
-0.00266663000000000
-0.00256703000000000
-0.00290265000000000
-0.00299799000000000
-0.00311609000000000
-0.00389389000000000
-0.00575067000000000
-0.00763230000000000
-0.00866674000000000
-0.00836682000000000
-0.00695502000000000
-0.00602309000000000
-0.00601492000000000
-0.00633304000000000
-0.00570652000000000
-0.00434262000000000
-0.00339658000000000
-0.00234704000000000
-0.000932310000000000
0.00162414000000000
0.00468195000000000
0.00603689000000000
0.00616839000000000
0.00608793000000000
0.00635702000000000
0.00736627000000000
0.00815779000000000
0.00829720000000000
0.00889621000000000
0.00999113000000000
0.0106012000000000
0.0111303000000000
0.0115227000000000
0.0117691000000000
0.0126983000000000
0.0130551000000000
0.0116102000000000
0.00907187000000000
0.00672322000000000
0.00509663000000000
0.00308251000000000
0.000753521000000000
-0.000620346000000000
-0.000503873000000000
0.00131739000000000
0.00398143000000000
0.00633343000000000
0.00768506000000000
0.00771678000000000
0.00687596000000000
0.00525079000000000
0.00281970000000000
0.00129126000000000
0.00165057000000000
0.00283792000000000
0.00403341000000000
0.00441114000000000
0.00461725000000000
0.00597237000000000
0.00735547000000000
0.00747303000000000
0.00643328000000000
0.00439852000000000
0.00177597000000000
-0.000524666000000000
-0.00261139000000000
-0.00491865000000000
-0.00647046000000000
-0.00658802000000000
-0.00625990000000000
-0.00615644000000000
-0.00534731000000000
-0.00316660000000000
-0.000152845000000000
0.00267237000000000
0.00431601000000000
0.00483805000000000
0.00500816000000000
0.00503429000000000
0.00440386000000000
0.00302048000000000
0.00187794000000000
0.000846623000000000
-0.000863387000000000
-0.00296724000000000
-0.00556856000000000
-0.00801759000000000
-0.00959551000000000
-0.0100896000000000
-0.00899966000000000
-0.00770298000000000
-0.00737274000000000
-0.00781680000000000
-0.00867743000000000
-0.00962572000000000
-0.0103901000000000
-0.0100487000000000
-0.00896069000000000
-0.00891185000000000
-0.0101505000000000
-0.0116410000000000
-0.0125789000000000
-0.0121186000000000
-0.0101030000000000
-0.00739004000000000
-0.00534959000000000
-0.00479681000000000
-0.00511890000000000
-0.00576302000000000
-0.00579000000000000
-0.00482381000000000
-0.00431133000000000
-0.00447547000000000
-0.00469298000000000
-0.00503855000000000
-0.00552336000000000
-0.00603562000000000
-0.00601039000000000
-0.00499819000000000
-0.00396004000000000
-0.00343428000000000
-0.00291911000000000
-0.00273955000000000
-0.00292479000000000
-0.00335712000000000
-0.00374510000000000
-0.00369123000000000
-0.00398731000000000
-0.00497111000000000
-0.00580078000000000
-0.00545751000000000
-0.00428985000000000
-0.00304662000000000
-0.00150963000000000
0.000504761000000000
0.00282710000000000
0.00504948000000000
0.00720174000000000
0.00927260000000000
0.0107328000000000
0.0112655000000000
0.0105533000000000
0.00862801000000000
0.00688834000000000
0.00672376000000000
0.00788855000000000
0.00907142000000000
0.00902233000000000
0.00813963000000000
0.00746646000000000
0.00669497000000000
0.00546293000000000
0.00395496000000000
0.00227421000000000
0.000755935000000000
5.00664000000000e-05
0.000470202000000000
0.00135187000000000
0.00172714000000000
0.00151370000000000
0.000927868000000000
0.000159012000000000
-0.000476915000000000
-0.00129489000000000
-0.00206691000000000
-0.00180553000000000
-0.000128974000000000
0.00275076000000000
0.00575819000000000
0.00794159000000000
0.00948935000000000
0.0104212000000000
0.0101325000000000
0.00827080000000000
0.00573989000000000
0.00389472000000000
0.00345908000000000
0.00444102000000000
0.00559358000000000
0.00595556000000000
0.00531087000000000
0.00385472000000000
0.00258557000000000
0.00213281000000000
0.00216759000000000
0.00206763000000000
0.00155656000000000
0.000405464000000000
-0.000953665000000000
-0.00203581000000000
-0.00300837000000000
-0.00288369000000000
-0.00154548000000000
-0.000634852000000000
-0.000217010000000000
-0.000109155000000000
-0.000585639000000000
-0.00140112000000000
-0.00226872000000000
-0.00226656000000000
-0.00194354000000000
-0.00248164000000000
-0.00346995000000000
-0.00463029000000000
-0.00582524000000000
-0.00645863000000000
-0.00598558000000000
-0.00489573000000000
-0.00418413000000000
-0.00384387000000000
-0.00380173000000000
-0.00468353000000000
-0.00624796000000000
-0.00727302000000000
-0.00735438000000000
-0.00716927000000000
-0.00698104000000000
-0.00653705000000000
-0.00611981000000000
-0.00616220000000000
-0.00634823000000000
-0.00591550000000000
-0.00504300000000000
-0.00386378000000000
-0.00207205000000000
-0.000175192000000000
0.000907625000000000
0.000690771000000000
8.66871000000000e-05
-0.000154894000000000
0.000112406000000000
0.000470093000000000
0.000184291000000000
-0.000731941000000000
-0.00261977000000000
-0.00416916000000000
-0.00447089000000000
-0.00434532000000000
-0.00384995000000000
-0.00351743000000000
-0.00335054000000000
-0.00303939000000000
-0.00274278000000000
-0.00265570000000000
-0.00261348000000000
-0.00213667000000000
-0.00112069000000000
0.000526105000000000
0.00257739000000000
0.00451505000000000
0.00569278000000000
0.00609558000000000
0.00614996000000000
0.00601452000000000
0.00557313000000000
0.00461849000000000
0.00360597000000000
0.00256618000000000
0.00147832000000000
0.000708257000000000
0.000289453000000000
0.000322686000000000
0.000534932000000000
0.000653511000000000
0.000409644000000000
-2.99562000000000e-05
-0.000369856000000000
-0.000730678000000000
-0.000821773000000000
-0.000797497000000000
-0.000336505000000000
0.000891884000000000
0.00234444000000000
0.00382564000000000
0.00474571000000000
0.00520000000000000
0.00598496000000000
0.00681779000000000
0.00734092000000000
0.00754652000000000
0.00765781000000000
0.00782739000000000
0.00771415000000000
0.00672130000000000
0.00484250000000000
0.00345066000000000
0.00316801000000000
0.00371150000000000
0.00447257000000000
0.00392894000000000
0.00212055000000000
-0.000150705000000000
-0.00265947000000000
-0.00473873000000000
-0.00567666000000000
-0.00524842000000000
-0.00415835000000000
-0.00283960000000000
-0.00102625000000000
0.00128650000000000
0.00343747000000000
0.00479016000000000
0.00562204000000000
0.00602090000000000
0.00542980000000000
0.00360322000000000
0.00109537000000000
-0.00139232000000000
-0.00338796000000000
-0.00466467000000000
-0.00577269000000000
-0.00682713000000000
-0.00733979000000000
-0.00728683000000000
-0.00722577000000000
-0.00839508000000000
-0.0106626000000000
-0.0125189000000000
-0.0134740000000000
-0.0137944000000000
-0.0135190000000000
-0.0124671000000000
-0.0109626000000000
-0.00913059000000000
-0.00670788000000000
-0.00458313000000000
-0.00321773000000000
-0.00212831000000000
-0.00209552000000000
-0.00327957000000000
-0.00454642000000000
-0.00561648000000000
-0.00611745000000000
-0.00553687000000000
-0.00402381000000000
-0.00226279000000000
-0.00159871000000000
-0.00233378000000000
-0.00305001000000000
-0.00254286000000000
-0.00117660000000000
-0.000285960000000000
-0.000442779000000000
-0.00103898000000000
-0.00115360000000000
-0.000525156000000000
6.57509000000000e-05
0.000223985000000000
0.000579123000000000
0.00113378000000000
0.00129372000000000
0.00108841000000000
0.000722228000000000
-6.82376000000000e-05
-0.00155882000000000
-0.00297204000000000
-0.00335506000000000
-0.00311956000000000
-0.00257818000000000
-0.00138561000000000
-6.35388000000000e-05
0.000633890000000000
0.000621387000000000
0.000216815000000000
0.000213121000000000
0.00102118000000000
0.00226230000000000
0.00345546000000000
0.00398292000000000
0.00412970000000000
0.00469901000000000
0.00490038000000000
0.00384294000000000
0.00198935000000000
0.000298124000000000
-0.000447459000000000
-0.000676276000000000
-0.000899359000000000
-0.000624906000000000
0.000326070000000000
0.00176904000000000
0.00289425000000000
0.00288499000000000
0.00190562000000000
0.000112893000000000
-0.00189340000000000
-0.00333453000000000
-0.00391036000000000
-0.00314404000000000
-0.000893492000000000
0.00186297000000000
0.00368105000000000
0.00436871000000000
0.00448206000000000
0.00393135000000000
0.00265541000000000
0.00140826000000000
0.000787222000000000
0.000736481000000000
0.00139307000000000
0.00262329000000000
0.00387532000000000
0.00476837000000000
0.00499386000000000
0.00426285000000000
0.00269390000000000
0.00137128000000000
0.00101608000000000
0.00114377000000000
0.00156873000000000
0.00206402000000000
0.00219625000000000
0.00195088000000000
0.00119469000000000
0.000329715000000000
6.46261000000000e-05
0.000261745000000000
0.000582577000000000
0.000731234000000000
0.000378511000000000
-0.000286049000000000
-0.00109487000000000
-0.00193450000000000
-0.00262386000000000
-0.00304583000000000
-0.00301151000000000
-0.00281285000000000
-0.00233858000000000
-0.00122373000000000
-0.000197920000000000
0.000246965000000000
0.000677415000000000
0.00113014000000000
0.00114119000000000
0.000749819000000000
0.000249429000000000
0.000164926000000000
0.000432001000000000
0.000699465000000000
0.00144962000000000
0.00255221000000000
0.00297469000000000
0.00229653000000000
0.00128574000000000
0.000790798000000000
0.000370742000000000
-0.000322304000000000
-0.000534831000000000
8.99068000000000e-05
0.000940525000000000
0.00121076000000000
0.000742305000000000
0.000238606000000000
0.000457932000000000
0.000934692000000000
0.000747420000000000
2.76444000000000e-06
-0.000909491000000000
-0.00173050000000000
-0.00217951000000000
-0.00225058000000000
-0.00192088000000000
-0.00114322000000000
-0.000188569000000000
0.000504767000000000
0.000436219000000000
-0.000357085000000000
-0.00115500000000000
-0.00133368000000000
-0.000557654000000000
0.000978273000000000
0.00275795000000000
0.00413885000000000
0.00478127000000000
0.00491701000000000
0.00428217000000000
0.00297710000000000
0.00170700000000000
0.000941521000000000
0.000806223000000000
0.000805425000000000
0.000573422000000000
-0.000268327000000000
-0.00146690000000000
-0.00211149000000000
-0.00157878000000000
0.000408357000000000
0.00318934000000000
0.00584931000000000
0.00722886000000000
0.00667444000000000
0.00520350000000000
0.00370821000000000
0.00228744000000000
0.00103317000000000
0.000109708000000000
-0.000381475000000000
-0.000166752000000000
0.000769782000000000
0.00170367000000000
0.00214198000000000
0.00207827000000000
0.00196376000000000
0.00215206000000000
0.00198832000000000
0.00114907000000000
0.000126009000000000
-0.000773497000000000
-0.00120693000000000
-0.000678899000000000
0.000680413000000000
0.00201211000000000
0.00287800000000000
0.00321294000000000
0.00268611000000000
0.00149732000000000
-0.000110405000000000
-0.00192152000000000
-0.00295795000000000
-0.00291320000000000
-0.00232719000000000
-0.00153668000000000
-0.000602428000000000
0.000603357000000000
0.00180604000000000
0.00246059000000000
0.00248963000000000
0.00209380000000000
0.00122071000000000
-0.000116193000000000
-0.00126385000000000
-0.00162978000000000
-0.00155595000000000
-0.00139065000000000
-0.000975348000000000
-0.000499589000000000
-0.000368698000000000
-0.000529251000000000
-0.000631044000000000
-0.000676382000000000
-0.000831893000000000
-0.00118841000000000
-0.00177171000000000
-0.00233066000000000
-0.00286551000000000
-0.00339951000000000
-0.00356132000000000
-0.00332242000000000
-0.00254806000000000
-0.00110019000000000
0.000397687000000000
0.00139147000000000
0.00142573000000000
0.000760093000000000
-1.74049000000000e-05
-0.00110757000000000
-0.00212120000000000
-0.00277802000000000
-0.00341836000000000
-0.00391184000000000
-0.00383787000000000
-0.00315738000000000
-0.00253938000000000
-0.00213776000000000
-0.00170674000000000
-0.00140645000000000
-0.00114913000000000
-0.00107085000000000
-0.00154025000000000
-0.00229622000000000
-0.00291873000000000
-0.00274710000000000
-0.00144208000000000
0.000157859000000000
0.00143779000000000
0.00208192000000000
0.00211715000000000
0.00181320000000000
0.000851794000000000
-0.000367022000000000
-0.00143731000000000
-0.00245183000000000
-0.00332631000000000
-0.00429663000000000
-0.00474140000000000
-0.00422246000000000
-0.00317588000000000
-0.00189028000000000
-0.00119067000000000
-0.000818383000000000
-0.000307439000000000
-0.000188548000000000
0.000119919000000000
0.000843476000000000
0.00102740000000000
0.000157657000000000
-0.00142345000000000
-0.00243743000000000
-0.00192554000000000
-0.000864239000000000
-0.000611532000000000
-0.00103965000000000
-0.00148485000000000
-0.00139688000000000
-0.000497581000000000
0.000400016000000000
0.000323774000000000
-0.000435285000000000
-0.00132761000000000
-0.00184378000000000
-0.00170975000000000
-0.00146083000000000
-0.000934558000000000
-3.77724000000000e-05
0.000508993000000000
0.000372992000000000
-0.000476163000000000
-0.00139762000000000
-0.00161954000000000
-0.00145133000000000
-0.00163578000000000
-0.00161081000000000
-0.000434076000000000
0.000780494000000000
0.00114483000000000
0.00160304000000000
0.00274512000000000
0.00382087000000000
0.00370596000000000
0.00252270000000000
0.00107295000000000
-2.35924000000000e-05
-0.000656477000000000
-0.00154624000000000
-0.00297584000000000
-0.00432181000000000
-0.00474144000000000
-0.00424225000000000
-0.00385379000000000
-0.00401987000000000
-0.00416557000000000
-0.00377833000000000
-0.00296861000000000
-0.00213180000000000
-0.00133932000000000
-0.000579952000000000
0.000214967000000000
0.00131246000000000
0.00220879000000000
0.00220587000000000
0.00137191000000000
0.000140977000000000
-0.00121712000000000
-0.00291365000000000
-0.00478369000000000
-0.00589445000000000
-0.00575054000000000
-0.00500023000000000
-0.00431722000000000
-0.00372002000000000
-0.00309865000000000
-0.00248642000000000
-0.00199941000000000
-0.00165884000000000
-0.00144043000000000
-0.00120624000000000
-0.00101300000000000
-0.00123862000000000
-0.00194691000000000
-0.00275244000000000
-0.00322784000000000
-0.00344086000000000
-0.00321204000000000
-0.00199391000000000
-0.000482033000000000
8.85113000000000e-05
-0.000414461000000000
-0.00106764000000000
-0.000940511000000000
-0.000252544000000000
0.000138048000000000
0.000159152000000000
0.000264456000000000
0.000552409000000000
0.000933224000000000
0.000924292000000000
0.000221187000000000
-0.000956993000000000
-0.00251880000000000
-0.00403660000000000
-0.00519665000000000
-0.00553991000000000
-0.00468163000000000
-0.00354620000000000
-0.00286665000000000
-0.00259152000000000
-0.00254009000000000
-0.00254581000000000
-0.00242867000000000
-0.00181930000000000
-0.000637045000000000
0.000607261000000000
0.00150078000000000
0.00205164000000000
0.00215126000000000
0.00216617000000000
0.00283160000000000
0.00388922000000000
0.00474082000000000
0.00531940000000000
0.00569054000000000
0.00583617000000000
0.00529003000000000
0.00417043000000000
0.00303295000000000
0.00140574000000000
-0.000722962000000000
-0.00271066000000000
-0.00398585000000000
-0.00433908000000000
-0.00463404000000000
-0.00513271000000000
-0.00514732000000000
-0.00440182000000000
-0.00290763000000000
-0.00130604000000000
-0.000532503000000000
-0.000559810000000000
-0.000778449000000000
-0.000828791000000000
-0.000912823000000000
-0.00138455000000000
-0.00208068000000000
-0.00266205000000000
-0.00306989000000000
-0.00356326000000000
-0.00428700000000000
-0.00483406000000000
-0.00475866000000000
-0.00432609000000000
-0.00387246000000000
-0.00320902000000000
-0.00271680000000000
-0.00271142000000000
-0.00236951000000000
-0.00129530000000000
6.60650000000000e-07
0.000819005000000000
0.00128909000000000
0.00247692000000000
0.00392105000000000
0.00441475000000000
0.00411567000000000
0.00338700000000000
0.00271196000000000
0.00273029000000000
0.00303248000000000
0.00313134000000000
0.00324366000000000
0.00309002000000000
0.00248718000000000
0.00199446000000000
0.00211583000000000
0.00274442000000000
0.00304430000000000
0.00280490000000000
0.00290243000000000
0.00344978000000000
0.00393332000000000
0.00432983000000000
0.00431937000000000
0.00358469000000000
0.00253078000000000
0.00166287000000000
0.00114747000000000
0.00115934000000000
0.00173635000000000
0.00237749000000000
0.00264597000000000
0.00234964000000000
0.00161349000000000
0.000969869000000000
0.00105565000000000
0.00214830000000000
0.00372258000000000
0.00519297000000000
0.00624632000000000
0.00679571000000000
0.00692428000000000
0.00681317000000000
0.00706320000000000
0.00766566000000000
0.00751632000000000
0.00578382000000000
0.00310447000000000
0.000752355000000000
-0.000700756000000000
-0.00115701000000000
-0.000865909000000000
-0.000385912000000000
0.000262978000000000
0.00135626000000000
0.00223928000000000
0.00228695000000000
0.00203993000000000
0.00230471000000000
0.00300334000000000
0.00332613000000000
0.00306661000000000
0.00260552000000000
0.00208174000000000
0.00149667000000000
0.000775642000000000
-9.54684000000000e-05
-0.000611477000000000
-0.000576236000000000
-0.000358131000000000
-0.000178074000000000
-0.000122846000000000
-0.000232414000000000
-0.000601639000000000
-0.000991134000000000
-0.00140623000000000
-0.00188373000000000
-0.00210672000000000
-0.00234989000000000
-0.00252237000000000
-0.00232513000000000
-0.00168214000000000
-0.000445862000000000
0.000690939000000000
0.00120391000000000
0.00127309000000000
0.000995427000000000
0.000690914000000000
0.000460840000000000
0.000139425000000000
-8.86846000000000e-06
0.000398474000000000
0.000881741000000000
0.000798620000000000
0.000466880000000000
0.000167776000000000
-2.06917000000000e-05
-9.23773000000000e-05
-0.000293208000000000
-0.000582023000000000
-0.000635627000000000
-0.000578339000000000
-0.000931786000000000
-0.00175304000000000
-0.00280628000000000
-0.00397077000000000
-0.00502528000000000
-0.00565552000000000
-0.00584519000000000
-0.00552139000000000
-0.00487709000000000
-0.00448274000000000
-0.00447797000000000
-0.00464574000000000
-0.00436979000000000
-0.00325037000000000
-0.00148354000000000
0.000425206000000000
0.00180583000000000
0.00253412000000000
0.00296622000000000
0.00290412000000000
0.00204437000000000
0.00102526000000000
0.000329332000000000
-0.000343871000000000
-0.00109705000000000
-0.00164728000000000
-0.00184061000000000
-0.00189339000000000
-0.00204530000000000
-0.00228504000000000
-0.00229775000000000
-0.00190429000000000
-0.00158590000000000
-0.00190616000000000
-0.00294396000000000
-0.00393622000000000
-0.00394422000000000
-0.00344609000000000
-0.00295315000000000
-0.00263006000000000
-0.00215991000000000
-0.00176045000000000
-0.00105658000000000
-0.000833557000000000
-0.000827369000000000
-0.000671533000000000
-0.000755355000000000
-0.000933088000000000
-0.00112495000000000
-0.000991297000000000
-0.000687571000000000
-0.000859286000000000
-0.00109990000000000
-0.00113572000000000
-0.00126412000000000
-0.00149241000000000
-0.00155386000000000
-0.00163713000000000
-0.00194283000000000
-0.00197948000000000
-0.00154407000000000
-0.000656282000000000
0.000251763000000000
0.000535510000000000
9.19197000000000e-05
-0.00142005000000000
-0.00326765000000000
-0.00404778000000000
-0.00399486000000000
-0.00361799000000000
-0.00333116000000000
-0.00367555000000000
-0.00416789000000000
-0.00404336000000000
-0.00338407000000000
-0.00298971000000000
-0.00304771000000000
-0.00291738000000000
-0.00292211000000000
-0.00364815000000000
-0.00423101000000000
-0.00392936000000000
-0.00311171000000000
-0.00245105000000000
-0.00245622000000000
-0.00260941000000000
-0.00207731000000000
-0.00127884000000000
-0.00111719000000000
-0.00157648000000000
-0.00216892000000000
-0.00259711000000000
-0.00282263000000000
-0.00300887000000000
-0.00299317000000000
-0.00269623000000000
-0.00216432000000000
-0.00155336000000000
-0.00102242000000000
-0.000726709000000000
-0.000923349000000000
-0.00103696000000000
-0.000965731000000000
-0.000864974000000000
-0.000729952000000000
-0.000890459000000000
-0.000650856000000000
4.70124000000000e-06
0.000714797000000000
0.00164577000000000
0.00215257000000000
0.00215497000000000
0.00224788000000000
0.00261569000000000
0.00288404000000000
0.00258196000000000
0.00194347000000000
0.00173561000000000
0.00230530000000000
0.00283388000000000
0.00248636000000000
0.00163567000000000
0.00118690000000000
0.00148961000000000
0.00185495000000000
0.00171105000000000
0.00166243000000000
0.00221858000000000
0.00305431000000000
0.00358176000000000
0.00359970000000000
0.00325454000000000
0.00243651000000000
0.00134423000000000
0.000430656000000000
-0.000215898000000000
-0.000342513000000000
0.000330391000000000
0.00133374000000000
0.00213838000000000
0.00284343000000000
0.00334011000000000
0.00338900000000000
0.00314769000000000
0.00270113000000000
0.00208442000000000
0.00143264000000000
0.000857270000000000
0.000518526000000000
0.000397224000000000
0.000604613000000000
0.00120533000000000
0.00162858000000000
0.00185401000000000
0.00234033000000000
0.00273956000000000
0.00270341000000000
0.00269306000000000
0.00327794000000000
0.00427473000000000
0.00499483000000000
0.00532411000000000
0.00573303000000000
0.00619302000000000
0.00610187000000000
0.00561273000000000
0.00530680000000000
0.00499853000000000
0.00446466000000000
0.00373388000000000
0.00301920000000000
0.00252269000000000
0.00203246000000000
0.00168049000000000
0.00144032000000000
0.00102965000000000
0.000764937000000000
0.000666707000000000
0.000466417000000000
3.05309000000000e-05
-0.000692464000000000
-0.00137164000000000
-0.00179596000000000
-0.00178147000000000
-0.00131016000000000
-0.000848026000000000
-0.000447576000000000
7.72851000000000e-05
0.000630828000000000
0.00107393000000000
0.00128906000000000
0.00127877000000000
0.00117445000000000
0.00103292000000000
0.000858980000000000
0.000574122000000000
0.000117142000000000
-0.000207034000000000
-0.000364791000000000
-0.000623480000000000
-0.000795429000000000
-0.000810638000000000
-0.000885848000000000
-0.000832193000000000
-0.000570335000000000
-0.000425617000000000
-0.000344164000000000
-0.000260623000000000
-0.000199700000000000
0.000114164000000000
0.000552317000000000
0.000787427000000000
0.000783881000000000
0.000614381000000000
0.000487052000000000
0.000416486000000000
0.000280359000000000
0.000297115000000000
0.000700314000000000
0.00125160000000000
0.00167813000000000
0.00198717000000000
0.00211235000000000
0.00197025000000000
0.00145066000000000
0.000567081000000000
-0.000267850000000000
-0.000887374000000000
-0.00130905000000000
-0.00151387000000000
-0.00178012000000000
-0.00199836000000000
-0.00186185000000000
-0.00161989000000000
-0.00148792000000000
-0.00131722000000000
-0.00110361000000000
-0.00100994000000000
-0.000855965000000000
-0.000741130000000000
-0.000929700000000000
-0.00110243000000000
-0.000922716000000000
-0.000260501000000000
0.000584227000000000
0.00119468000000000
0.00157664000000000
0.00177644000000000
0.00186703000000000
0.00195348000000000
0.00191830000000000
0.00169348000000000
0.00156828000000000
0.00169503000000000
0.00178734000000000
0.00160248000000000
0.00133375000000000
0.00121664000000000
0.00108004000000000
0.000712546000000000
0.000322083000000000
0.000274634000000000
0.000520356000000000
0.000786141000000000
0.000955328000000000
0.00106937000000000
0.00106964000000000
0.000834446000000000
0.000648509000000000
0.000725427000000000
0.000948166000000000
0.00123359000000000
0.00139952000000000
0.00133039000000000
0.00124698000000000
0.00142340000000000
0.00176129000000000
0.00202537000000000
0.00217185000000000
0.00228369000000000
0.00245081000000000
0.00261858000000000
0.00272806000000000
0.00273519000000000
0.00270709000000000
0.00267091000000000
0.00255583000000000
0.00246478000000000
0.00238963000000000
0.00238848000000000
0.00246437000000000
0.00242835000000000
0.00228828000000000
0.00205386000000000
0.00173081000000000
0.00133071000000000
0.000880169000000000
0.000445868000000000
4.20909000000000e-05
-0.000181135000000000
-0.000122678000000000
0.000157554000000000
0.000668237000000000
0.00124528000000000
0.00162025000000000
0.00178274000000000
0.00177743000000000
0.00160413000000000
0.00130172000000000
0.000918231000000000
0.000545545000000000
0.000265942000000000
8.30172000000000e-05
5.08939000000000e-05
0.000228717000000000
0.000461664000000000
0.000551239000000000
0.000491629000000000
0.000368490000000000
0.000261259000000000
0.000158127000000000
-6.18467000000000e-05
-0.000330765000000000
-0.000514538000000000
-0.000648630000000000
-0.000758434000000000
-0.000852515000000000
-0.000925873000000000
-0.000934755000000000
-0.000828993000000000
-0.000651591000000000
-0.000513555000000000
-0.000366077000000000
-0.000120273000000000
0.000133284000000000
0.000313039000000000
0.000504945000000000
0.000741713000000000
0.000962652000000000
0.00115097000000000
0.00130174000000000
0.00138259000000000
0.00133651000000000
0.00116282000000000
0.000926673000000000
0.000717226000000000
0.000642565000000000
0.000695695000000000
0.000773577000000000
0.000845089000000000
0.000899934000000000
0.000899105000000000
0.000848607000000000
0.000786190000000000
0.000742103000000000
0.000697606000000000
0.000622241000000000
0.000554883000000000
0.000481386000000000
0.000372928000000000
0.000318401000000000
0.000363105000000000
0.000460344000000000
0.000569417000000000
0.000621666000000000
0.000584331000000000
0.000532436000000000
0.000502423000000000
0.000461352000000000
0.000412231000000000
0.000375174000000000
0.000358509000000000
0.000332160000000000
0.000263060000000000
0.000190968000000000
0.000154994000000000
0.000137098000000000
0.000100318000000000
3.49455000000000e-05
-3.79474000000000e-05
-9.59486000000000e-05
-0.000134773000000000
-0.000163391000000000
-0.000174414000000000
-0.000168082000000000
-0.000160357000000000
-0.000143784000000000
-0.000114862000000000
-8.44128000000000e-05
-6.36143000000000e-05
-6.26066000000000e-05
-7.33246000000000e-05
-9.63025000000000e-05
-0.000135844000000000
-0.000195654000000000
-0.000272732000000000
-0.000337784000000000
-0.000374923000000000
-0.000378570000000000
-0.000359303000000000
-0.000336982000000000
-0.000321040000000000
-0.000327974000000000
-0.000357420000000000
-0.000395983000000000
-0.000427372000000000
-0.000440126000000000
-0.000443377000000000
-0.000442154000000000
-0.000432408000000000
-0.000415291000000000
-0.000400110000000000
-0.000391702000000000
-0.000386477000000000
-0.000393000000000000
-0.000415241000000000
-0.000435744000000000
-0.000445340000000000
-0.000453908000000000
-0.000470521000000000
-0.000488257000000000
-0.000499086000000000
-0.000507281000000000
-0.000515617000000000
-0.000524341000000000
-0.000534563000000000
-0.000543143000000000
-0.000549753000000000
-0.000558078000000000
-0.000566416000000000
-0.000570051000000000
-0.000568631000000000
-0.000571053000000000
-0.000583993000000000
-0.000599799000000000
-0.000610086000000000
-0.000614631000000000
-0.000616594000000000
-0.000618419000000000
-0.000620884000000000
-0.000625599000000000
-0.000633278000000000
-0.000642134000000000
-0.000650567000000000
-0.000658614000000000
-0.000666783000000000
-0.000674469000000000
-0.000680176000000000
-0.000683648000000000
-0.000686968000000000
-0.000691325000000000
-0.000696376000000000
-0.000701501000000000
-0.000705510000000000
-0.000708638000000000
-0.000712099000000000
-0.000716352000000000
-0.000720959000000000
-0.000724930000000000
-0.000728348000000000
-0.000731746000000000
-0.000735120000000000
-0.000738637000000000
-0.000742300000000000
-0.000745829000000000
-0.000748988000000000
-0.000751842000000000
-0.000754699000000000
-0.000757621000000000
-0.000760549000000000
-0.000763431000000000
-0.000766227000000000
-0.000768974000000000
-0.000771613000000000
-0.000774102000000000
-0.000776472000000000
-0.000778729000000000
-0.000780876000000000
-0.000782902000000000
-0.000784791000000000
-0.000786546000000000
-0.000788176000000000
-0.000789688000000000
-0.000791077000000000
-0.000792337000000000
-0.000793466000000000
-0.000794464000000000
-0.000795329000000000
-0.000796059000000000
-0.000796652000000000
-0.000797108000000000
-0.000797426000000000
0
0
0
0