-9.55769000000000e-06
-7.71450000000000e-06
1.57217000000000e-06
3.53245000000000e-05
6.17862000000000e-05
5.10819000000000e-05
6.30495000000000e-05
0.000151362000000000
0.000250250000000000
0.000180763000000000
4.50498000000000e-05
5.21442000000000e-05
5.48161000000000e-05
-6.61155000000000e-05
-0.000376868000000000
-0.000569480000000000
-0.000283101000000000
5.31629000000000e-05
-0.000290568000000000
-0.00120906000000000
-0.00180950000000000
-0.00110115000000000
0.000536425000000000
0.00123901000000000
0.00126801000000000
0.00161256000000000
0.00178126000000000
0.000969930000000000
0.000460416000000000
0.00172760000000000
0.00187907000000000
0.000254874000000000
-0.000503032000000000
0.000309656000000000
0.00254276000000000
0.00429469000000000
0.00350029000000000
0.00105768000000000
-0.00117464000000000
-0.000811559000000000
0.000171443000000000
-0.00377511000000000
-0.00887651000000000
-0.00888486000000000
-0.00546102000000000
-0.00197631000000000
0.000590284000000000
0.00289089000000000
0.00460028000000000
0.00353940000000000
0.000966678000000000
0.000719389000000000
0.00184879000000000
0.00182029000000000
-0.000286807000000000
-0.00184938000000000
0.000745584000000000
0.00527056000000000
0.00874170000000000
0.00851599000000000
0.00422861000000000
0.00149540000000000
0.000893051000000000
-0.00146974000000000
-0.00330498000000000
-0.00380284000000000
-0.00498513000000000
-0.00474015000000000
-0.00215734000000000
0.00184446000000000
0.00593787000000000
0.00787963000000000
0.00523646000000000
-0.00127153000000000
-0.00454921000000000
-0.00382882000000000
-0.00533493000000000
-0.00731453000000000
-0.00642172000000000
-0.00381811000000000
0.000991212000000000
0.00531879000000000
0.00592277000000000
0.00594614000000000
0.00496045000000000
0.00203724000000000
0.00135743000000000
0.00178270000000000
0.000382206000000000
-0.00196863000000000
-0.00364892000000000
-0.00139560000000000
0.00449811000000000
0.00727983000000000
0.00490721000000000
0.00313495000000000
0.00258008000000000
-1.95923000000000e-05
-0.00381517000000000
-0.00615650000000000
-0.00472169000000000
-0.00418820000000000
-0.00724795000000000
-0.00555184000000000
0.00159424000000000
0.00619425000000000
0.00542660000000000
0.00369466000000000
0.00609210000000000
0.00705229000000000
0.00245862000000000
-0.00238408000000000
-0.00349365000000000
-0.00146959000000000
-0.00137342000000000
-0.00253248000000000
-0.00167305000000000
0.00206829000000000
0.00765259000000000
0.00749491000000000
0.00394945000000000
0.00355707000000000
0.00131372000000000
-0.00211424000000000
-0.00162039000000000
0.000804172000000000
0.00392235000000000
0.00616488000000000
0.00558418000000000
0.00344139000000000
0.00164953000000000
0.00325034000000000
0.00350260000000000
-0.00119788000000000
-0.00408201000000000
-0.00593777000000000
-0.0109250000000000
-0.0173879000000000
-0.0174493000000000
-0.00682907000000000
0.00232357000000000
0.00645966000000000
0.00969054000000000
0.00955527000000000
0.0121359000000000
0.0154443000000000
0.0108142000000000
0.00501496000000000
0.00522553000000000
0.00544664000000000
-2.61057000000000e-05
-0.00555589000000000
-0.0100124000000000
-0.0122150000000000
-0.00312103000000000
0.00993938000000000
0.0164211000000000
0.0175574000000000
0.0104243000000000
-0.000103558000000000
-0.00788475000000000
-0.0177009000000000
-0.0225475000000000
-0.0149484000000000
-0.00540239000000000
-0.00326899000000000
-0.00292015000000000
0.00315392000000000
0.00954643000000000
0.0152342000000000
0.0249326000000000
0.0294692000000000
0.0224967000000000
0.00436334000000000
-0.0159528000000000
-0.0239538000000000
-0.0240700000000000
-0.0182671000000000
-0.00777473000000000
-0.00219680000000000
0.00325446000000000
0.0113027000000000
0.0170466000000000
0.0201706000000000
0.0215495000000000
0.0227289000000000
0.0212325000000000
0.0125940000000000
0.000635053000000000
-0.00548174000000000
-0.00669355000000000
-0.00980125000000000
-0.00916328000000000
-0.00345826000000000
-0.00137941000000000
-0.00445043000000000
-0.0128531000000000
-0.0213451000000000
-0.0200445000000000
-0.0128107000000000
-0.00890393000000000
-0.00685354000000000
-0.00122925000000000
0.00892078000000000
0.0184172000000000
0.0211888000000000
0.0161861000000000
0.0111218000000000
0.00864706000000000
0.00389946000000000
0.00400406000000000
0.00372868000000000
-0.00431081000000000
-0.00836815000000000
-0.00822049000000000
-0.0114765000000000
-0.0139425000000000
-0.00978237000000000
-0.00332245000000000
0.00162212000000000
-0.000391104000000000
-0.00531004000000000
-4.73707000000000e-05
0.00669943000000000
0.00850137000000000
0.0121064000000000
0.0153756000000000
0.0137484000000000
0.00929669000000000
0.00625872000000000
0.00548123000000000
0.00553687000000000
0.00802338000000000
0.0127074000000000
0.0101745000000000
0.000554957000000000
-0.0113133000000000
-0.0218230000000000
-0.0216865000000000
-0.0145345000000000
-0.00642455000000000
0.000144190000000000
0.00149611000000000
-0.00343795000000000
-0.0125260000000000
-0.0147800000000000
-0.00800413000000000
-0.00461966000000000
-0.00253424000000000
0.00764757000000000
0.0138435000000000
0.00851276000000000
0.000374380000000000
-0.00636108000000000
-0.00354982000000000
0.0102183000000000
0.0211532000000000
0.0186264000000000
0.00189563000000000
-0.00833230000000000
-0.00842444000000000
-0.0201571000000000
-0.0261301000000000
-0.0151790000000000
-0.00258560000000000
0.0145922000000000
0.0251811000000000
0.0263493000000000
0.0230954000000000
0.00634977000000000
-0.00603009000000000
-0.00797155000000000
-0.00488978000000000
0.000454904000000000
-0.00709674000000000
-0.0104870000000000
0.00249357000000000
0.0100643000000000
0.00504871000000000
0.00345126000000000
0.0122057000000000
0.0191892000000000
0.0185999000000000
0.00556615000000000
-0.0155579000000000
-0.0239245000000000
-0.0209417000000000
-0.0191930000000000
-0.0150844000000000
-0.00426757000000000
0.00285984000000000
0.00188500000000000
0.00429117000000000
0.00530486000000000
0.000787538000000000
-0.00324644000000000
-0.00721347000000000
-0.00519453000000000
-0.000773008000000000
0.00442439000000000
0.0201544000000000
0.0297166000000000
0.0202829000000000
0.0138262000000000
0.0191028000000000
0.0228992000000000
0.0155086000000000
-0.000614816000000000
-0.0173418000000000
-0.0295024000000000
-0.0230652000000000
-0.00174964000000000
0.00417077000000000
-0.0150690000000000
-0.0326027000000000
-0.0257743000000000
-0.00396408000000000
0.0108413000000000
0.00635931000000000
0.00363525000000000
0.0115416000000000
0.0114210000000000
0.00536104000000000
-0.000770947000000000
0.00264577000000000
0.0186211000000000
0.0343327000000000
0.0334692000000000
0.0112592000000000
-0.0233659000000000
-0.0624809000000000
-0.0696829000000000
-0.0375917000000000
-0.0136443000000000
-0.00981769000000000
0.00104538000000000
0.0226493000000000
0.0361067000000000
0.0447569000000000
0.0427437000000000
0.0209235000000000
0.000668099000000000
0.000119958000000000
0.0137006000000000
-0.00135138000000000
-0.0378720000000000
-0.0419642000000000
-0.0237763000000000
-0.00464018000000000
0.00514526000000000
0.00516786000000000
0.00280527000000000
-0.0100452000000000
-0.0168416000000000
-0.0127620000000000
-0.0187561000000000
-0.0309046000000000
-0.0333240000000000
-0.0293642000000000
-0.0184457000000000
0.00935862000000000
0.0261341000000000
0.0233996000000000
0.0256271000000000
0.0156915000000000
-0.0122713000000000
-0.0297620000000000
-0.0274446000000000
-0.0187143000000000
-0.0213250000000000
-0.0363636000000000
-0.0515765000000000
-0.0525110000000000
-0.0384619000000000
-0.0229671000000000
-0.0116959000000000
-0.0227285000000000
-0.0448559000000000
-0.0368317000000000
-0.00923369000000000
0.00683877000000000
0.00357120000000000
0.0120113000000000
0.0438167000000000
0.0611698000000000
0.0677263000000000
0.0695940000000000
0.0520530000000000
0.0295234000000000
0.0177646000000000
0.00447755000000000
-0.0193787000000000
-0.0144650000000000
0.0178508000000000
0.0313004000000000
0.0285830000000000
0.0200820000000000
0.00191031000000000
-0.0159551000000000
-0.0110976000000000
0.00602078000000000
0.0136680000000000
0.0213428000000000
0.0251811000000000
0.0140128000000000
-0.00764212000000000
-0.0186394000000000
-0.00759652000000000
0.00922241000000000
0.0154293000000000
0.0119935000000000
0.0159799000000000
0.0294617000000000
0.0349389000000000
0.0243745000000000
0.0178332000000000
0.0182560000000000
0.00599048000000000
-0.0115425000000000
-0.0345465000000000
-0.0716534000000000
-0.0953187000000000
-0.0847940000000000
-0.0706368000000000
-0.0683917000000000
-0.0642104000000000
-0.0569268000000000
-0.0472416000000000
-0.0358476000000000
-0.0149577000000000
0.0151164000000000
0.0385653000000000
0.0476924000000000
0.0451439000000000
0.0361706000000000
0.0227468000000000
0.00792992000000000
-0.0117897000000000
-0.0319599000000000
-0.0392399000000000
-0.0427072000000000
-0.0585702000000000
-0.0748577000000000
-0.0748254000000000
-0.0686732000000000
-0.0611572000000000
-0.0607197000000000
-0.0716008000000000
-0.0706187000000000
-0.0591937000000000
-0.0541914000000000
-0.0677663000000000
-0.0895759000000000
-0.0935564000000000
-0.0903042000000000
-0.0926547000000000
-0.0938086000000000
-0.0940563000000000
-0.0974432000000000
-0.103643000000000
-0.107522000000000
-0.0976142000000000
-0.0759924000000000
-0.0579629000000000
-0.0430482000000000
-0.0271400000000000
-0.0152929000000000
-0.00729720000000000
0.00191648000000000
0.0113888000000000
0.0257646000000000
0.0530156000000000
0.0881134000000000
0.124437000000000
0.149985000000000
0.148034000000000
0.120926000000000
0.0833339000000000
0.0462676000000000
0.0192768000000000
0.000532808000000000
-0.0151974000000000
-0.0234817000000000
-0.0331912000000000
-0.0459508000000000
-0.0504345000000000
-0.0536771000000000
-0.0548770000000000
-0.0493714000000000
-0.0451428000000000
-0.0367281000000000
-0.0161003000000000
0.00556817000000000
0.00702164000000000
-0.0102493000000000
-0.0140405000000000
0.0107651000000000
0.0425100000000000
0.0591089000000000
0.0650205000000000
0.0729879000000000
0.0871950000000000
0.103590000000000
0.114546000000000
0.120429000000000
0.121098000000000
0.116670000000000
0.113154000000000
0.110885000000000
0.107083000000000
0.102738000000000
0.0972723000000000
0.0883704000000000
0.0745015000000000
0.0635663000000000
0.0724133000000000
0.0919320000000000
0.102995000000000
0.114866000000000
0.137145000000000
0.168037000000000
0.203075000000000
0.231853000000000
0.247651000000000
0.250153000000000
0.241657000000000
0.220417000000000
0.185000000000000
0.139702000000000
0.0896763000000000
0.0406002000000000
-0.00818954000000000
-0.0564529000000000
-0.0974509000000000
-0.117048000000000
-0.0937096000000000
-0.0355508000000000
0.000463761000000000
-0.0224654000000000
-0.0420914000000000
-0.0193863000000000
-0.0114887000000000
-0.00914748000000000
-0.00164610000000000
-0.0253849000000000
-0.0597696000000000
-0.0953027000000000
-0.123707000000000
-0.143572000000000
-0.167603000000000
-0.184362000000000
-0.184156000000000
-0.164027000000000
-0.150325000000000
-0.147958000000000
-0.135990000000000
-0.107661000000000
-0.0648902000000000
-0.0255774000000000
-0.000280052000000000
0.0188960000000000
0.0313925000000000
0.0320414000000000
0.0304443000000000
0.0353136000000000
0.0505914000000000
0.0685080000000000
0.0780333000000000
0.0743698000000000
0.0515152000000000
0.0160622000000000
-0.00761925000000000
-0.00236082000000000
-0.00100314000000000
-0.0384870000000000
-0.0862983000000000
-0.111589000000000
-0.113560000000000
-0.102303000000000
-0.0980437000000000
-0.101871000000000
-0.0982213000000000
-0.0853928000000000
-0.0665759000000000
-0.0608508000000000
-0.0822729000000000
-0.112262000000000
-0.129840000000000
-0.138483000000000
-0.155830000000000
-0.181033000000000
-0.197908000000000
-0.194738000000000
-0.180441000000000
-0.174642000000000
-0.179211000000000
-0.189644000000000
-0.199750000000000
-0.198900000000000
-0.189863000000000
-0.178895000000000
-0.167483000000000
-0.159789000000000
-0.152480000000000
-0.139976000000000
-0.122870000000000
-0.109421000000000
-0.105137000000000
-0.0972403000000000
-0.0828255000000000
-0.0654844000000000
-0.0336154000000000
0.00446082000000000
0.0352766000000000
0.0617176000000000
0.0798243000000000
0.0921435000000000
0.106155000000000
0.124840000000000
0.156267000000000
0.196294000000000
0.223774000000000
0.227232000000000
0.206653000000000
0.168208000000000
0.135181000000000
0.122859000000000
0.125113000000000
0.135602000000000
0.147446000000000
0.159083000000000
0.170494000000000
0.177621000000000
0.179852000000000
0.174207000000000
0.163451000000000
0.146412000000000
0.120639000000000
0.0855579000000000
0.0394319000000000
0.000865973000000000
-0.0138524000000000
-0.00520626000000000
0.0331347000000000
0.0992593000000000
0.128880000000000
0.102595000000000
0.106273000000000
0.132889000000000
0.133386000000000
0.135397000000000
0.135522000000000
0.130609000000000
0.132707000000000
0.135481000000000
0.144550000000000
0.147990000000000
0.137959000000000
0.126662000000000
0.120647000000000
0.116664000000000
0.101249000000000
0.0739081000000000
0.0617585000000000
0.0735594000000000
0.0703787000000000
0.0433583000000000
0.0268530000000000
0.0243854000000000
0.0247155000000000
0.0348648000000000
0.0529906000000000
0.0682762000000000
0.0819631000000000
0.0998416000000000
0.118190000000000
0.129855000000000
0.130219000000000
0.113519000000000
0.0852952000000000
0.0590956000000000
0.0412077000000000
0.0353128000000000
0.0379992000000000
0.0366615000000000
0.0253439000000000
0.00827013000000000
-0.0156039000000000
-0.0489965000000000
-0.0833947000000000
-0.111556000000000
-0.129279000000000
-0.133186000000000
-0.128389000000000
-0.122879000000000
-0.119170000000000
-0.116579000000000
-0.119851000000000
-0.129563000000000
-0.134827000000000
-0.128842000000000
-0.110658000000000
-0.0847516000000000
-0.0645708000000000
-0.0573881000000000
-0.0596713000000000
-0.0618020000000000
-0.0560043000000000
-0.0450829000000000
-0.0291717000000000
-0.00876516000000000
0.00579588000000000
0.00919470000000000
0.00898623000000000
0.0139099000000000
0.0123033000000000
-0.00786628000000000
-0.0370605000000000
-0.0619516000000000
-0.0743798000000000
-0.0684057000000000
-0.0412655000000000
-0.0169450000000000
-0.0176953000000000
-0.0227867000000000
-0.00901129000000000
0.0184951000000000
0.0442857000000000
0.0659991000000000
0.0846491000000000
0.0989145000000000
0.112095000000000
0.119180000000000
0.117988000000000
0.109234000000000
0.0820627000000000
0.0363395000000000
-0.00714727000000000
-0.0331491000000000
-0.0546594000000000
-0.0837396000000000
-0.105618000000000
-0.113327000000000
-0.116731000000000
-0.112026000000000
-0.102252000000000
-0.105636000000000
-0.116518000000000
-0.114037000000000
-0.0842541000000000
-0.0404203000000000
-0.00841132000000000
0.00839068000000000
0.0216342000000000
0.0441356000000000
0.0723969000000000
0.0919910000000000
0.0914499000000000
0.0736460000000000
0.0518481000000000
0.0385133000000000
0.0426443000000000
0.0537224000000000
0.0489731000000000
0.0153092000000000
-0.0410015000000000
-0.0951894000000000
-0.120573000000000
-0.116902000000000
-0.103450000000000
-0.0947260000000000
-0.0969428000000000
-0.104329000000000
-0.102070000000000
-0.0810819000000000
-0.0527995000000000
-0.0358693000000000
-0.0311535000000000
-0.0221135000000000
-0.00372824000000000
0.0103150000000000
0.0149408000000000
0.00732869000000000
-0.0142111000000000
-0.0373068000000000
-0.0521895000000000
-0.0493599000000000
-0.0199333000000000
0.0109392000000000
0.0141146000000000
0.0159510000000000
0.0361461000000000
0.0397597000000000
0.0360016000000000
0.0610071000000000
0.0950463000000000
0.121859000000000
0.134212000000000
0.132760000000000
0.126401000000000
0.0942888000000000
0.0204718000000000
-0.0822860000000000
-0.180529000000000
-0.255138000000000
-0.271568000000000
-0.195950000000000
-0.130730000000000
-0.168523000000000
-0.197852000000000
-0.163775000000000
-0.145988000000000
-0.123310000000000
-0.105443000000000
-0.108277000000000
-0.0845190000000000
-0.0668442000000000
-0.0482474000000000
-0.0318500000000000
-0.0307938000000000
-0.0270613000000000
-0.0227354000000000
-0.0104843000000000
-0.0240566000000000
-0.0607714000000000
-0.0934940000000000
-0.119256000000000
-0.152646000000000
-0.187663000000000
-0.195397000000000
-0.184229000000000
-0.152697000000000
-0.100486000000000
-0.0412551000000000
-0.000761484000000000
0.0135043000000000
0.0319746000000000
0.0596936000000000
0.0905733000000000
0.140884000000000
0.212278000000000
0.285022000000000
0.333719000000000
0.336769000000000
0.297245000000000
0.232042000000000
0.164407000000000
0.112129000000000
0.0873812000000000
0.0899618000000000
0.0871768000000000
0.0729528000000000
0.0667713000000000
0.0633506000000000
0.0582674000000000
0.0539834000000000
0.0538435000000000
0.0583067000000000
0.0563795000000000
0.0470835000000000
0.0311330000000000
0.0114919000000000
0.00290086000000000
0.00550688000000000
0.00895725000000000
-0.00777087000000000
-0.0487514000000000
-0.0746359000000000
-0.0585736000000000
-0.0105748000000000
0.0171078000000000
-0.00768705000000000
-0.0283067000000000
-0.00544917000000000
0.0253579000000000
0.0291474000000000
0.0114036000000000
-0.00663368000000000
-0.00756385000000000
0.0151531000000000
0.0366842000000000
0.0341883000000000
0.0230876000000000
0.0141224000000000
0.00185514000000000
-0.0152673000000000
-0.0310993000000000
-0.0300800000000000
-0.0170683000000000
-0.00666439000000000
-0.00697109000000000
-0.0167960000000000
-0.0175340000000000
0.00241484000000000
0.0280361000000000
0.0360826000000000
0.0400899000000000
0.0542260000000000
0.0653548000000000
0.0706030000000000
0.0694924000000000
0.0641605000000000
0.0591919000000000
0.0476394000000000
0.0250674000000000
0.000736719000000000
-0.0130385000000000
-0.0184645000000000
-0.0223784000000000
-0.0240000000000000
-0.0286284000000000
-0.0437940000000000
-0.0626860000000000
-0.0739240000000000
-0.0783058000000000
-0.0751918000000000
-0.0594700000000000
-0.0519592000000000
-0.0703556000000000
-0.0927055000000000
-0.101686000000000
-0.107104000000000
-0.114369000000000
-0.115556000000000
-0.109813000000000
-0.0998938000000000
-0.0865760000000000
-0.0745806000000000
-0.0677940000000000
-0.0683265000000000
-0.0697354000000000
-0.0662827000000000
-0.0574005000000000
-0.0413116000000000
-0.0266848000000000
-0.0171792000000000
-0.00706560000000000
0.00159481000000000
0.000239110000000000
-0.0158011000000000
-0.0353817000000000
-0.0434783000000000
-0.0377927000000000
-0.0380029000000000
-0.0579206000000000
-0.0765829000000000
-0.0759868000000000
-0.0611282000000000
-0.0470012000000000
-0.0482431000000000
-0.0587705000000000
-0.0645238000000000
-0.0606592000000000
-0.0437274000000000
-0.0258085000000000
-0.0141654000000000
0.00488313000000000
0.0308961000000000
0.0565200000000000
0.0835052000000000
0.103000000000000
0.101883000000000
0.0880980000000000
0.0795254000000000
0.0822818000000000
0.0846288000000000
0.0805681000000000
0.0856282000000000
0.105237000000000
0.122152000000000
0.116453000000000
0.0901514000000000
0.0596465000000000
0.0375713000000000
0.0329027000000000
0.0406886000000000
0.0528968000000000
0.0684450000000000
0.0843390000000000
0.0971797000000000
0.100123000000000
0.0869489000000000
0.0622537000000000
0.0360638000000000
0.0185365000000000
0.0113729000000000
0.00473384000000000
-0.00791770000000000
-0.0230239000000000
-0.0315496000000000
-0.0275196000000000
-0.0154902000000000
-0.0126716000000000
-0.0302930000000000
-0.0547263000000000
-0.0706993000000000
-0.0789670000000000
-0.0844564000000000
-0.0885507000000000
-0.0868796000000000
-0.0811036000000000
-0.0750809000000000
-0.0563608000000000
-0.0258004000000000
-0.00452477000000000
0.00639404000000000
0.0210781000000000
0.0421088000000000
0.0611581000000000
0.0756741000000000
0.0898302000000000
0.103028000000000
0.113090000000000
0.122341000000000
0.135175000000000
0.152951000000000
0.174803000000000
0.195721000000000
0.206329000000000
0.199858000000000
0.172388000000000
0.126857000000000
0.0786233000000000
0.0413942000000000
0.0172372000000000
0.00605971000000000
0.00272168000000000
-0.00455840000000000
-0.0190909000000000
-0.0314787000000000
-0.0355977000000000
-0.0359451000000000
-0.0367588000000000
-0.0433009000000000
-0.0557593000000000
-0.0561170000000000
-0.0301506000000000
0.00154631000000000
0.00691315000000000
-0.0130128000000000
-0.0306149000000000
-0.0249503000000000
-0.00795293000000000
-0.00531518000000000
-0.0158278000000000
-0.0238191000000000
-0.0243888000000000
-0.0241349000000000
-0.0274117000000000
-0.0290073000000000
-0.0287184000000000
-0.0292898000000000
-0.0232147000000000
-0.00749262000000000
0.00350099000000000
-0.00479257000000000
-0.0229193000000000
-0.0384271000000000
-0.0568834000000000
-0.0752287000000000
-0.0849959000000000
-0.0800540000000000
-0.0580855000000000
-0.0367334000000000
-0.0318446000000000
-0.0305584000000000
-0.0172090000000000
-0.00884695000000000
-0.0216184000000000
-0.0356714000000000
-0.0303129000000000
-0.00998205000000000
0.0130936000000000
0.0329222000000000
0.0515850000000000
0.0756899000000000
0.0924198000000000
0.0867993000000000
0.0747304000000000
0.0630547000000000
0.0354495000000000
-0.0116711000000000
-0.0605598000000000
-0.104997000000000
-0.140538000000000
-0.145660000000000
-0.127002000000000
-0.102787000000000
-0.0751243000000000
-0.0465383000000000
-0.0217886000000000
-0.0137784000000000
-0.0278827000000000
-0.0485910000000000
-0.0627930000000000
-0.0623818000000000
-0.0487225000000000
-0.0325956000000000
-0.0157826000000000
-0.00973808000000000
-0.0260698000000000
-0.0495939000000000
-0.0567965000000000
-0.0528130000000000
-0.0611834000000000
-0.0801268000000000
-0.0960346000000000
-0.104849000000000
-0.104858000000000
-0.0954116000000000
-0.0877939000000000
-0.0942713000000000
-0.105351000000000
-0.109331000000000
-0.0943090000000000
-0.0588830000000000
-0.0300967000000000
-0.0177123000000000
-0.00340301000000000
0.0233275000000000
0.0560554000000000
0.0868026000000000
0.107583000000000
0.114179000000000
0.123900000000000
0.150405000000000
0.182256000000000
0.206539000000000
0.222751000000000
0.231835000000000
0.231902000000000
0.221707000000000
0.196642000000000
0.152725000000000
0.0988025000000000
0.0527373000000000
0.0162766000000000
-0.0190379000000000
-0.0562738000000000
-0.0928651000000000
-0.107718000000000
-0.0963949000000000
-0.0788788000000000
-0.0703185000000000
-0.0702744000000000
-0.0562577000000000
-0.0426816000000000
-0.0518804000000000
-0.0663336000000000
-0.0846335000000000
-0.102148000000000
-0.115439000000000
-0.135581000000000
-0.154023000000000
-0.153891000000000
-0.128243000000000
-0.0935536000000000
-0.0659287000000000
-0.0545089000000000
-0.0598665000000000
-0.0732785000000000
-0.0884747000000000
-0.100894000000000
-0.119579000000000
-0.136888000000000
-0.138756000000000
-0.124956000000000
-0.101961000000000
-0.0837009000000000
-0.0693490000000000
-0.0541699000000000
-0.0374888000000000
-0.0151178000000000
0.0120985000000000
0.0358858000000000
0.0530102000000000
0.0705642000000000
0.0977051000000000
0.135217000000000
0.168426000000000
0.186911000000000
0.200513000000000
0.226171000000000
0.260141000000000
0.282239000000000
0.284005000000000
0.268407000000000
0.241341000000000
0.205206000000000
0.160095000000000
0.111267000000000
0.0702509000000000
0.0399568000000000
0.0124442000000000
-0.0166561000000000
-0.0466884000000000
-0.0720133000000000
-0.0894274000000000
-0.103163000000000
-0.115652000000000
-0.125724000000000
-0.127513000000000
-0.122027000000000
-0.124894000000000
-0.134840000000000
-0.132373000000000
-0.111642000000000
-0.0831155000000000
-0.0540032000000000
-0.0209618000000000
0.0130955000000000
0.0250706000000000
0.00478731000000000
-0.0136822000000000
-0.000380330000000000
0.0339190000000000
0.0649763000000000
0.0868868000000000
0.113690000000000
0.141921000000000
0.156605000000000
0.161137000000000
0.163751000000000
0.168125000000000
0.170403000000000
0.168008000000000
0.163480000000000
0.156568000000000
0.147987000000000
0.137951000000000
0.127954000000000
0.118197000000000
0.103585000000000
0.0905775000000000
0.0891343000000000
0.0997118000000000
0.119216000000000
0.136661000000000
0.144654000000000
0.146062000000000
0.139464000000000
0.116542000000000
0.0818025000000000
0.0427079000000000
0.000737237000000000
-0.0403452000000000
-0.0771250000000000
-0.104251000000000
-0.114900000000000
-0.104567000000000
-0.0970834000000000
-0.111957000000000
-0.129657000000000
-0.140878000000000
-0.150951000000000
-0.154574000000000
-0.164457000000000
-0.196469000000000
-0.233638000000000
-0.254517000000000
-0.250845000000000
-0.233812000000000
-0.219557000000000
-0.212317000000000
-0.203229000000000
-0.182713000000000
-0.153864000000000
-0.119118000000000
-0.0849223000000000
-0.0629580000000000
-0.0592215000000000
-0.0541738000000000
-0.0242012000000000
0.0266826000000000
0.0866713000000000
0.139967000000000
0.174116000000000
0.194683000000000
0.210782000000000
0.222143000000000
0.226537000000000
0.225450000000000
0.223862000000000
0.222695000000000
0.220443000000000
0.218170000000000
0.212519000000000
0.200494000000000
0.182480000000000
0.157502000000000
0.112599000000000
0.0470179000000000
-0.0147396000000000
-0.0665260000000000
-0.114789000000000
-0.168228000000000
-0.238570000000000
-0.303619000000000
-0.322292000000000
-0.296617000000000
-0.260130000000000
-0.244582000000000
-0.253681000000000
-0.240334000000000
-0.202447000000000
-0.163068000000000
-0.120872000000000
-0.0977872000000000
-0.0823965000000000
-0.0545883000000000
-0.0285691000000000
-0.00723674000000000
0.00254027000000000
0.00132437000000000
0.0172469000000000
0.0417431000000000
0.0539676000000000
0.0578357000000000
0.0596405000000000
0.0652555000000000
0.0805701000000000
0.110723000000000
0.136700000000000
0.143039000000000
0.143470000000000
0.150332000000000
0.156830000000000
0.160899000000000
0.165407000000000
0.165062000000000
0.161843000000000
0.157807000000000
0.153915000000000
0.150643000000000
0.148335000000000
0.148762000000000
0.149295000000000
0.149343000000000
0.143416000000000
0.124693000000000
0.109663000000000
0.109470000000000
0.112341000000000
0.111428000000000
0.100574000000000
0.0838134000000000
0.0650977000000000
0.0400346000000000
0.00711896000000000
-0.0419616000000000
-0.0929455000000000
-0.127920000000000
-0.148164000000000
-0.154645000000000
-0.176309000000000
-0.209927000000000
-0.225758000000000
-0.239502000000000
-0.235891000000000
-0.206434000000000
-0.175923000000000
-0.158681000000000
-0.146022000000000
-0.118949000000000
-0.0921227000000000
-0.0679823000000000
-0.0390932000000000
-0.00897907000000000
0.0176403000000000
0.0335270000000000
0.0413585000000000
0.0530286000000000
0.0672384000000000
0.0755639000000000
0.0773751000000000
0.0719420000000000
0.0557190000000000
0.0259997000000000
-0.00754070000000000
-0.0242373000000000
-0.0164031000000000
-0.00806683000000000
-0.0182748000000000
-0.0363111000000000
-0.0471191000000000
-0.0474336000000000
-0.0392393000000000
-0.0353189000000000
-0.0543791000000000
-0.0861215000000000
-0.102575000000000
-0.0920534000000000
-0.0679821000000000
-0.0555092000000000
-0.0648775000000000
-0.0854027000000000
-0.0976221000000000
-0.0953194000000000
-0.0846192000000000
-0.0775372000000000
-0.0789351000000000
-0.0722498000000000
-0.0473315000000000
-0.0139630000000000
0.0160005000000000
0.0377593000000000
0.0508269000000000
0.0622106000000000
0.0703026000000000
0.0767455000000000
0.0855540000000000
0.0845815000000000
0.0755961000000000
0.0717275000000000
0.0772853000000000
0.0795521000000000
0.0735683000000000
0.0681508000000000
0.0634013000000000
0.0587127000000000
0.0570842000000000
0.0620565000000000
0.0667866000000000
0.0609020000000000
0.0509564000000000
0.0527677000000000
0.0710168000000000
0.0933156000000000
0.103029000000000
0.0968178000000000
0.0794481000000000
0.0560361000000000
0.0345621000000000
0.0229722000000000
0.0237392000000000
0.0281080000000000
0.0220926000000000
-5.34609000000000e-05
-0.0254903000000000
-0.0397294000000000
-0.0470471000000000
-0.0550200000000000
-0.0659224000000000
-0.0761118000000000
-0.0752434000000000
-0.0600987000000000
-0.0349553000000000
-0.0126490000000000
-0.0131748000000000
-0.0291165000000000
-0.0306897000000000
-0.0206571000000000
-0.0211344000000000
-0.0253528000000000
-0.0197533000000000
-0.0147310000000000
-0.0185212000000000
-0.0175613000000000
-0.00583243000000000
0.000960029000000000
-0.00431423000000000
-0.00864815000000000
-0.00545644000000000
-0.00292360000000000
-0.00922443000000000
-0.0222331000000000
-0.0285578000000000
-0.0236640000000000
-0.0191626000000000
-0.0190518000000000
-0.0128703000000000
0.00353516000000000
0.0146229000000000
0.00309714000000000
-0.0224651000000000
-0.0375926000000000
-0.0366477000000000
-0.0337334000000000
-0.0334020000000000
-0.0317016000000000
-0.0323587000000000
-0.0358655000000000
-0.0369388000000000
-0.0407403000000000
-0.0558418000000000
-0.0742960000000000
-0.0802909000000000
-0.0708699000000000
-0.0570156000000000
-0.0484581000000000
-0.0457051000000000
-0.0427124000000000
-0.0353081000000000
-0.0221464000000000
-0.00553495000000000
0.00411218000000000
0.00661600000000000
0.00799221000000000
0.00932927000000000
0.0128124000000000
0.0179440000000000
0.0213111000000000
0.0161043000000000
-0.000374299000000000
-0.0204908000000000
-0.0306033000000000
-0.0256544000000000
-0.0131902000000000
-0.00165655000000000
-0.000904585000000000
-0.0136920000000000
-0.0240581000000000
-0.0199511000000000
-0.0168981000000000
-0.0274274000000000
-0.0341038000000000
-0.0217552000000000
-0.000249351000000000
0.0169236000000000
0.0253224000000000
0.0263026000000000
0.0176324000000000
-1.66346000000000e-05
-0.0126186000000000
-0.0150587000000000
-0.0114982000000000
-0.00227330000000000
0.0130411000000000
0.0270353000000000
0.0361698000000000
0.0457994000000000
0.0485966000000000
0.0424306000000000
0.0381451000000000
0.0383143000000000
0.0374786000000000
0.0367303000000000
0.0403110000000000
0.0421042000000000
0.0378671000000000
0.0343763000000000
0.0405882000000000
0.0498989000000000
0.0474789000000000
0.0333428000000000
0.0170173000000000
0.00581572000000000
0.00141027000000000
-0.00248163000000000
-0.0152521000000000
-0.0311070000000000
-0.0368339000000000
-0.0300740000000000
-0.0159401000000000
-0.00303084000000000
0.00266132000000000
0.00340429000000000
0.00347587000000000
0.00259978000000000
0.00697778000000000
0.0204535000000000
0.0382043000000000
0.0538732000000000
0.0560470000000000
0.0481577000000000
0.0410126000000000
0.0388712000000000
0.0469786000000000
0.0539377000000000
0.0448634000000000
0.0255534000000000
0.0102022000000000
0.00589646000000000
0.00405536000000000
-0.00490555000000000
-0.0139410000000000
-0.0173284000000000
-0.0184177000000000
-0.0152841000000000
-0.00764011000000000
-0.00109431000000000
0.00160978000000000
0.00232839000000000
0.00184799000000000
-0.00298666000000000
-0.00524412000000000
0.00590629000000000
0.0250079000000000
0.0377582000000000
0.0402130000000000
0.0367975000000000
0.0253933000000000
0.00729991000000000
-0.00843102000000000
-0.0156544000000000
-0.0188655000000000
-0.0267158000000000
-0.0368482000000000
-0.0397814000000000
-0.0354905000000000
-0.0383966000000000
-0.0499179000000000
-0.0567292000000000
-0.0551019000000000
-0.0490049000000000
-0.0437075000000000
-0.0397315000000000
-0.0363411000000000
-0.0371834000000000
-0.0425945000000000
-0.0442064000000000
-0.0378342000000000
-0.0324092000000000
-0.0340173000000000
-0.0378374000000000
-0.0338473000000000
-0.0266318000000000
-0.0279725000000000
-0.0316371000000000
-0.0330347000000000
-0.0363933000000000
-0.0380912000000000
-0.0327446000000000
-0.0248062000000000
-0.0206497000000000
-0.0181607000000000
-0.0170053000000000
-0.0228011000000000
-0.0338738000000000
-0.0440509000000000
-0.0506510000000000
-0.0524851000000000
-0.0516001000000000
-0.0490533000000000
-0.0441545000000000
-0.0401755000000000
-0.0359829000000000
-0.0296876000000000
-0.0273513000000000
-0.0299561000000000
-0.0319981000000000
-0.0305770000000000
-0.0245671000000000
-0.0109050000000000
0.00767273000000000
0.0227512000000000
0.0327626000000000
0.0375995000000000
0.0412922000000000
0.0464472000000000
0.0461888000000000
0.0397916000000000
0.0371556000000000
0.0461435000000000
0.0560410000000000
0.0566217000000000
0.0555725000000000
0.0536694000000000
0.0478211000000000
0.0459873000000000
0.0474224000000000
0.0481340000000000
0.0500757000000000
0.0443518000000000
0.0271631000000000
0.0124744000000000
0.00750499000000000
0.00310207000000000
-0.00205431000000000
-1.15502000000000e-05
0.00397756000000000
0.00317640000000000
0.00411957000000000
0.00987762000000000
0.0135071000000000
0.0116045000000000
0.00335939000000000
-0.00504663000000000
-0.00163462000000000
0.00354723000000000
-0.00247740000000000
-0.00819851000000000
-0.00430268000000000
0.00313886000000000
0.00431129000000000
0.00265669000000000
0.00968335000000000
0.0224972000000000
0.0317298000000000
0.0335614000000000
0.0306932000000000
0.0292440000000000
0.0338133000000000
0.0430182000000000
0.0515709000000000
0.0548327000000000
0.0544053000000000
0.0579198000000000
0.0562083000000000
0.0398648000000000
0.0236174000000000
0.0154372000000000
0.00702662000000000
-0.000900456000000000
-0.00459588000000000
-0.00754517000000000
-0.0122427000000000
-0.0236142000000000
-0.0383663000000000
-0.0442393000000000
-0.0409011000000000
-0.0356456000000000
-0.0304524000000000
-0.0254386000000000
-0.0240430000000000
-0.0251945000000000
-0.0246464000000000
-0.0269537000000000
-0.0347032000000000
-0.0358716000000000
-0.0228123000000000
-0.00812677000000000
-0.00433630000000000
-0.00474060000000000
-0.000384232000000000
0.000236652000000000
-0.0101922000000000
-0.0161668000000000
-0.00717405000000000
0.00254997000000000
0.00237976000000000
-0.00302391000000000
-0.00568783000000000
-0.00168036000000000
-0.00101265000000000
-0.0132950000000000
-0.0217220000000000
-0.00867027000000000
0.0138035000000000
0.0258719000000000
0.0254459000000000
0.0215384000000000
0.0202349000000000
0.0208651000000000
0.0146143000000000
-0.00293726000000000
-0.0160786000000000
-0.0153890000000000
-0.0154676000000000
-0.0216640000000000
-0.0292228000000000
-0.0416182000000000
-0.0559626000000000
-0.0624809000000000
-0.0612760000000000
-0.0570155000000000
-0.0460718000000000
-0.0301730000000000
-0.0200192000000000
-0.0195039000000000
-0.0250084000000000
-0.0276171000000000
-0.0229243000000000
-0.0217488000000000
-0.0314799000000000
-0.0424004000000000
-0.0474890000000000
-0.0460100000000000
-0.0353696000000000
-0.0185086000000000
-0.00257354000000000
0.00987999000000000
0.0209116000000000
0.0265541000000000
0.0247347000000000
0.0241748000000000
0.0271263000000000
0.0311647000000000
0.0379139000000000
0.0433248000000000
0.0436733000000000
0.0434985000000000
0.0461703000000000
0.0475476000000000
0.0404945000000000
0.0233862000000000
0.00117125000000000
-0.0151950000000000
-0.0196935000000000
-0.0204761000000000
-0.0214226000000000
-0.0169245000000000
-0.00526824000000000
0.00800548000000000
0.0120688000000000
0.00758880000000000
0.00657810000000000
0.0101052000000000
0.0152797000000000
0.0207717000000000
0.0244489000000000
0.0293345000000000
0.0351782000000000
0.0341179000000000
0.0258738000000000
0.0209898000000000
0.0188559000000000
0.0112690000000000
0.00552118000000000
0.0118602000000000
0.0229940000000000
0.0282741000000000
0.0292306000000000
0.0271848000000000
0.0219435000000000
0.0214766000000000
0.0290939000000000
0.0406029000000000
0.0528004000000000
0.0578371000000000
0.0495530000000000
0.0358555000000000
0.0257287000000000
0.0160426000000000
0.00815620000000000
0.0122975000000000
0.0273991000000000
0.0373874000000000
0.0305591000000000
0.0142895000000000
0.00459943000000000
0.00446264000000000
0.00384656000000000
0.00541758000000000
0.0190926000000000
0.0356167000000000
0.0396804000000000
0.0330332000000000
0.0260357000000000
0.0183170000000000
0.00687097000000000
-0.00319430000000000
-0.00775481000000000
-0.00954428000000000
-0.0138111000000000
-0.0176090000000000
-0.0187255000000000
-0.0224745000000000
-0.0284298000000000
-0.0277679000000000
-0.0156415000000000
-0.00282991000000000
0.000141033000000000
0.00119266000000000
0.0113636000000000
0.0237173000000000
0.0286541000000000
0.0279813000000000
0.0223636000000000
0.0163218000000000
0.0135911000000000
0.00990502000000000
0.00583060000000000
0.000751144000000000
-0.00799074000000000
-0.0168313000000000
-0.0218543000000000
-0.0265137000000000
-0.0365533000000000
-0.0465289000000000
-0.0470897000000000
-0.0406931000000000
-0.0375086000000000
-0.0394190000000000
-0.0372052000000000
-0.0275186000000000
-0.0172476000000000
-0.0109451000000000
-0.00923993000000000
-0.0113431000000000
-0.0122292000000000
-0.00890288000000000
-0.00458781000000000
0.000541332000000000
0.00599921000000000
0.00414513000000000
-0.00488929000000000
-0.0110028000000000
-0.0117035000000000
-0.00876133000000000
-0.00312976000000000
0.000104567000000000
-3.64110000000000e-05
0.000278660000000000
0.00207314000000000
0.00334828000000000
0.00132474000000000
-0.00425397000000000
-0.00873240000000000
-0.00809547000000000
-0.00518785000000000
-0.00386533000000000
-0.00415986000000000
-0.00647870000000000
-0.0123035000000000
-0.0175533000000000
-0.0180832000000000
-0.0183073000000000
-0.0240330000000000
-0.0334145000000000
-0.0377334000000000
-0.0345678000000000
-0.0319499000000000
-0.0346696000000000
-0.0359426000000000
-0.0274939000000000
-0.0142673000000000
-0.0109029000000000
-0.0187358000000000
-0.0206953000000000
-0.0116586000000000
-0.00349492000000000
-0.00264231000000000
-0.00823067000000000
-0.0147903000000000
-0.0153264000000000
-0.0100898000000000
-0.00892606000000000
-0.0138861000000000
-0.0126026000000000
-0.00451369000000000
-0.00133293000000000
-0.00398524000000000
-0.00353068000000000
-0.00323362000000000
-0.0117646000000000
-0.0200103000000000
-0.0195153000000000
-0.0152614000000000
-0.0133528000000000
-0.0140635000000000
-0.0109277000000000
0.000142868000000000
0.0115592000000000
0.0156630000000000
0.0154184000000000
0.0182841000000000
0.0270630000000000
0.0356682000000000
0.0397226000000000
0.0407878000000000
0.0429459000000000
0.0465420000000000
0.0485876000000000
0.0469832000000000
0.0339816000000000
0.0136030000000000
0.00647163000000000
0.0126904000000000
0.0144717000000000
0.00949438000000000
0.00257671000000000
-0.00196733000000000
0.000750292000000000
0.00725492000000000
0.0124326000000000
0.0144979000000000
0.0172672000000000
0.0180015000000000
0.0102684000000000
0.00203777000000000
-0.00470135000000000
-0.0117129000000000
-0.0141895000000000
-0.0120103000000000
-0.00958590000000000
-0.0120059000000000
-0.0163701000000000
-0.0183335000000000
-0.0150898000000000
-0.00542286000000000
0.00260392000000000
0.00313459000000000
-0.000297003000000000
-0.000252393000000000
0.00438629000000000
0.00706219000000000
0.00667707000000000
0.00593753000000000
0.00868475000000000
0.0193010000000000
0.0294640000000000
0.0288349000000000
0.0178293000000000
0.00197704000000000
-0.0109072000000000
-0.0149909000000000
-0.00861756000000000
-2.32919000000000e-05
-0.000190627000000000
-0.00490954000000000
-0.00316382000000000
0.00277142000000000
0.00443852000000000
0.00125427000000000
-0.00181593000000000
2.03850000000000e-06
0.00482523000000000
0.00741771000000000
0.00741524000000000
0.00853150000000000
0.0110165000000000
0.0127397000000000
0.0145189000000000
0.0146113000000000
0.00858228000000000
0.000610275000000000
-0.00270833000000000
-0.00433715000000000
-0.00718489000000000
-0.00916347000000000
-0.0103658000000000
-0.0151976000000000
-0.0207454000000000
-0.0208160000000000
-0.0167621000000000
-0.0118433000000000
-0.00530614000000000
0.00808707000000000
0.0203940000000000
0.0184361000000000
0.00873374000000000
0.00262759000000000
0.00269865000000000
0.00641240000000000
0.00650481000000000
0.00169032000000000
-0.00119226000000000
-0.00169813000000000
-0.00491387000000000
-0.0110403000000000
-0.0161789000000000
-0.0143265000000000
-0.00513803000000000
0.00229124000000000
0.00364890000000000
0.00348090000000000
0.00650226000000000
0.0104066000000000
0.0111747000000000
0.00884588000000000
0.00598849000000000
0.00426909000000000
0.00347327000000000
0.00422804000000000
0.00510495000000000
0.00525624000000000
0.00431561000000000
0.00445847000000000
0.00856711000000000
0.0131304000000000
0.0168271000000000
0.0176014000000000
0.0126823000000000
0.00768886000000000
0.00587364000000000
0.00296701000000000
-0.00115444000000000
-0.00102501000000000
0.00172263000000000
-0.000667200000000000
-0.00613015000000000
-0.00504436000000000
0.00178510000000000
0.00604520000000000
0.00214136000000000
-0.00771754000000000
-0.0124532000000000
-0.0118824000000000
-0.0119127000000000
-0.0125507000000000
-0.0155681000000000
-0.0184361000000000
-0.0176526000000000
-0.0153346000000000
-0.0157135000000000
-0.0157930000000000
-0.00954596000000000
-0.00124957000000000
0.00355911000000000
0.00498809000000000
0.00577778000000000
0.00633914000000000
0.00425873000000000
0.000383886000000000
-0.00345571000000000
-0.00880580000000000
-0.0141129000000000
-0.0142212000000000
-0.0106532000000000
-0.00846529000000000
-0.00906516000000000
-0.0100305000000000
-0.0102116000000000
-0.0130284000000000
-0.0177824000000000
-0.0192477000000000
-0.0156791000000000
-0.00930803000000000
-0.00233624000000000
0.00519551000000000
0.0102428000000000
0.00694310000000000
-0.00159414000000000
-0.00519402000000000
-0.00507486000000000
-0.0103396000000000
-0.0192677000000000
-0.0239721000000000
-0.0224307000000000
-0.0185629000000000
-0.0177596000000000
-0.0189009000000000
-0.0159377000000000
-0.00791446000000000
0.00269590000000000
0.0127088000000000
0.0175995000000000
0.0163625000000000
0.0121831000000000
0.00747342000000000
0.00213900000000000
-0.00319074000000000
-0.00583246000000000
-0.00600658000000000
-0.00670383000000000
-0.00583185000000000
-0.00239006000000000
-0.00662023000000000
-0.0191636000000000
-0.0252333000000000
-0.0220165000000000
-0.0180579000000000
-0.0195671000000000
-0.0214238000000000
-0.0150432000000000
-0.00447766000000000
0.00438420000000000
0.00766900000000000
0.00684753000000000
0.00739304000000000
0.00680878000000000
0.00320568000000000
-0.00267707000000000
-0.0112652000000000
-0.0190848000000000
-0.0236242000000000
-0.0277415000000000
-0.0310335000000000
-0.0300210000000000
-0.0255659000000000
-0.0195061000000000
-0.0134458000000000
-0.0107852000000000
-0.0103157000000000
-0.00701388000000000
-0.00187681000000000
0.00196243000000000
0.00419047000000000
0.00340545000000000
-0.000547143000000000
-0.00305309000000000
-0.00106634000000000
-0.00100757000000000
-0.00570181000000000
-0.00885006000000000
-0.0105726000000000
-0.0102147000000000
-0.00221261000000000
0.00839265000000000
0.0128065000000000
0.0116683000000000
0.00865217000000000
0.00722007000000000
0.0110430000000000
0.0151571000000000
0.0115908000000000
0.00460454000000000
0.00238073000000000
0.00557041000000000
0.00929689000000000
0.00807088000000000
0.00358171000000000
0.00227256000000000
0.00379801000000000
0.00331459000000000
-0.000648430000000000
-0.00328741000000000
0.000362372000000000
0.00234129000000000
-0.00198723000000000
-0.00220268000000000
0.00585115000000000
0.0126491000000000
0.0114949000000000
0.00726051000000000
0.00593188000000000
0.0104102000000000
0.0171979000000000
0.0204772000000000
0.0245416000000000
0.0347383000000000
0.0428342000000000
0.0403641000000000
0.0326970000000000
0.0233137000000000
0.0121530000000000
0.00207608000000000
-0.00230086000000000
0.00257958000000000
0.00994293000000000
0.0130578000000000
0.0119250000000000
0.00852138000000000
0.00723887000000000
0.00962119000000000
0.0120593000000000
0.0130004000000000
0.0162747000000000
0.0224552000000000
0.0282640000000000
0.0316135000000000
0.0305058000000000
0.0267226000000000
0.0247601000000000
0.0256256000000000
0.0272808000000000
0.0267081000000000
0.0244790000000000
0.0240279000000000
0.0230686000000000
0.0158341000000000
0.00395532000000000
-0.00392511000000000
-0.00332272000000000
0.000876201000000000
0.00234381000000000
0.00320940000000000
0.00596468000000000
0.00586774000000000
0.00159905000000000
-0.00395990000000000
-0.00906917000000000
-0.0111965000000000
-0.00923148000000000
-0.00491805000000000
-0.00275309000000000
-0.00340044000000000
-0.00354361000000000
-0.00551567000000000
-0.00936961000000000
-0.0100939000000000
-0.00754785000000000
-0.00423883000000000
0.000939373000000000
0.00750542000000000
0.0122606000000000
0.0160816000000000
0.0182222000000000
0.0166376000000000
0.0175269000000000
0.0236294000000000
0.0257673000000000
0.0212480000000000
0.0143334000000000
0.00535336000000000
-0.00130610000000000
-0.00257438000000000
-0.00413721000000000
-0.00750703000000000
-0.00872321000000000
-0.00878367000000000
-0.00989373000000000
-0.00946115000000000
-0.00647161000000000
-0.00553087000000000
-0.00842103000000000
-0.0108072000000000
-0.0111242000000000
-0.0117863000000000
-0.0140121000000000
-0.0171569000000000
-0.0208059000000000
-0.0253341000000000
-0.0293247000000000
-0.0307781000000000
-0.0306120000000000
-0.0317304000000000
-0.0341701000000000
-0.0354039000000000
-0.0343168000000000
-0.0328999000000000
-0.0335548000000000
-0.0345751000000000
-0.0348446000000000
-0.0356659000000000
-0.0363852000000000
-0.0337266000000000
-0.0272748000000000
-0.0214585000000000
-0.0175614000000000
-0.0141099000000000
-0.0107220000000000
-0.00805141000000000
-0.00675706000000000
-0.00480639000000000
-0.00139052000000000
0.000497337000000000
0.00113635000000000
0.00314957000000000
0.00529802000000000
0.00593631000000000
0.00371599000000000
0.00110131000000000
0.00366997000000000
0.00848596000000000
0.0102559000000000
0.0108835000000000
0.0123526000000000
0.0143294000000000
0.0172818000000000
0.0192385000000000
0.0176932000000000
0.0119786000000000
0.00355580000000000
-0.00378228000000000
-0.0104243000000000
-0.0169724000000000
-0.0188309000000000
-0.0151044000000000
-0.0106127000000000
-0.00735516000000000
-0.00434044000000000
-0.000615329000000000
0.00607902000000000
0.0137004000000000
0.0156789000000000
0.0130034000000000
0.0123107000000000
0.0137015000000000
0.0136729000000000
0.0128150000000000
0.0129646000000000
0.0142204000000000
0.0185673000000000
0.0257566000000000
0.0312418000000000
0.0349935000000000
0.0383669000000000
0.0406453000000000
0.0408565000000000
0.0367259000000000
0.0296525000000000
0.0239436000000000
0.0201641000000000
0.0161206000000000
0.0119652000000000
0.00945572000000000
0.00710861000000000
0.00316242000000000
-8.48761000000000e-05
0.000350735000000000
0.00447997000000000
0.00736377000000000
0.00401569000000000
-0.000905553000000000
-0.000308631000000000
0.00231020000000000
-0.000987592000000000
-0.00894278000000000
-0.0144724000000000
-0.0155538000000000
-0.0136474000000000
-0.0101791000000000
-0.00685526000000000
-0.00617567000000000
-0.00690546000000000
-0.00379320000000000
0.00105174000000000
-0.000549057000000000
-0.00737018000000000
-0.0108994000000000
-0.0109971000000000
-0.0110272000000000
-0.00944413000000000
-0.00508829000000000
0.000804061000000000
0.00570421000000000
0.00702360000000000
0.00556402000000000
0.00494044000000000
0.00628817000000000
0.00776865000000000
0.00871136000000000
0.0108281000000000
0.0113495000000000
0.00662908000000000
0.000461386000000000
-0.00530226000000000
-0.0121775000000000
-0.0178568000000000
-0.0186707000000000
-0.0174576000000000
-0.0207254000000000
-0.0259229000000000
-0.0244454000000000
-0.0143981000000000
-0.00469579000000000
-0.00343904000000000
-0.00578930000000000
-0.00577089000000000
-0.00589239000000000
-0.00609007000000000
-0.00501586000000000
-0.00259693000000000
0.00186033000000000
0.00446077000000000
0.00513283000000000
0.00769394000000000
0.0123991000000000
0.0166603000000000
0.0188928000000000
0.0193153000000000
0.0162179000000000
0.0114382000000000
0.00728048000000000
0.00416558000000000
0.00482318000000000
0.00902543000000000
0.0132797000000000
0.0151439000000000
0.0154898000000000
0.0154612000000000
0.0148227000000000
0.0143579000000000
0.0139950000000000
0.0136994000000000
0.0142893000000000
0.0160675000000000
0.0174162000000000
0.0150417000000000
0.0103608000000000
0.00920899000000000
0.0129127000000000
0.0162930000000000
0.0165519000000000
0.0145929000000000
0.00981197000000000
0.00462631000000000
0.00126553000000000
-0.00140448000000000
-0.00319253000000000
-0.00447972000000000
-0.00495772000000000
-0.00589170000000000
-0.00834526000000000
-0.00931370000000000
-0.00877482000000000
-0.00662615000000000
-0.00123319000000000
0.00638618000000000
0.0137147000000000
0.0169455000000000
0.0134778000000000
0.00536428000000000
-0.00102405000000000
-0.00106951000000000
0.00525858000000000
0.0135852000000000
0.0168741000000000
0.0140498000000000
0.00954843000000000
0.00436316000000000
-0.00258412000000000
-0.00976301000000000
-0.0154609000000000
-0.0175272000000000
-0.0144236000000000
-0.00870523000000000
-0.00408453000000000
-0.00165297000000000
0.000272977000000000
0.000740370000000000
-0.00275696000000000
-0.00535679000000000
-0.00287356000000000
-0.00105724000000000
-0.00463006000000000
-0.0118824000000000
-0.0191023000000000
-0.0225560000000000
-0.0221713000000000
-0.0224446000000000
-0.0246420000000000
-0.0233029000000000
-0.0160875000000000
-0.00933326000000000
-0.00825146000000000
-0.0111506000000000
-0.0137908000000000
-0.0118923000000000
-0.00581131000000000
0.000504874000000000
0.00420312000000000
0.00530969000000000
0.00488833000000000
0.000755590000000000
-0.00566031000000000
-0.0113510000000000
-0.0156865000000000
-0.0179084000000000
-0.0206410000000000
-0.0263264000000000
-0.0327021000000000
-0.0334808000000000
-0.0287125000000000
-0.0255006000000000
-0.0256330000000000
-0.0241676000000000
-0.0166077000000000
-0.00885673000000000
-0.00680235000000000
-0.00565594000000000
-0.00213366000000000
0.00113349000000000
0.00150805000000000
-0.000891561000000000
-0.00384015000000000
-0.00379090000000000
-0.00251820000000000
-0.00405276000000000
-0.00581145000000000
-0.00693503000000000
-0.00597572000000000
-0.00205059000000000
-0.00115893000000000
-0.00251920000000000
-0.00177756000000000
-0.000372599000000000
0.000470711000000000
0.000467908000000000
0.000378095000000000
0.00175145000000000
0.00430972000000000
0.00675224000000000
0.00675148000000000
0.00242400000000000
-0.00361262000000000
-0.00543067000000000
-0.00257051000000000
0.00141722000000000
0.00653746000000000
0.0113342000000000
0.0121324000000000
0.00859397000000000
0.00352958000000000
-0.000830719000000000
-0.00327228000000000
-0.00377909000000000
-0.00473977000000000
-0.00512848000000000
-0.00294190000000000
-0.000418196000000000
0.000582158000000000
0.000386946000000000
0.00106753000000000
0.00455314000000000
0.0100090000000000
0.0155079000000000
0.0191205000000000
0.0192428000000000
0.0173701000000000
0.0170623000000000
0.0191901000000000
0.0202737000000000
0.0188806000000000
0.0168862000000000
0.0130512000000000
0.00662119000000000
-0.000342419000000000
-0.00506964000000000
-0.00440223000000000
0.000127531000000000
0.00371800000000000
0.00641093000000000
0.00937598000000000
0.00855489000000000
0.00243290000000000
-0.00302975000000000
-0.00337950000000000
-0.00128844000000000
-0.00136365000000000
-0.00130484000000000
0.00177366000000000
0.00335214000000000
0.00381420000000000
0.00644165000000000
0.0100496000000000
0.0141284000000000
0.0168092000000000
0.0172069000000000
0.0169653000000000
0.0169709000000000
0.0164579000000000
0.0147292000000000
0.0142037000000000
0.0162460000000000
0.0200245000000000
0.0238618000000000
0.0249711000000000
0.0234027000000000
0.0225097000000000
0.0215889000000000
0.0149416000000000
0.00502944000000000
3.80940000000000e-05
-0.00205674000000000
-0.00504410000000000
-0.00578533000000000
-0.00457826000000000
-0.00375307000000000
-0.00331893000000000
-0.00527474000000000
-0.0100125000000000
-0.0153466000000000
-0.0200630000000000
-0.0232892000000000
-0.0246712000000000
-0.0232707000000000
-0.0211804000000000
-0.0223603000000000
-0.0248600000000000
-0.0250578000000000
-0.0225137000000000
-0.0199021000000000
-0.0193166000000000
-0.0171752000000000
-0.0109188000000000
-0.00536035000000000
-0.00383178000000000
-0.00264369000000000
0.000544638000000000
0.00342417000000000
0.00473263000000000
0.00655839000000000
0.0101349000000000
0.0125293000000000
0.0107347000000000
0.00586095000000000
-0.000282528000000000
-0.00714374000000000
-0.0121319000000000
-0.0136640000000000
-0.0130767000000000
-0.0108754000000000
-0.00832292000000000
-0.00781734000000000
-0.00939839000000000
-0.0101668000000000
-0.00837452000000000
-0.00607615000000000
-0.00563509000000000
-0.00731531000000000
-0.00899272000000000
-0.00854163000000000
-0.00670397000000000
-0.00485870000000000
-0.00341564000000000
-0.00334798000000000
-0.00539854000000000
-0.00715636000000000
-0.00706835000000000
-0.00714021000000000
-0.00688778000000000
-0.00524206000000000
-0.00448628000000000
-0.00472156000000000
-0.00378661000000000
-0.00277602000000000
-0.00372976000000000
-0.00446862000000000
-0.00318963000000000
-0.00200053000000000
-0.000322970000000000
0.00194439000000000
0.00131431000000000
-0.000413721000000000
-0.000752399000000000
-0.00112683000000000
-3.74508000000000e-05
0.00241440000000000
0.00393095000000000
0.00562796000000000
0.00674947000000000
0.00601874000000000
0.00512795000000000
0.00520916000000000
0.00776420000000000
0.0119135000000000
0.0132408000000000
0.0113575000000000
0.00839183000000000
0.00545786000000000
0.00591709000000000
0.00894180000000000
0.00881599000000000
0.00692968000000000
0.00714232000000000
0.00735387000000000
0.00639961000000000
0.00444414000000000
-0.000457709000000000
-0.00594724000000000
-0.00991587000000000
-0.0148095000000000
-0.0182373000000000
-0.0178302000000000
-0.0169789000000000
-0.0163068000000000
-0.0117480000000000
-0.00324835000000000
0.00143691000000000
-0.00137732000000000
-0.00646646000000000
-0.0103984000000000
-0.0129201000000000
-0.0140559000000000
-0.0140152000000000
-0.0124836000000000
-0.0125827000000000
-0.0155740000000000
-0.0177910000000000
-0.0189458000000000
-0.0193312000000000
-0.0174513000000000
-0.0130219000000000
-0.00807090000000000
-0.00484524000000000
-0.00255379000000000
-0.000855672000000000
0.00136047000000000
0.00545036000000000
0.00916890000000000
0.0117166000000000
0.0144813000000000
0.0176398000000000
0.0202414000000000
0.0208131000000000
0.0176929000000000
0.0109088000000000
0.00422950000000000
0.00183873000000000
0.00299343000000000
0.00500111000000000
0.00761368000000000
0.00983692000000000
0.0107463000000000
0.0108260000000000
0.0100542000000000
0.00937080000000000
0.0106206000000000
0.0143081000000000
0.0170489000000000
0.0156115000000000
0.0123566000000000
0.0100208000000000
0.00828188000000000
0.00554622000000000
0.00135039000000000
-0.00206913000000000
-0.00313724000000000
-0.00101268000000000
0.00372287000000000
0.00799022000000000
0.0101852000000000
0.0106840000000000
0.0110036000000000
0.0110402000000000
0.0103431000000000
0.0121374000000000
0.0161489000000000
0.0176199000000000
0.0159004000000000
0.0124378000000000
0.00849676000000000
0.00667721000000000
0.00605834000000000
0.00424202000000000
0.00331498000000000
0.00536969000000000
0.00802783000000000
0.00841552000000000
0.00769607000000000
0.00751241000000000
0.00686038000000000
0.00746333000000000
0.0132359000000000
0.0200949000000000
0.0200695000000000
0.0131718000000000
0.00591066000000000
0.00197574000000000
-0.00138456000000000
-0.00542455000000000
-0.00826992000000000
-0.00972705000000000
-0.0115290000000000
-0.0135878000000000
-0.0130902000000000
-0.0106919000000000
-0.00978171000000000
-0.0108333000000000
-0.0103631000000000
-0.00653803000000000
-0.00256572000000000
-0.00122988000000000
-0.00186308000000000
-0.00190396000000000
-0.000600825000000000
0.000517721000000000
0.00219007000000000
0.00516468000000000
0.00673942000000000
0.00558049000000000
0.00395682000000000
0.00351872000000000
0.00345456000000000
0.00320649000000000
0.00291276000000000
0.00149642000000000
-0.00184274000000000
-0.00525560000000000
-0.00593353000000000
-0.00398893000000000
-0.00238153000000000
-0.00214482000000000
-0.00205277000000000
-0.00282130000000000
-0.00413829000000000
-0.00340409000000000
-0.00153474000000000
-0.000890000000000000
-0.000636669000000000
0.00135047000000000
0.00540308000000000
0.00840040000000000
0.00772317000000000
0.00578349000000000
0.00395457000000000
0.00100416000000000
-0.000763563000000000
-0.000426290000000000
-0.00159010000000000
-0.00418966000000000
-0.00392499000000000
0.000196550000000000
0.00422214000000000
0.00511548000000000
0.00445379000000000
0.00428918000000000
0.00519778000000000
0.00647641000000000
0.00515387000000000
0.00202734000000000
0.00218109000000000
0.00562181000000000
0.00848402000000000
0.00839408000000000
0.00605717000000000
0.00499369000000000
0.00504146000000000
0.00376671000000000
0.00175139000000000
0.000383790000000000
-0.000378439000000000
-0.00249760000000000
-0.00586922000000000
-0.00921668000000000
-0.0135605000000000
-0.0179078000000000
-0.0209342000000000
-0.0227604000000000
-0.0218952000000000
-0.0178087000000000
-0.0124162000000000
-0.00857278000000000
-0.00766245000000000
-0.00862164000000000
-0.00965081000000000
-0.00868859000000000
-0.00624147000000000
-0.00454282000000000
-0.00402513000000000
-0.00630547000000000
-0.0115680000000000
-0.0155762000000000
-0.0168340000000000
-0.0174921000000000
-0.0176185000000000
-0.0159972000000000
-0.0146464000000000
-0.0154381000000000
-0.0154870000000000
-0.0140458000000000
-0.0135024000000000
-0.0129882000000000
-0.0105389000000000
-0.00679344000000000
-0.00340688000000000
0.000808545000000000
0.00730675000000000
0.0134825000000000
0.0160595000000000
0.0147846000000000
0.0118339000000000
0.00978139000000000
0.00877504000000000
0.00694812000000000
0.00568610000000000
0.00633266000000000
0.00596800000000000
0.00348925000000000
-0.000926105000000000
-0.00656709000000000
-0.00959976000000000
-0.00833289000000000
-0.00506859000000000
-0.00167829000000000
0.00330029000000000
0.0106710000000000
0.0165793000000000
0.0183912000000000
0.0182576000000000
0.0183671000000000
0.0195993000000000
0.0218596000000000
0.0222916000000000
0.0194220000000000
0.0150499000000000
0.0120811000000000
0.0117868000000000
0.0110075000000000
0.00960968000000000
0.0103349000000000
0.0104957000000000
0.00878791000000000
0.00849504000000000
0.00906725000000000
0.00761858000000000
0.00572669000000000
0.00642757000000000
0.00962073000000000
0.0130211000000000
0.0132373000000000
0.00959810000000000
0.00558700000000000
0.00299512000000000
0.00174196000000000
0.00177006000000000
0.00142037000000000
0.00137696000000000
0.00467949000000000
0.00992161000000000
0.0137619000000000
0.0163928000000000
0.0178214000000000
0.0166492000000000
0.0142571000000000
0.0123003000000000
0.00967210000000000
0.00586966000000000
0.00166839000000000
-0.00255782000000000
-0.00551349000000000
-0.00696853000000000
-0.00808883000000000
-0.00778668000000000
-0.00562115000000000
-0.00280694000000000
-0.000113736000000000
0.00180980000000000
0.00209356000000000
-0.000257904000000000
-0.00422395000000000
-0.00778909000000000
-0.00887104000000000
-0.00656548000000000
-0.00371857000000000
-0.00122076000000000
0.00201122000000000
0.00334826000000000
0.00191489000000000
-0.000463463000000000
-0.00325050000000000
-0.00508880000000000
-0.00452759000000000
-0.00261813000000000
-0.00278785000000000
-0.00569208000000000
-0.00817296000000000
-0.00943535000000000
-0.0109900000000000
-0.0137346000000000
-0.0171007000000000
-0.0190441000000000
-0.0193628000000000
-0.0196796000000000
-0.0187748000000000
-0.0149473000000000
-0.00966443000000000
-0.00502308000000000
-0.00295677000000000
-0.00243701000000000
0.000188427000000000
0.00279093000000000
0.00154152000000000
-0.00126672000000000
-0.00191961000000000
-0.00101750000000000
-0.00217271000000000
-0.00549950000000000
-0.00740865000000000
-0.00664004000000000
-0.00581174000000000
-0.00787460000000000
-0.0119649000000000
-0.0139523000000000
-0.0135074000000000
-0.0155092000000000
-0.0202617000000000
-0.0220361000000000
-0.0199966000000000
-0.0174732000000000
-0.0151469000000000
-0.0138830000000000
-0.0125040000000000
-0.00972192000000000
-0.00912945000000000
-0.0111720000000000
-0.0123317000000000
-0.0116241000000000
-0.00966425000000000
-0.00716769000000000
-0.00486317000000000
-0.00285764000000000
-0.00160513000000000
-0.000628872000000000
0.000729827000000000
0.00121309000000000
0.000889347000000000
0.000611567000000000
-0.00111294000000000
-0.00438610000000000
-0.00630396000000000
-0.00613447000000000
-0.00488981000000000
-0.00407482000000000
-0.00570067000000000
-0.00836778000000000
-0.00990778000000000
-0.00987585000000000
-0.00756680000000000
-0.00407628000000000
-0.00159986000000000
-0.000145219000000000
0.00154539000000000
0.00393433000000000
0.00636095000000000
0.00746171000000000
0.00658495000000000
0.00574908000000000
0.00726446000000000
0.00975381000000000
0.0106870000000000
0.0105488000000000
0.0104953000000000
0.0102348000000000
0.0101362000000000
0.0102183000000000
0.00926056000000000
0.00727267000000000
0.00528016000000000
0.00372823000000000
0.00353463000000000
0.00530901000000000
0.00699128000000000
0.00743753000000000
0.00831065000000000
0.00954768000000000
0.00978327000000000
0.00897272000000000
0.00682275000000000
0.00416201000000000
0.00345303000000000
0.00436247000000000
0.00513339000000000
0.00572530000000000
0.00647092000000000
0.00744173000000000
0.00808125000000000
0.00824655000000000
0.00787498000000000
0.00565459000000000
0.00271332000000000
0.00167489000000000
0.00125381000000000
0.000765794000000000
0.00304831000000000
0.00817323000000000
0.0133265000000000
0.0161579000000000
0.0155028000000000
0.0120271000000000
0.00778253000000000
0.00437224000000000
0.00251361000000000
0.00318716000000000
0.00531271000000000
0.00621628000000000
0.00569187000000000
0.00446858000000000
0.00246979000000000
0.000442349000000000
-0.000943810000000000
-0.00161379000000000
-1.22963000000000e-05
0.00401964000000000
0.00614740000000000
0.00399768000000000
0.00168853000000000
0.00199912000000000
0.00178353000000000
-0.00124927000000000
-0.00576122000000000
-0.00842171000000000
-0.00631408000000000
-0.00198224000000000
0.00100052000000000
0.00275511000000000
0.00359445000000000
0.00378089000000000
0.00338568000000000
0.00333079000000000
0.00426869000000000
0.00451292000000000
0.00383604000000000
0.00351762000000000
0.00335903000000000
0.00215941000000000
0.00123567000000000
0.00212465000000000
0.00377842000000000
0.00477104000000000
0.00419470000000000
0.00320732000000000
0.00219543000000000
0.000655139000000000
-0.000744315000000000
-0.00287502000000000
-0.00524135000000000
-0.00553426000000000
-0.00473300000000000
-0.00439878000000000
-0.00370353000000000
-0.00286145000000000
-0.00276961000000000
-0.00308824000000000
-0.00277449000000000
-0.00184853000000000
-0.00208894000000000
-0.00328761000000000
-0.00386374000000000
-0.00372254000000000
-0.00343566000000000
-0.00339170000000000
-0.00338881000000000
-0.00336772000000000
-0.00251085000000000
-6.45344000000000e-05
0.00249692000000000
0.00308941000000000
0.00140666000000000
0.000118266000000000
0.00103135000000000
0.00255432000000000
0.00286132000000000
0.00197446000000000
0.00106015000000000
-1.95026000000000e-05
-0.00136365000000000
-0.00286043000000000
-0.00467769000000000
-0.00475927000000000
-0.00353116000000000
-0.00379523000000000
-0.00482707000000000
-0.00495514000000000
-0.00335430000000000
-0.00106524000000000
-0.00100670000000000
-0.00209720000000000
-0.00118037000000000
0.000766157000000000
0.00151058000000000
0.000394827000000000
-0.00223955000000000
-0.00442463000000000
-0.00459215000000000
-0.00451516000000000
-0.00704816000000000
-0.0104798000000000
-0.0107648000000000
-0.00774283000000000
-0.00418117000000000
-0.00320695000000000
-0.00421419000000000
-0.00399243000000000
-0.00287493000000000
-0.00167967000000000
-0.00130079000000000
-0.00367344000000000
-0.00613061000000000
-0.00627036000000000
-0.00600528000000000
-0.00565968000000000
-0.00498194000000000
-0.00446211000000000
-0.00399907000000000
-0.00445159000000000
-0.00665080000000000
-0.00843990000000000
-0.00737557000000000
-0.00546480000000000
-0.00554558000000000
-0.00674575000000000
-0.00666347000000000
-0.00479911000000000
-0.00268915000000000
-0.00242119000000000
-0.00427761000000000
-0.00572013000000000
-0.00427527000000000
-0.000405739000000000
0.00248619000000000
0.00310456000000000
0.00386285000000000
0.00500217000000000
0.00420878000000000
0.00164608000000000
-0.000944515000000000
-0.00247150000000000
-0.00314754000000000
-0.00451667000000000
-0.00523478000000000
-0.00424953000000000
-0.00246840000000000
-0.000192221000000000
0.00117042000000000
0.00269377000000000
0.00565806000000000
0.00761583000000000
0.00800891000000000
0.00865177000000000
0.00903695000000000
0.00855785000000000
0.00828426000000000
0.00816626000000000
0.00795201000000000
0.00794330000000000
0.00788286000000000
0.00705565000000000
0.00596330000000000
0.00572652000000000
0.00553926000000000
0.00469670000000000
0.00351993000000000
0.00162738000000000
-0.000846068000000000
-0.00283659000000000
-0.00432314000000000
-0.00561755000000000
-0.00598535000000000
-0.00527118000000000
-0.00464430000000000
-0.00488405000000000
-0.00464532000000000
-0.00284522000000000
-0.000783967000000000
0.00114095000000000
0.00311434000000000
0.00489234000000000
0.00703980000000000
0.00926676000000000
0.0107645000000000
0.0107991000000000
0.00967500000000000
0.00852538000000000
0.00705628000000000
0.00561907000000000
0.00521714000000000
0.00561108000000000
0.00574341000000000
0.00447124000000000
0.00254642000000000
0.00179631000000000
0.00234568000000000
0.00282825000000000
0.00257403000000000
0.00208959000000000
0.000758029000000000
-0.00196940000000000
-0.00486251000000000
-0.00736594000000000
-0.00913831000000000
-0.00980492000000000
-0.0103638000000000
-0.0108160000000000
-0.0103369000000000
-0.00957172000000000
-0.00995704000000000
-0.0115748000000000
-0.0116182000000000
-0.00889774000000000
-0.00603435000000000
-0.00425089000000000
-0.00318916000000000
-0.00225734000000000
-0.000463915000000000
0.00169941000000000
0.00302497000000000
0.00331785000000000
0.00304764000000000
0.00255119000000000
0.00236006000000000
0.00219336000000000
0.00125410000000000
-0.000149476000000000
-0.00209627000000000
-0.00428826000000000
-0.00627598000000000
-0.00853055000000000
-0.0103767000000000
-0.0107169000000000
-0.00951947000000000
-0.00719163000000000
-0.00452903000000000
-0.00272171000000000
-0.00216107000000000
-0.00176128000000000
-0.000861081000000000
-0.000362884000000000
-8.18271000000000e-06
0.00106264000000000
0.00209887000000000
0.00281731000000000
0.00325602000000000
0.00213492000000000
-0.000920845000000000
-0.00412772000000000
-0.00671232000000000
-0.00926405000000000
-0.0110201000000000
-0.0113445000000000
-0.0109543000000000
-0.0101841000000000
-0.00920265000000000
-0.00824791000000000
-0.00714529000000000
-0.00624069000000000
-0.00570058000000000
-0.00481405000000000
-0.00446271000000000
-0.00478531000000000
-0.00364096000000000
-0.00143606000000000
0.000577172000000000
0.00229885000000000
0.00422753000000000
0.00596101000000000
0.00567453000000000
0.00424435000000000
0.00325509000000000
0.00334279000000000
0.00495725000000000
0.00752895000000000
0.00994129000000000
0.0105683000000000
0.00867430000000000
0.00579999000000000
0.00429267000000000
0.00484271000000000
0.00704648000000000
0.00947883000000000
0.00991973000000000
0.00863513000000000
0.00767447000000000
0.00672656000000000
0.00465205000000000
0.00342664000000000
0.00449946000000000
0.00605335000000000
0.00705307000000000
0.00839704000000000
0.0101865000000000
0.0109582000000000
0.0100971000000000
0.00889447000000000
0.00877170000000000
0.00999939000000000
0.0115229000000000
0.0116785000000000
0.00987082000000000
0.00706241000000000
0.00438057000000000
0.00259735000000000
0.00202216000000000
0.00232703000000000
0.00313264000000000
0.00437211000000000
0.00541771000000000
0.00587181000000000
0.00679109000000000
0.00832035000000000
0.00904791000000000
0.00802126000000000
0.00633279000000000
0.00559115000000000
0.00520325000000000
0.00431121000000000
0.00303883000000000
0.00137505000000000
-8.43288000000000e-05
-0.000734345000000000
-0.000877485000000000
-0.000384869000000000
0.000322617000000000
-0.000170845000000000
-0.00139162000000000
-0.00176355000000000
-0.00120009000000000
-0.000545449000000000
-0.000563972000000000
-0.00140736000000000
-0.00250132000000000
-0.00324976000000000
-0.00377060000000000
-0.00490945000000000
-0.00704507000000000
-0.00937966000000000
-0.0106348000000000
-0.00990325000000000
-0.00781587000000000
-0.00639464000000000
-0.00615151000000000
-0.00557318000000000
-0.00456517000000000
-0.00495924000000000
-0.00706054000000000
-0.00903576000000000
-0.00984123000000000
-0.0101598000000000
-0.0108979000000000
-0.0123669000000000
-0.0136703000000000
-0.0131240000000000
-0.0113528000000000
-0.0104425000000000
-0.00984122000000000
-0.00852894000000000
-0.00772618000000000
-0.00816440000000000
-0.00890751000000000
-0.00845666000000000
-0.00659139000000000
-0.00559565000000000
-0.00604175000000000
-0.00652935000000000
-0.00751784000000000
-0.00886970000000000
-0.00982315000000000
-0.0102723000000000
-0.00969042000000000
-0.00830936000000000
-0.00707960000000000
-0.00632085000000000
-0.00569997000000000
-0.00480927000000000
-0.00331432000000000
-0.00217000000000000
-0.00214141000000000
-0.00177779000000000
-0.000732768000000000
-0.000341048000000000
-0.000433924000000000
4.04815000000000e-05
0.00164196000000000
0.00443565000000000
0.00666050000000000
0.00711378000000000
0.00712449000000000
0.00666308000000000
0.00495372000000000
0.00303780000000000
0.00210343000000000
0.00253134000000000
0.00350575000000000
0.00432500000000000
0.00586230000000000
0.00852160000000000
0.0113459000000000
0.0132220000000000
0.0137760000000000
0.0131402000000000
0.0117958000000000
0.0105336000000000
0.00923174000000000
0.00721579000000000
0.00523290000000000
0.00513528000000000
0.00652306000000000
0.00733527000000000
0.00736242000000000
0.00777556000000000
0.00922063000000000
0.0106707000000000
0.0107795000000000
0.0103058000000000
0.0107713000000000
0.0112805000000000
0.00994976000000000
0.00797167000000000
0.00719093000000000
0.00694115000000000
0.00685024000000000
0.00700872000000000
0.00650644000000000
0.00551438000000000
0.00443597000000000
0.00280289000000000
0.00129530000000000
0.000959033000000000
0.00210563000000000
0.00420379000000000
0.00581480000000000
0.00633242000000000
0.00633023000000000
0.00598811000000000
0.00567711000000000
0.00624099000000000
0.00710260000000000
0.00767895000000000
0.00837397000000000
0.00942050000000000
0.0109675000000000
0.0118921000000000
0.0113928000000000
0.0106266000000000
0.0101098000000000
0.00954190000000000
0.00855246000000000
0.00663133000000000
0.00420442000000000
0.00218395000000000
0.000638547000000000
-0.00116712000000000
-0.00287563000000000
-0.00350234000000000
-0.00345627000000000
-0.00330231000000000
-0.00331218000000000
-0.00312260000000000
-0.00257996000000000
-0.00264952000000000
-0.00350429000000000
-0.00444579000000000
-0.00445293000000000
-0.00367045000000000
-0.00311957000000000
-0.00335004000000000
-0.00472373000000000
-0.00614806000000000
-0.00637104000000000
-0.00580440000000000
-0.00575442000000000
-0.00668302000000000
-0.00778457000000000
-0.00841537000000000
-0.00844037000000000
-0.00826286000000000
-0.00788713000000000
-0.00696006000000000
-0.00572410000000000
-0.00418387000000000
-0.00231057000000000
-0.000835329000000000
-0.000558328000000000
-0.00139191000000000
-0.00210939000000000
-0.00164663000000000
-0.000620533000000000
6.28070000000000e-05
0.000411916000000000
0.000392991000000000
-0.000222146000000000
-0.00140964000000000
-0.00292272000000000
-0.00423064000000000
-0.00517572000000000
-0.00623351000000000
-0.00711093000000000
-0.00792358000000000
-0.00956781000000000
-0.0107608000000000
-0.0100323000000000
-0.00857500000000000
-0.00757318000000000
-0.00678735000000000
-0.00543303000000000
-0.00353669000000000
-0.00293549000000000
-0.00433362000000000
-0.00628306000000000
-0.00748030000000000
-0.00728760000000000
-0.00663317000000000
-0.00623083000000000
-0.00525867000000000
-0.00481363000000000
-0.00608688000000000
-0.00789461000000000
-0.00951666000000000
-0.0101951000000000
-0.00963893000000000
-0.00981709000000000
-0.0110338000000000
-0.0113162000000000
-0.0107690000000000
-0.0112310000000000
-0.0124841000000000
-0.0125807000000000
-0.0110177000000000
-0.00879109000000000
-0.00749144000000000
-0.00752672000000000
-0.00723261000000000
-0.00647566000000000
-0.00603421000000000
-0.00415230000000000
-0.000196612000000000
0.00293870000000000
0.00392548000000000
0.00406942000000000
0.00410760000000000
0.00421633000000000
0.00422797000000000
0.00373265000000000
0.00320088000000000
0.00335588000000000
0.00378879000000000
0.00345704000000000
0.00166682000000000
-0.000860401000000000
-0.00209249000000000
-0.00147426000000000
-0.000682100000000000
-0.000654273000000000
-0.000725054000000000
-0.000809916000000000
-0.00111639000000000
-0.00131918000000000
-0.00129695000000000
-0.000952148000000000
-0.000190967000000000
0.00128563000000000
0.00351635000000000
0.00530131000000000
0.00604037000000000
0.00630953000000000
0.00572131000000000
0.00427014000000000
0.00338133000000000
0.00325102000000000
0.00364697000000000
0.00503100000000000
0.00681123000000000
0.00822927000000000
0.00863381000000000
0.00768297000000000
0.00615057000000000
0.00413162000000000
0.00195260000000000
0.000776721000000000
0.000874373000000000
0.00200540000000000
0.00320909000000000
0.00350177000000000
0.00375352000000000
0.00492191000000000
0.00624782000000000
0.00731457000000000
0.00856618000000000
0.00935184000000000
0.00850007000000000
0.00691036000000000
0.00619737000000000
0.00555450000000000
0.00441769000000000
0.00358073000000000
0.00310253000000000
0.00306346000000000
0.00299171000000000
0.00210406000000000
0.00126345000000000
0.00107222000000000
0.000612926000000000
0.000152263000000000
0.000617041000000000
0.00113475000000000
0.000599579000000000
-0.00103188000000000
-0.00296300000000000
-0.00380859000000000
-0.00309189000000000
-0.00162085000000000
-0.000458467000000000
0.000395146000000000
0.00178294000000000
0.00315547000000000
0.00360402000000000
0.00402353000000000
0.00483951000000000
0.00491827000000000
0.00374960000000000
0.00210970000000000
0.000865527000000000
6.55531000000000e-06
-0.000751433000000000
-0.00183755000000000
-0.00307338000000000
-0.00331299000000000
-0.00300668000000000
-0.00374576000000000
-0.00551226000000000
-0.00725746000000000
-0.00862989000000000
-0.00943679000000000
-0.00914583000000000
-0.00752440000000000
-0.00493159000000000
-0.00211398000000000
1.66370000000000e-05
0.000384373000000000
-0.000414556000000000
-0.000783506000000000
-0.000798981000000000
-0.000771545000000000
-0.000457195000000000
0.000317550000000000
0.00155160000000000
0.00290427000000000
0.00365670000000000
0.00286840000000000
0.00106655000000000
-0.000555528000000000
-0.00228106000000000
-0.00419970000000000
-0.00579990000000000
-0.00687193000000000
-0.00708880000000000
-0.00682140000000000
-0.00634486000000000
-0.00510134000000000
-0.00370462000000000
-0.00356127000000000
-0.00437399000000000
-0.00504498000000000
-0.00541587000000000
-0.00558794000000000
-0.00669459000000000
-0.00904351000000000
-0.0102362000000000
-0.00947588000000000
-0.00809514000000000
-0.00714920000000000
-0.00712229000000000
-0.00720647000000000
-0.00621925000000000
-0.00359657000000000
-0.000489631000000000
0.000927817000000000
0.000990330000000000
0.00144638000000000
0.00240944000000000
0.00303329000000000
0.00313278000000000
0.00352947000000000
0.00433702000000000
0.00373953000000000
0.00114134000000000
-0.00166008000000000
-0.00376742000000000
-0.00540262000000000
-0.00628731000000000
-0.00588743000000000
-0.00385522000000000
-0.000854478000000000
0.00120547000000000
0.00164897000000000
0.00193809000000000
0.00271534000000000
0.00272051000000000
0.00168035000000000
0.000769082000000000
0.000425865000000000
0.000813981000000000
0.00108903000000000
-0.000687086000000000
-0.00355362000000000
-0.00480980000000000
-0.00467631000000000
-0.00481777000000000
-0.00541641000000000
-0.00567547000000000
-0.00484752000000000
-0.00287465000000000
-0.000338226000000000
0.00194049000000000
0.00351563000000000
0.00485348000000000
0.00652162000000000
0.00802483000000000
0.00831806000000000
0.00795391000000000
0.00762025000000000
0.00659936000000000
0.00541758000000000
0.00473155000000000
0.00388540000000000
0.00287452000000000
0.00218953000000000
0.00162150000000000
0.00124300000000000
0.00174441000000000
0.00302538000000000
0.00434502000000000
0.00488399000000000
0.00464685000000000
0.00440959000000000
0.00441975000000000
0.00434106000000000
0.00358462000000000
0.00221363000000000
0.00109214000000000
0.000306330000000000
-0.000970458000000000
-0.00212312000000000
-0.00146746000000000
0.000206942000000000
0.000719386000000000
0.000305022000000000
0.000243131000000000
0.000775944000000000
0.00186544000000000
0.00266839000000000
0.00265620000000000
0.00272798000000000
0.00264823000000000
0.00203713000000000
0.00172220000000000
0.00172526000000000
0.00177248000000000
0.00205513000000000
0.00288442000000000
0.00438072000000000
0.00628295000000000
0.00835769000000000
0.0106697000000000
0.0127332000000000
0.0135668000000000
0.0138376000000000
0.0142345000000000
0.0139442000000000
0.0130183000000000
0.0121499000000000
0.0117503000000000
0.0116707000000000
0.0109485000000000
0.00953747000000000
0.00844192000000000
0.00769144000000000
0.00657841000000000
0.00534211000000000
0.00425239000000000
0.00300388000000000
0.00192273000000000
0.00132980000000000
0.00132388000000000
0.00164877000000000
0.00124900000000000
2.26011000000000e-05
-0.00111844000000000
-0.00138055000000000
-0.000793905000000000
-0.000416083000000000
-0.000367482000000000
0.000407239000000000
0.00223440000000000
0.00392669000000000
0.00487490000000000
0.00593206000000000
0.00698085000000000
0.00744924000000000
0.00739264000000000
0.00709455000000000
0.00692192000000000
0.00705118000000000
0.00698538000000000
0.00577653000000000
0.00406269000000000
0.00285565000000000
0.00191560000000000
0.00128401000000000
0.00120770000000000
0.00150744000000000
0.00160693000000000
0.000731072000000000
-0.000809081000000000
-0.00129348000000000
-0.000340325000000000
-2.64532000000000e-05
-0.00123036000000000
-0.00209485000000000
-0.00195638000000000
-0.00204961000000000
-0.00235708000000000
-0.00263144000000000
-0.00326005000000000
-0.00415647000000000
-0.00527381000000000
-0.00607322000000000
-0.00580429000000000
-0.00536205000000000
-0.00573858000000000
-0.00656185000000000
-0.00776678000000000
-0.00920916000000000
-0.0104962000000000
-0.0112803000000000
-0.0110048000000000
-0.0105734000000000
-0.0105959000000000
-0.0100709000000000
-0.00900860000000000
-0.00838343000000000
-0.00810687000000000
-0.00755525000000000
-0.00698623000000000
-0.00672605000000000
-0.00672180000000000
-0.00641015000000000
-0.00498659000000000
-0.00335789000000000
-0.00344125000000000
-0.00511825000000000
-0.00678213000000000
-0.00730777000000000
-0.00675782000000000
-0.00628467000000000
-0.00589098000000000
-0.00552275000000000
-0.00641976000000000
-0.00803442000000000
-0.00902072000000000
-0.00944388000000000
-0.00952270000000000
-0.00955072000000000
-0.00948269000000000
-0.00902074000000000
-0.00915631000000000
-0.00997835000000000
-0.0109467000000000
-0.0124447000000000
-0.0129908000000000
-0.0114016000000000
-0.00881585000000000
-0.00711535000000000
-0.00647856000000000
-0.00552023000000000
-0.00453384000000000
-0.00360349000000000
-0.00293282000000000
-0.00329526000000000
-0.00406758000000000
-0.00387257000000000
-0.00279875000000000
-0.00332249000000000
-0.00509866000000000
-0.00577498000000000
-0.00545130000000000
-0.00475211000000000
-0.00425958000000000
-0.00391987000000000
-0.00330477000000000
-0.00291358000000000
-0.00338814000000000
-0.00465655000000000
-0.00550701000000000
-0.00551386000000000
-0.00504406000000000
-0.00373844000000000
-0.00201135000000000
-0.000780715000000000
0.000653005000000000
0.00222500000000000
0.00230950000000000
0.00148455000000000
0.000708334000000000
-7.83511000000000e-05
-0.000459511000000000
-0.000368567000000000
-0.000165469000000000
-0.000228693000000000
-0.000415331000000000
-0.000853824000000000
-0.00136943000000000
-0.000938438000000000
0.000446276000000000
0.00201565000000000
0.00308063000000000
0.00376844000000000
0.00454936000000000
0.00549895000000000
0.00668446000000000
0.00780872000000000
0.00845938000000000
0.00837385000000000
0.00780681000000000
0.00722168000000000
0.00634576000000000
0.00539709000000000
0.00509938000000000
0.00508371000000000
0.00424984000000000
0.00204396000000000
-0.000482158000000000
-0.00215388000000000
-0.00335201000000000
-0.00381675000000000
-0.00242326000000000
0.000523242000000000
0.00333115000000000
0.00490250000000000
0.00595359000000000
0.00687399000000000
0.00693457000000000
0.00537629000000000
0.00240965000000000
0.000396172000000000
0.000134074000000000
8.91023000000000e-05
2.51221000000000e-05
8.21809000000000e-05
0.000442686000000000
0.00142903000000000
0.00268175000000000
0.00357969000000000
0.00365542000000000
0.00372953000000000
0.00480600000000000
0.00583567000000000
0.00622182000000000
0.00579345000000000
0.00516065000000000
0.00559882000000000
0.00622437000000000
0.00606341000000000
0.00610280000000000
0.00665751000000000
0.00753095000000000
0.00808072000000000
0.00770927000000000
0.00735020000000000
0.00733196000000000
0.00728797000000000
0.00746427000000000
0.00764540000000000
0.00755615000000000
0.00719167000000000
0.00671490000000000
0.00695069000000000
0.00792983000000000
0.00858592000000000
0.00881923000000000
0.00895233000000000
0.00879153000000000
0.00871760000000000
0.00852301000000000
0.00739827000000000
0.00622378000000000
0.00567892000000000
0.00547343000000000
0.00566928000000000
0.00484910000000000
0.00232922000000000
6.03075000000000e-05
-0.000911099000000000
-0.000735711000000000
-0.000133281000000000
0.000363638000000000
0.00101384000000000
0.00128096000000000
0.00129184000000000
0.00151325000000000
0.00132556000000000
0.000453972000000000
-0.000772488000000000
-0.00136706000000000
-0.000725926000000000
0.000747471000000000
0.00211194000000000
0.00283092000000000
0.00420970000000000
0.00633443000000000
0.00698523000000000
0.00595048000000000
0.00438608000000000
0.00231991000000000
0.000180687000000000
-0.00129566000000000
-0.00245033000000000
-0.00358875000000000
-0.00414423000000000
-0.00414228000000000
-0.00444563000000000
-0.00526329000000000
-0.00579259000000000
-0.00570283000000000
-0.00543626000000000
-0.00488655000000000
-0.00409416000000000
-0.00296765000000000
-0.00171541000000000
-0.00153429000000000
-0.00188979000000000
-0.00119640000000000
0.000387517000000000
0.00146065000000000
0.00115487000000000
-0.000195356000000000
-0.00160970000000000
-0.00243454000000000
-0.00351811000000000
-0.00545404000000000
-0.00635327000000000
-0.00552067000000000
-0.00477616000000000
-0.00492493000000000
-0.00547709000000000
-0.00544087000000000
-0.00448541000000000
-0.00331102000000000
-0.00243509000000000
-0.00209100000000000
-0.00192686000000000
-0.00216223000000000
-0.00296457000000000
-0.00312027000000000
-0.00280395000000000
-0.00285832000000000
-0.00319456000000000
-0.00360765000000000
-0.00364661000000000
-0.00362883000000000
-0.00386415000000000
-0.00391193000000000
-0.00353852000000000
-0.00300043000000000
-0.00264489000000000
-0.00224991000000000
-0.00208040000000000
-0.00256755000000000
-0.00324278000000000
-0.00376646000000000
-0.00427944000000000
-0.00437814000000000
-0.00356847000000000
-0.00254627000000000
-0.00265447000000000
-0.00415891000000000
-0.00534728000000000
-0.00552162000000000
-0.00562235000000000
-0.00524313000000000
-0.00438953000000000
-0.00383628000000000
-0.00327561000000000
-0.00241426000000000
-0.00110614000000000
0.000347779000000000
0.00145304000000000
0.00225540000000000
0.00251580000000000
0.00248494000000000
0.00252689000000000
0.00260825000000000
0.00289387000000000
0.00275286000000000
0.00208891000000000
0.00175555000000000
0.00160729000000000
0.00161981000000000
0.00202321000000000
0.00208791000000000
0.00156243000000000
0.00122831000000000
0.00137997000000000
0.00139924000000000
0.00109798000000000
0.000961759000000000
0.000915090000000000
0.000970453000000000
0.00154432000000000
0.00223051000000000
0.00264975000000000
0.00274335000000000
0.00226281000000000
0.00186846000000000
0.00216764000000000
0.00245624000000000
0.00209419000000000
0.00136502000000000
0.000814835000000000
0.000639675000000000
0.000569782000000000
0.000518738000000000
0.000811787000000000
0.00118356000000000
0.00136164000000000
0.00127974000000000
0.000699013000000000
0.000219099000000000
0.000298529000000000
0.000742723000000000
0.00146238000000000
0.00188775000000000
0.00204512000000000
0.00261119000000000
0.00303219000000000
0.00284483000000000
0.00232619000000000
0.00169750000000000
0.00156924000000000
0.00188282000000000
0.00202617000000000
0.00217138000000000
0.00222710000000000
0.00178764000000000
0.00123138000000000
0.000846970000000000
0.000320155000000000
-0.000316397000000000
-0.000788158000000000
-0.00109191000000000
-0.00127841000000000
-0.00141419000000000
-0.00128621000000000
-0.000817799000000000
-0.000488334000000000
-0.000217312000000000
0.000508444000000000
0.00148332000000000
0.00211395000000000
0.00212591000000000
0.00186670000000000
0.00209835000000000
0.00262900000000000
0.00254620000000000
0.00187555000000000
0.00110281000000000
0.000643544000000000
0.000719593000000000
0.000648147000000000
-7.41914000000000e-05
-0.000796840000000000
-0.000837162000000000
-0.000437528000000000
-0.000438642000000000
-0.000949459000000000
-0.00152745000000000
-0.00221596000000000
-0.00270299000000000
-0.00263350000000000
-0.00244847000000000
-0.00238156000000000
-0.00224311000000000
-0.00213136000000000
-0.00208947000000000
-0.00173523000000000
-0.00121909000000000
-0.00116916000000000
-0.00146808000000000
-0.00160082000000000
-0.00157612000000000
-0.00163988000000000
-0.00183482000000000
-0.00196917000000000
-0.00167361000000000
-0.00105981000000000
-0.000625536000000000
-0.000391333000000000
-0.000206305000000000
-0.000301450000000000
-0.000787421000000000
-0.00129631000000000
-0.00178920000000000
-0.00219115000000000
-0.00226351000000000
-0.00243022000000000
-0.00261705000000000
-0.00253770000000000
-0.00245212000000000
-0.00227142000000000
-0.00204496000000000
-0.00194231000000000
-0.00177236000000000
-0.00151950000000000
-0.00132729000000000
-0.00123744000000000
-0.00119502000000000
-0.00117040000000000
-0.00129447000000000
-0.00155339000000000
-0.00159783000000000
-0.00117617000000000
-0.000607090000000000
-0.000326860000000000
-0.000119579000000000
0.000214032000000000
0.000399134000000000
0.000418248000000000
0.000377299000000000
0.000222145000000000
8.17686000000000e-05
-3.19994000000000e-05
-0.000244394000000000
-0.000253185000000000
6.89932000000000e-05
0.000448954000000000
0.000849106000000000
0.00122922000000000
0.00157126000000000
0.00197034000000000
0.00227588000000000
0.00235629000000000
0.00232702000000000
0.00228067000000000
0.00212202000000000
0.00174511000000000
0.00123370000000000
0.000792089000000000
0.000527807000000000
0.000374395000000000
0.000254290000000000
0.000147021000000000
8.57553000000000e-05
0.000109721000000000
0.000136296000000000
0.000160291000000000
0.000308327000000000
0.000564014000000000
0.000766391000000000
0.000808431000000000
0.000815721000000000
0.000927370000000000
0.00109679000000000
0.00125577000000000
0.00135082000000000
0.00138163000000000
0.00139983000000000
0.00142036000000000
0.00139866000000000
0.00131950000000000
0.00123730000000000
0.00115867000000000
0.00107851000000000
0.00101742000000000
0.000937492000000000
0.000808542000000000
0.000718409000000000
0.000706239000000000
0.000683874000000000
0.000648908000000000
0.000609777000000000
0.000525801000000000
0.000438963000000000
0.000344807000000000
0.000208885000000000
0.000163453000000000
0.000267920000000000
0.000348124000000000
0.000360608000000000
0.000393651000000000
0.000446369000000000
0.000516057000000000
0.000552663000000000
0.000513920000000000
0.000458042000000000
0.000410726000000000
0.000390243000000000
0.000398174000000000
0.000384268000000000
0.000347236000000000
0.000312760000000000
0.000277989000000000
0.000225265000000000
0.000168940000000000
0.000144755000000000
0.000137406000000000
0.000121810000000000
0.000108652000000000
0.000118587000000000
0.000163794000000000
0.000218506000000000
0.000256590000000000
0.000301434000000000
0.000349848000000000
0.000349325000000000
0.000300136000000000
0.000239771000000000
0.000172443000000000
9.39088000000000e-05
2.65950000000000e-05
1.25905000000000e-05
4.11307000000000e-05
5.43742000000000e-05
2.90738000000000e-05
-2.15449000000000e-05
-5.96922000000000e-05
-6.90549000000000e-05
-7.56435000000000e-05
-8.21517000000000e-05
-8.29291000000000e-05
-8.79936000000000e-05
-9.05395000000000e-05
-8.78768000000000e-05
-8.59902000000000e-05
-8.39465000000000e-05
-8.34605000000000e-05
-7.98290000000000e-05
-6.98075000000000e-05
-6.55136000000000e-05
-7.49994000000000e-05
-9.08741000000000e-05
-0.000103596000000000
-0.000109863000000000
-0.000111467000000000
-0.000116505000000000
-0.000127417000000000
-0.000133314000000000
-0.000133024000000000
-0.000136078000000000
-0.000142696000000000
-0.000146470000000000
-0.000144444000000000
-0.000141945000000000
-0.000145001000000000
-0.000151380000000000
-0.000155025000000000
-0.000155056000000000
-0.000156623000000000
-0.000161957000000000
-0.000167899000000000
-0.000172454000000000
-0.000177810000000000
-0.000183052000000000
-0.000185416000000000
-0.000189702000000000
-0.000198911000000000
-0.000208424000000000
-0.000213881000000000
-0.000216106000000000
-0.000220036000000000
-0.000225779000000000
-0.000229570000000000
-0.000231258000000000
-0.000233090000000000
-0.000236034000000000
-0.000239367000000000
-0.000242931000000000
-0.000246345000000000
-0.000249079000000000
-0.000251887000000000
-0.000255053000000000
-0.000258170000000000
-0.000261134000000000
-0.000264055000000000
-0.000266996000000000
-0.000270023000000000
-0.000273129000000000
-0.000276022000000000
-0.000278694000000000
-0.000281320000000000
-0.000283835000000000
-0.000286273000000000
-0.000288674000000000
-0.000290997000000000
-0.000293221000000000
-0.000295337000000000
-0.000297393000000000
-0.000299406000000000
-0.000301351000000000
-0.000303229000000000
-0.000305043000000000
-0.000306788000000000
-0.000308465000000000
-0.000310071000000000
-0.000311609000000000
-0.000313079000000000
-0.000314481000000000
-0.000315815000000000
-0.000317082000000000
0
0
0
0