-7.55182000000000e-07
-7.06271000000000e-07
-6.36804000000000e-07
-6.15319000000000e-07
-2.56744000000000e-07
-9.27270000000000e-07
-2.03435000000000e-06
-1.95057000000000e-06
-2.65971000000000e-06
-2.79524000000000e-06
1.86715000000000e-06
3.98305000000000e-06
-2.16946000000000e-06
-3.23988000000000e-06
2.56845000000000e-06
-1.59714000000000e-06
-8.41304000000000e-06
-9.38851000000000e-06
-1.49948000000000e-05
-1.73747000000000e-05
-9.25789000000000e-06
-8.99956000000000e-06
-7.07874000000000e-06
1.59767000000000e-06
3.72342000000000e-06
-1.56236000000000e-05
-3.24539000000000e-05
-3.83408000000000e-05
-3.38959000000000e-05
-3.58710000000000e-05
-3.71531000000000e-05
-4.67235000000000e-05
-5.96368000000000e-05
-5.72662000000000e-05
1.71931000000000e-05
0.000118809000000000
0.000101976000000000
9.73101000000000e-06
-2.08980000000000e-07
8.52882000000000e-05
0.000104809000000000
4.06319000000000e-06
-6.61723000000000e-05
-6.18971000000000e-05
-7.35178000000000e-05
-8.23888000000000e-05
-6.94594000000000e-05
-6.07424000000000e-05
-0.000110022000000000
-0.000193312000000000
-0.000151788000000000
9.59329000000000e-05
0.000149182000000000
4.55215000000000e-05
3.29284000000000e-05
-3.95441000000000e-05
-0.000139838000000000
-0.000156226000000000
-0.000166604000000000
-3.06148000000000e-05
0.000107979000000000
-1.34193000000000e-05
-0.000127891000000000
-8.75102000000000e-06
0.000140096000000000
0.000103279000000000
-2.30088000000000e-05
-2.97742000000000e-05
9.94667000000000e-05
7.08367000000000e-05
-0.000100987000000000
-0.000257172000000000
-0.000223442000000000
-0.000174021000000000
-0.000137450000000000
0.000263294000000000
0.000514981000000000
0.000184793000000000
-0.000229820000000000
-7.56551000000000e-05
0.000150345000000000
0.000126780000000000
4.47010000000000e-06
-6.35236000000000e-05
-0.000111218000000000
-0.000263975000000000
-0.000324059000000000
-0.000409418000000000
-0.000641270000000000
-0.000696173000000000
-0.000498435000000000
-0.000301332000000000
-0.000147565000000000
-0.000241487000000000
-0.000250873000000000
-0.000194980000000000
-1.70077000000000e-05
6.16438000000000e-05
-0.000154156000000000
-0.000208004000000000
-0.000215197000000000
-0.000236037000000000
-0.000398263000000000
-0.000483351000000000
-5.98614000000000e-06
0.000343509000000000
0.000123508000000000
2.49642000000000e-05
0.000340054000000000
0.000606395000000000
0.000282981000000000
-0.000140093000000000
-0.000109716000000000
0.000293669000000000
0.000651326000000000
0.000373290000000000
-0.000343887000000000
-0.000606373000000000
-0.000588965000000000
-0.000714682000000000
-0.000867566000000000
-0.000797765000000000
-0.000329712000000000
6.89343000000000e-05
0.000141470000000000
0.000551561000000000
0.000839686000000000
0.000622756000000000
0.000682586000000000
0.000779704000000000
0.000399602000000000
-3.64929000000000e-05
-0.000233297000000000
-0.000452135000000000
-0.000512036000000000
-0.000538845000000000
-0.000295832000000000
0.000114643000000000
-8.93480000000000e-05
-0.000296852000000000
8.36686000000000e-05
0.000367424000000000
0.000203015000000000
-1.65563000000000e-05
-0.000138731000000000
-0.000513245000000000
-0.000633254000000000
-0.000193579000000000
-2.20947000000000e-06
0.000140318000000000
-0.000199054000000000
-0.000935323000000000
-0.00129620000000000
-0.000993796000000000
-7.53984000000000e-05
0.000560837000000000
0.000703060000000000
0.000498943000000000
-0.000101295000000000
-0.000296840000000000
-0.000411410000000000
-0.000527931000000000
-0.000377621000000000
-0.000341804000000000
4.49415000000000e-05
0.000635419000000000
0.000641698000000000
0.000218674000000000
7.95126000000000e-05
0.000194023000000000
-0.000516466000000000
-0.00111017000000000
-0.000294104000000000
0.000220190000000000
0.000156142000000000
0.000480164000000000
0.000466906000000000
0.000153244000000000
0.000419921000000000
0.000925490000000000
0.000185787000000000
-0.000844246000000000
-0.000378778000000000
-1.78355000000000e-05
-0.000746255000000000
-0.00120150000000000
-0.000321877000000000
0.000678123000000000
0.00103987000000000
0.00104652000000000
0.000597926000000000
0.000612608000000000
0.000764274000000000
0.000124965000000000
-0.000312857000000000
-0.000462100000000000
-0.000288481000000000
-5.09813000000000e-05
-0.000337183000000000
-0.000420590000000000
0.000151785000000000
0.000970971000000000
0.000823937000000000
-0.000313340000000000
-0.000682458000000000
-0.000139135000000000
5.24079000000000e-05
-0.000504981000000000
-0.00110764000000000
-0.000668736000000000
5.84422000000000e-05
0.000927130000000000
0.000989368000000000
-0.000265304000000000
-0.00123746000000000
-0.000709887000000000
0.000325397000000000
0.000472187000000000
-0.000229960000000000
0.000101757000000000
0.00166139000000000
0.00194799000000000
0.000793330000000000
-0.000635411000000000
-0.00129004000000000
-0.00101936000000000
-0.000542121000000000
-0.000155843000000000
-0.000754397000000000
-0.00106731000000000
-5.07961000000000e-05
0.000972441000000000
0.00138707000000000
0.00128792000000000
0.000949265000000000
0.000583460000000000
0.000755007000000000
0.00132831000000000
0.000403850000000000
-0.00163937000000000
-0.00236955000000000
-0.00175108000000000
-0.00130918000000000
-0.00180144000000000
-0.00147231000000000
0.000215818000000000
0.00150754000000000
0.00135901000000000
0.000506117000000000
0.000513235000000000
0.00100248000000000
0.00129083000000000
0.000909646000000000
-0.000213384000000000
-0.00148426000000000
-0.00154747000000000
-0.000895765000000000
-0.000486342000000000
0.000310589000000000
0.00126958000000000
0.000927423000000000
0.000125002000000000
0.000618857000000000
0.000976145000000000
0.000371394000000000
-0.000552336000000000
-0.000631489000000000
6.76132000000000e-05
2.06562000000000e-05
-0.000149067000000000
-0.000221671000000000
-1.75563000000000e-05
1.00693000000000e-06
-0.00114789000000000
-0.00232151000000000
-0.00339445000000000
-0.00313643000000000
-0.000819930000000000
0.00224909000000000
0.00510519000000000
0.00604624000000000
0.00457862000000000
0.00122707000000000
-0.00121710000000000
-0.000478501000000000
0.00171173000000000
0.00212620000000000
0.000448210000000000
-0.00105312000000000
-0.000526730000000000
0.00131635000000000
0.00196849000000000
0.000581214000000000
-0.00180047000000000
-0.00276271000000000
-0.00166760000000000
-9.07757000000000e-05
0.000518263000000000
0.00150789000000000
0.00454197000000000
0.00629145000000000
0.00311084000000000
-0.00322762000000000
-0.00762676000000000
-0.00557134000000000
0.000550658000000000
0.00413906000000000
0.00175378000000000
-0.00303594000000000
-0.00471826000000000
-0.00340238000000000
-0.00148159000000000
-0.00206857000000000
-0.00554488000000000
-0.00537296000000000
0.00146724000000000
0.00787881000000000
0.00707162000000000
0.00132313000000000
-0.00124226000000000
0.00215884000000000
0.00552341000000000
0.00264931000000000
-0.00511331000000000
-0.0101186000000000
-0.00756697000000000
0.000294731000000000
0.00616282000000000
0.00416848000000000
-0.00219392000000000
-0.00543406000000000
-0.00431984000000000
-0.00293217000000000
-0.00401646000000000
-0.00418416000000000
-0.00102005000000000
0.00276709000000000
0.00368425000000000
0.000806036000000000
-0.00358037000000000
-0.00586499000000000
-0.00262074000000000
0.00325092000000000
0.00327306000000000
-0.00242828000000000
-0.00675170000000000
-0.00528394000000000
0.000667103000000000
0.00545852000000000
0.00450389000000000
-0.00150272000000000
-0.00662636000000000
-0.00644379000000000
-0.000803414000000000
0.00535830000000000
0.00604843000000000
0.00189900000000000
-0.00223853000000000
-0.00298046000000000
-0.00208822000000000
-0.00148059000000000
-0.00184355000000000
-0.00193994000000000
-0.000162234000000000
0.00481759000000000
0.00996537000000000
0.00985164000000000
0.00399421000000000
-0.00377644000000000
-0.00950875000000000
-0.0133539000000000
-0.0146274000000000
-0.0119321000000000
-0.00447172000000000
0.00514533000000000
0.0101786000000000
0.00694842000000000
-0.000725379000000000
-0.00492343000000000
-0.000327973000000000
0.00959861000000000
0.0145793000000000
0.00971680000000000
-0.000495594000000000
-0.00797848000000000
-0.00883020000000000
-0.00496522000000000
-0.000677031000000000
0.000646667000000000
0.00101270000000000
0.00333842000000000
0.00568911000000000
0.00439780000000000
-0.00138667000000000
-0.00767737000000000
-0.0112034000000000
-0.0111139000000000
-0.00827954000000000
-0.00424918000000000
0.000306529000000000
0.00560888000000000
0.0132297000000000
0.0231393000000000
0.0287876000000000
0.0236322000000000
0.00981477000000000
-0.00405300000000000
-0.00897036000000000
-0.00500163000000000
-0.000350896000000000
-0.00266658000000000
-0.00987894000000000
-0.0113633000000000
-0.00293799000000000
0.00766160000000000
0.0103432000000000
0.00314521000000000
-0.00268905000000000
0.00444909000000000
0.0213309000000000
0.0321204000000000
0.0243322000000000
0.00246116000000000
-0.0161302000000000
-0.0170246000000000
-0.00449794000000000
0.00556014000000000
0.00196056000000000
-0.0134111000000000
-0.0257232000000000
-0.0199910000000000
-0.000673805000000000
0.0145824000000000
0.0132373000000000
-0.000186573000000000
-0.00944435000000000
-0.00392694000000000
0.0131335000000000
0.0288238000000000
0.0336891000000000
0.0289805000000000
0.0229459000000000
0.0224855000000000
0.0270429000000000
0.0303863000000000
0.0273726000000000
0.0198996000000000
0.0137044000000000
0.0116043000000000
0.00906816000000000
-0.00197398000000000
-0.0235352000000000
-0.0493028000000000
-0.0708928000000000
-0.0819288000000000
-0.0769341000000000
-0.0526973000000000
-0.0134843000000000
0.0300765000000000
0.0674427000000000
0.0925244000000000
0.105388000000000
0.108240000000000
0.100506000000000
0.0801222000000000
0.0513268000000000
0.0257076000000000
0.00996904000000000
-0.00397371000000000
-0.0284785000000000
-0.0634984000000000
-0.0956552000000000
-0.111937000000000
-0.112174000000000
-0.108227000000000
-0.111043000000000
-0.116287000000000
-0.108303000000000
-0.0781147000000000
-0.0364107000000000
-0.00273192000000000
0.0107993000000000
0.00630906000000000
-0.00360513000000000
-0.00216441000000000
0.0229394000000000
0.0685565000000000
0.112342000000000
0.131635000000000
0.122792000000000
0.101707000000000
0.0933706000000000
0.111995000000000
0.143675000000000
0.158243000000000
0.136963000000000
0.0910474000000000
0.0535651000000000
0.0484557000000000
0.0650945000000000
0.0684071000000000
0.0352170000000000
-0.0226615000000000
-0.0720929000000000
-0.0866703000000000
-0.0685705000000000
-0.0421708000000000
-0.0300228000000000
-0.0333824000000000
-0.0326668000000000
-0.0118620000000000
0.0222734000000000
0.0493444000000000
0.0551418000000000
0.0438471000000000
0.0323006000000000
0.0327350000000000
0.0413548000000000
0.0419413000000000
0.0195902000000000
-0.0294270000000000
-0.0928198000000000
-0.147192000000000
-0.170333000000000
-0.153795000000000
-0.113145000000000
-0.0798433000000000
-0.0743650000000000
-0.0910409000000000
-0.107375000000000
-0.109652000000000
-0.103340000000000
-0.101605000000000
-0.105802000000000
-0.0969016000000000
-0.0557319000000000
0.0129913000000000
0.0841788000000000
0.132672000000000
0.148254000000000
0.140301000000000
0.125020000000000
0.112018000000000
0.103322000000000
0.0964782000000000
0.0875891000000000
0.0765069000000000
0.0716403000000000
0.0788618000000000
0.0876606000000000
0.0796176000000000
0.0469526000000000
-0.00267345000000000
-0.0522087000000000
-0.0865890000000000
-0.104620000000000
-0.112976000000000
-0.112872000000000
-0.0991664000000000
-0.0692194000000000
-0.0331935000000000
-0.0139413000000000
-0.0298194000000000
-0.0758172000000000
-0.127970000000000
-0.164339000000000
-0.178380000000000
-0.176342000000000
-0.165641000000000
-0.145055000000000
-0.110893000000000
-0.0653701000000000
-0.0148749000000000
0.0309047000000000
0.0633542000000000
0.0835320000000000
0.0990966000000000
0.116769000000000
0.134700000000000
0.140987000000000
0.123123000000000
0.0782014000000000
0.0106499000000000
-0.0646414000000000
-0.120769000000000
-0.138971000000000
-0.125949000000000
-0.103120000000000
-0.0871595000000000
-0.0830511000000000
-0.0859866000000000
-0.0894009000000000
-0.0925854000000000
-0.0971683000000000
-0.100237000000000
-0.0973222000000000
-0.0883699000000000
-0.0778612000000000
-0.0748747000000000
-0.0845406000000000
-0.101318000000000
-0.114284000000000
-0.118538000000000
-0.118277000000000
-0.117865000000000
-0.114831000000000
-0.0995376000000000
-0.0632113000000000
-0.00726397000000000
0.0564411000000000
0.113161000000000
0.151806000000000
0.170527000000000
0.173697000000000
0.164004000000000
0.140629000000000
0.105435000000000
0.0680604000000000
0.0441961000000000
0.0455614000000000
0.0721287000000000
0.109722000000000
0.140119000000000
0.154811000000000
0.159777000000000
0.165104000000000
0.173228000000000
0.179757000000000
0.180944000000000
0.174832000000000
0.159364000000000
0.134519000000000
0.102427000000000
0.0643406000000000
0.0243337000000000
-0.0104926000000000
-0.0351414000000000
-0.0488517000000000
-0.0532477000000000
-0.0487103000000000
-0.0354605000000000
-0.0167136000000000
0.00234790000000000
0.0160753000000000
0.0204243000000000
0.0148550000000000
0.00519475000000000
-0.00183865000000000
-0.00246732000000000
0.00698196000000000
0.0260552000000000
0.0432189000000000
0.0422311000000000
0.0159624000000000
-0.0274750000000000
-0.0729622000000000
-0.105181000000000
-0.117387000000000
-0.118728000000000
-0.124028000000000
-0.136960000000000
-0.142025000000000
-0.119236000000000
-0.0647461000000000
0.00500700000000000
0.0640660000000000
0.0995976000000000
0.118580000000000
0.133547000000000
0.147084000000000
0.150760000000000
0.137157000000000
0.106937000000000
0.0685810000000000
0.0319739000000000
-0.00197263000000000
-0.0389412000000000
-0.0840930000000000
-0.134048000000000
-0.174013000000000
-0.189831000000000
-0.182348000000000
-0.165682000000000
-0.156370000000000
-0.158311000000000
-0.154379000000000
-0.119402000000000
-0.0453317000000000
0.0489058000000000
0.132614000000000
0.184925000000000
0.203564000000000
0.198624000000000
0.182846000000000
0.166500000000000
0.151412000000000
0.129150000000000
0.0910939000000000
0.0426585000000000
-0.000940273000000000
-0.0291744000000000
-0.0386797000000000
-0.0317072000000000
-0.0179368000000000
-0.00571796000000000
0.00692746000000000
0.0324140000000000
0.0780302000000000
0.134343000000000
0.186636000000000
0.226289000000000
0.251570000000000
0.263313000000000
0.260805000000000
0.244714000000000
0.217327000000000
0.182671000000000
0.141594000000000
0.0844119000000000
0.00371227000000000
-0.0914954000000000
-0.185699000000000
-0.282098000000000
-0.383733000000000
-0.467971000000000
-0.509338000000000
-0.508859000000000
-0.486429000000000
-0.458776000000000
-0.431944000000000
-0.405394000000000
-0.368552000000000
-0.305140000000000
-0.214578000000000
-0.118813000000000
-0.0378537000000000
0.0291318000000000
0.0895129000000000
0.146174000000000
0.198108000000000
0.240781000000000
0.266533000000000
0.267562000000000
0.249194000000000
0.229018000000000
0.215577000000000
0.208090000000000
0.204295000000000
0.197531000000000
0.179590000000000
0.148868000000000
0.113797000000000
0.0823324000000000
0.0585998000000000
0.0461915000000000
0.0475781000000000
0.0605073000000000
0.0799305000000000
0.101122000000000
0.121411000000000
0.139439000000000
0.151309000000000
0.151498000000000
0.135314000000000
0.101668000000000
0.0519411000000000
-0.00903392000000000
-0.0744335000000000
-0.139166000000000
-0.199785000000000
-0.251755000000000
-0.291232000000000
-0.317545000000000
-0.333082000000000
-0.344349000000000
-0.353419000000000
-0.355343000000000
-0.345431000000000
-0.326692000000000
-0.306758000000000
-0.284672000000000
-0.248252000000000
-0.191138000000000
-0.123683000000000
-0.0598881000000000
-0.00704558000000000
0.0279718000000000
0.0456325000000000
0.0583664000000000
0.0804237000000000
0.114498000000000
0.155898000000000
0.196730000000000
0.230548000000000
0.256694000000000
0.277104000000000
0.291140000000000
0.295837000000000
0.290413000000000
0.279742000000000
0.272661000000000
0.274299000000000
0.279583000000000
0.273761000000000
0.238543000000000
0.169873000000000
0.0845383000000000
-0.000874012000000000
-0.0830003000000000
-0.164097000000000
-0.242546000000000
-0.308896000000000
-0.351724000000000
-0.367961000000000
-0.365118000000000
-0.355598000000000
-0.347170000000000
-0.338957000000000
-0.321895000000000
-0.284867000000000
-0.222603000000000
-0.147580000000000
-0.0901798000000000
-0.0665484000000000
-0.0610838000000000
-0.0565271000000000
-0.0484895000000000
-0.0330314000000000
-0.00749258000000000
0.0249032000000000
0.0609716000000000
0.101059000000000
0.144243000000000
0.185909000000000
0.220368000000000
0.244490000000000
0.261081000000000
0.275993000000000
0.293069000000000
0.313574000000000
0.334162000000000
0.348267000000000
0.354628000000000
0.353994000000000
0.346587000000000
0.330906000000000
0.296639000000000
0.235615000000000
0.161759000000000
0.0975723000000000
0.0465785000000000
-0.000513727000000000
-0.0462194000000000
-0.0907477000000000
-0.132144000000000
-0.161472000000000
-0.177844000000000
-0.188678000000000
-0.203362000000000
-0.222324000000000
-0.240481000000000
-0.255200000000000
-0.259654000000000
-0.252388000000000
-0.237133000000000
-0.220058000000000
-0.206622000000000
-0.197792000000000
-0.189342000000000
-0.181180000000000
-0.174718000000000
-0.169100000000000
-0.167035000000000
-0.176055000000000
-0.199074000000000
-0.228430000000000
-0.253572000000000
-0.270155000000000
-0.273061000000000
-0.252185000000000
-0.204624000000000
-0.140115000000000
-0.0695259000000000
0.00349529000000000
0.0792984000000000
0.158008000000000
0.236897000000000
0.309024000000000
0.368426000000000
0.413635000000000
0.447436000000000
0.473231000000000
0.492504000000000
0.502973000000000
0.500908000000000
0.486803000000000
0.463550000000000
0.433409000000000
0.401421000000000
0.369276000000000
0.327836000000000
0.262995000000000
0.173788000000000
0.0747445000000000
-0.0152305000000000
-0.0819496000000000
-0.126147000000000
-0.157502000000000
-0.187147000000000
-0.222917000000000
-0.260043000000000
-0.284140000000000
-0.286140000000000
-0.266607000000000
-0.231032000000000
-0.182438000000000
-0.120116000000000
-0.0503407000000000
0.00470876000000000
0.0230852000000000
0.00926588000000000
-0.0101016000000000
-0.0187579000000000
-0.0212954000000000
-0.0265169000000000
-0.0373902000000000
-0.0561769000000000
-0.0842332000000000
-0.116634000000000
-0.142230000000000
-0.150648000000000
-0.136774000000000
-0.102166000000000
-0.0539048000000000
-0.00114691000000000
0.0510252000000000
0.0993621000000000
0.137317000000000
0.162556000000000
0.181508000000000
0.201064000000000
0.219451000000000
0.233420000000000
0.242890000000000
0.249132000000000
0.249980000000000
0.239813000000000
0.214234000000000
0.171856000000000
0.114159000000000
0.0475200000000000
-0.0154135000000000
-0.0630937000000000
-0.0947688000000000
-0.113744000000000
-0.122304000000000
-0.123184000000000
-0.121114000000000
-0.119809000000000
-0.116379000000000
-0.101228000000000
-0.0713459000000000
-0.0370156000000000
-0.0103899000000000
0.00354630000000000
0.00706425000000000
0.00726384000000000
0.00483011000000000
-0.00891684000000000
-0.0332816000000000
-0.0567950000000000
-0.0708160000000000
-0.0748747000000000
-0.0737248000000000
-0.0728380000000000
-0.0755490000000000
-0.0814586000000000
-0.0877743000000000
-0.0927729000000000
-0.0947038000000000
-0.0882357000000000
-0.0678205000000000
-0.0360198000000000
-0.00424241000000000
0.0160396000000000
0.0254756000000000
0.0311180000000000
0.0355031000000000
0.0411730000000000
0.0516532000000000
0.0660610000000000
0.0817688000000000
0.0953675000000000
0.104738000000000
0.112859000000000
0.124046000000000
0.136661000000000
0.144646000000000
0.143773000000000
0.134155000000000
0.122963000000000
0.118013000000000
0.120197000000000
0.125788000000000
0.128297000000000
0.121070000000000
0.0996675000000000
0.0648594000000000
0.0213747000000000
-0.0236319000000000
-0.0648768000000000
-0.0968403000000000
-0.115276000000000
-0.123700000000000
-0.134282000000000
-0.155660000000000
-0.187237000000000
-0.223529000000000
-0.258786000000000
-0.288078000000000
-0.305737000000000
-0.305719000000000
-0.287108000000000
-0.257784000000000
-0.225020000000000
-0.189767000000000
-0.152627000000000
-0.115669000000000
-0.0854286000000000
-0.0660100000000000
-0.0596274000000000
-0.0679728000000000
-0.0858942000000000
-0.101445000000000
-0.105149000000000
-0.0970215000000000
-0.0860188000000000
-0.0834130000000000
-0.0944961000000000
-0.114412000000000
-0.132709000000000
-0.142335000000000
-0.142527000000000
-0.136315000000000
-0.126120000000000
-0.114169000000000
-0.102012000000000
-0.0902326000000000
-0.0751453000000000
-0.0539077000000000
-0.0265114000000000
0.00423267000000000
0.0325271000000000
0.0537581000000000
0.0683580000000000
0.0788224000000000
0.0850650000000000
0.0867770000000000
0.0847480000000000
0.0809805000000000
0.0767802000000000
0.0701275000000000
0.0590604000000000
0.0463228000000000
0.0347989000000000
0.0252949000000000
0.0235114000000000
0.0350618000000000
0.0575743000000000
0.0833345000000000
0.106778000000000
0.127621000000000
0.149116000000000
0.172840000000000
0.195327000000000
0.208352000000000
0.208315000000000
0.199139000000000
0.184808000000000
0.169123000000000
0.154298000000000
0.139081000000000
0.121443000000000
0.103540000000000
0.0898556000000000
0.0826542000000000
0.0799854000000000
0.0784200000000000
0.0759962000000000
0.0717417000000000
0.0615536000000000
0.0407416000000000
0.0106809000000000
-0.0235550000000000
-0.0564394000000000
-0.0842079000000000
-0.109813000000000
-0.137210000000000
-0.162228000000000
-0.179408000000000
-0.189535000000000
-0.197748000000000
-0.208170000000000
-0.219385000000000
-0.226526000000000
-0.224675000000000
-0.207810000000000
-0.170306000000000
-0.117121000000000
-0.0634861000000000
-0.0223437000000000
0.00433548000000000
0.0214172000000000
0.0325403000000000
0.0421050000000000
0.0583919000000000
0.0852404000000000
0.118899000000000
0.153661000000000
0.182905000000000
0.202712000000000
0.213256000000000
0.213506000000000
0.198864000000000
0.167899000000000
0.125442000000000
0.0849899000000000
0.0594583000000000
0.0499738000000000
0.0499967000000000
0.0560858000000000
0.0677700000000000
0.0819575000000000
0.0942239000000000
0.0998950000000000
0.0932483000000000
0.0745128000000000
0.0535051000000000
0.0362798000000000
0.0197737000000000
-0.00122353000000000
-0.0270846000000000
-0.0558038000000000
-0.0845091000000000
-0.107693000000000
-0.120642000000000
-0.124388000000000
-0.124752000000000
-0.126784000000000
-0.134322000000000
-0.147009000000000
-0.159832000000000
-0.168156000000000
-0.166927000000000
-0.148700000000000
-0.110917000000000
-0.0623741000000000
-0.0154876000000000
0.0246633000000000
0.0562224000000000
0.0760469000000000
0.0832492000000000
0.0790319000000000
0.0655197000000000
0.0467364000000000
0.0298645000000000
0.0217758000000000
0.0235105000000000
0.0306383000000000
0.0394045000000000
0.0492530000000000
0.0620100000000000
0.0781554000000000
0.0948001000000000
0.109916000000000
0.121916000000000
0.129530000000000
0.135549000000000
0.145126000000000
0.157350000000000
0.165849000000000
0.165814000000000
0.153734000000000
0.126389000000000
0.0890951000000000
0.0555842000000000
0.0346881000000000
0.0245106000000000
0.0186747000000000
0.0159008000000000
0.0180372000000000
0.0266219000000000
0.0408672000000000
0.0557473000000000
0.0658410000000000
0.0682771000000000
0.0637214000000000
0.0523545000000000
0.0358082000000000
0.0219734000000000
0.0153545000000000
0.0111233000000000
0.00215228000000000
-0.0155808000000000
-0.0415678000000000
-0.0707767000000000
-0.0958433000000000
-0.114076000000000
-0.126612000000000
-0.132762000000000
-0.129117000000000
-0.113740000000000
-0.0922062000000000
-0.0751354000000000
-0.0663575000000000
-0.0621813000000000
-0.0590639000000000
-0.0555018000000000
-0.0505709000000000
-0.0447331000000000
-0.0391453000000000
-0.0313850000000000
-0.0194958000000000
-0.00554960000000000
0.00613610000000000
0.0132835000000000
0.0169991000000000
0.0199125000000000
0.0209263000000000
0.0170785000000000
0.00684423000000000
-0.00813867000000000
-0.0231419000000000
-0.0340022000000000
-0.0397597000000000
-0.0416811000000000
-0.0418719000000000
-0.0419596000000000
-0.0442543000000000
-0.0510514000000000
-0.0622967000000000
-0.0756498000000000
-0.0868007000000000
-0.0933060000000000
-0.0929474000000000
-0.0866438000000000
-0.0791218000000000
-0.0741889000000000
-0.0729383000000000
-0.0745049000000000
-0.0770711000000000
-0.0758982000000000
-0.0673101000000000
-0.0548498000000000
-0.0437760000000000
-0.0377172000000000
-0.0406140000000000
-0.0504951000000000
-0.0598609000000000
-0.0631916000000000
-0.0606055000000000
-0.0533033000000000
-0.0417896000000000
-0.0264288000000000
-0.00835470000000000
0.0116251000000000
0.0341214000000000
0.0593228000000000
0.0848380000000000
0.109323000000000
0.130916000000000
0.148624000000000
0.161005000000000
0.162980000000000
0.151619000000000
0.128069000000000
0.0959135000000000
0.0585094000000000
0.0203804000000000
-0.0135561000000000
-0.0399516000000000
-0.0566371000000000
-0.0626110000000000
-0.0604507000000000
-0.0566159000000000
-0.0537826000000000
-0.0463973000000000
-0.0324424000000000
-0.0196209000000000
-0.0127629000000000
-0.0105777000000000
-0.0133664000000000
-0.0226596000000000
-0.0375028000000000
-0.0532330000000000
-0.0660223000000000
-0.0773195000000000
-0.0867328000000000
-0.0872326000000000
-0.0753043000000000
-0.0572222000000000
-0.0445465000000000
-0.0462043000000000
-0.0589257000000000
-0.0716890000000000
-0.0778136000000000
-0.0770948000000000
-0.0731893000000000
-0.0684446000000000
-0.0625346000000000
-0.0561483000000000
-0.0515605000000000
-0.0485644000000000
-0.0447102000000000
-0.0368658000000000
-0.0230333000000000
-0.00555058000000000
0.0105265000000000
0.0234965000000000
0.0353872000000000
0.0492296000000000
0.0653034000000000
0.0799171000000000
0.0896938000000000
0.0929117000000000
0.0879515000000000
0.0761847000000000
0.0607537000000000
0.0453408000000000
0.0348100000000000
0.0303638000000000
0.0285588000000000
0.0262061000000000
0.0217979000000000
0.0172778000000000
0.0171389000000000
0.0210758000000000
0.0254901000000000
0.0291629000000000
0.0318915000000000
0.0328116000000000
0.0336790000000000
0.0359802000000000
0.0400549000000000
0.0489858000000000
0.0645634000000000
0.0816214000000000
0.0936253000000000
0.0995080000000000
0.102504000000000
0.106996000000000
0.114486000000000
0.122278000000000
0.125528000000000
0.122434000000000
0.111874000000000
0.0931371000000000
0.0685423000000000
0.0420352000000000
0.0182203000000000
0.000736222000000000
-0.0100245000000000
-0.0152813000000000
-0.0166437000000000
-0.0186276000000000
-0.0256402000000000
-0.0366059000000000
-0.0485742000000000
-0.0612869000000000
-0.0755471000000000
-0.0920333000000000
-0.110242000000000
-0.126332000000000
-0.137041000000000
-0.142491000000000
-0.144189000000000
-0.142596000000000
-0.138658000000000
-0.131348000000000
-0.117660000000000
-0.0968627000000000
-0.0718415000000000
-0.0486090000000000
-0.0323250000000000
-0.0223284000000000
-0.0157274000000000
-0.0122444000000000
-0.0111742000000000
-0.00973340000000000
-0.00914516000000000
-0.0138667000000000
-0.0243856000000000
-0.0371690000000000
-0.0471144000000000
-0.0508085000000000
-0.0485157000000000
-0.0422228000000000
-0.0334613000000000
-0.0241455000000000
-0.0134116000000000
-7.42411000000000e-05
0.0139476000000000
0.0272554000000000
0.0403439000000000
0.0526226000000000
0.0640817000000000
0.0757073000000000
0.0852795000000000
0.0906854000000000
0.0918889000000000
0.0896403000000000
0.0836376000000000
0.0744904000000000
0.0641540000000000
0.0555432000000000
0.0484363000000000
0.0393194000000000
0.0298331000000000
0.0257922000000000
0.0291668000000000
0.0372821000000000
0.0480925000000000
0.0588433000000000
0.0679892000000000
0.0765444000000000
0.0831950000000000
0.0855425000000000
0.0831341000000000
0.0742112000000000
0.0593755000000000
0.0421060000000000
0.0261043000000000
0.0143798000000000
0.00850819000000000
0.00739264000000000
0.0100814000000000
0.0159076000000000
0.0210181000000000
0.0214381000000000
0.0168517000000000
0.00923291000000000
-0.000380203000000000
-0.0107261000000000
-0.0192850000000000
-0.0222095000000000
-0.0188462000000000
-0.0112361000000000
-0.00222261000000000
0.00517155000000000
0.00960480000000000
0.0112488000000000
0.0120497000000000
0.0112543000000000
0.00537896000000000
-0.00435908000000000
-0.0131473000000000
-0.0190804000000000
-0.0235619000000000
-0.0295742000000000
-0.0387501000000000
-0.0491583000000000
-0.0573638000000000
-0.0610583000000000
-0.0611525000000000
-0.0595514000000000
-0.0574678000000000
-0.0544174000000000
-0.0509170000000000
-0.0494087000000000
-0.0491061000000000
-0.0485237000000000
-0.0492945000000000
-0.0514507000000000
-0.0527160000000000
-0.0510627000000000
-0.0467462000000000
-0.0424188000000000
-0.0377591000000000
-0.0303465000000000
-0.0193765000000000
-0.00676328000000000
0.00750610000000000
0.0225676000000000
0.0340351000000000
0.0388075000000000
0.0376201000000000
0.0309664000000000
0.0195203000000000
0.00574764000000000
-0.00636697000000000
-0.0144961000000000
-0.0194543000000000
-0.0227140000000000
-0.0260530000000000
-0.0308670000000000
-0.0357774000000000
-0.0382535000000000
-0.0376975000000000
-0.0359750000000000
-0.0353180000000000
-0.0378065000000000
-0.0438885000000000
-0.0505248000000000
-0.0530762000000000
-0.0478165000000000
-0.0339939000000000
-0.0146585000000000
0.00434702000000000
0.0195105000000000
0.0325919000000000
0.0458471000000000
0.0573552000000000
0.0627327000000000
0.0583115000000000
0.0435679000000000
0.0231934000000000
0.00490721000000000
-0.00717705000000000
-0.0147665000000000
-0.0199608000000000
-0.0243762000000000
-0.0308251000000000
-0.0396294000000000
-0.0457796000000000
-0.0433420000000000
-0.0353408000000000
-0.0284601000000000
-0.0258093000000000
-0.0268206000000000
-0.0275466000000000
-0.0242914000000000
-0.0178135000000000
-0.0136385000000000
-0.0158812000000000
-0.0241061000000000
-0.0345669000000000
-0.0417634000000000
-0.0430429000000000
-0.0410840000000000
-0.0384590000000000
-0.0373277000000000
-0.0375838000000000
-0.0365754000000000
-0.0331622000000000
-0.0291628000000000
-0.0271263000000000
-0.0296349000000000
-0.0344302000000000
-0.0363913000000000
-0.0362581000000000
-0.0383943000000000
-0.0421670000000000
-0.0453569000000000
-0.0495562000000000
-0.0562154000000000
-0.0638030000000000
-0.0708697000000000
-0.0745603000000000
-0.0698424000000000
-0.0517576000000000
-0.0198839000000000
0.0193904000000000
0.0577058000000000
0.0892163000000000
0.112220000000000
0.126881000000000
0.135801000000000
0.140721000000000
0.139864000000000
0.132548000000000
0.120709000000000
0.107104000000000
0.0942997000000000
0.0818067000000000
0.0667070000000000
0.0480659000000000
0.0281649000000000
0.0102046000000000
-0.00624061000000000
-0.0202798000000000
-0.0274294000000000
-0.0246390000000000
-0.0133720000000000
0.00132976000000000
0.0146348000000000
0.0264227000000000
0.0377249000000000
0.0461475000000000
0.0491746000000000
0.0456047000000000
0.0371585000000000
0.0284459000000000
0.0224706000000000
0.0187212000000000
0.0174687000000000
0.0198474000000000
0.0255815000000000
0.0331969000000000
0.0394800000000000
0.0444340000000000
0.0535018000000000
0.0707098000000000
0.0933179000000000
0.115253000000000
0.130649000000000
0.136669000000000
0.131116000000000
0.114099000000000
0.0915043000000000
0.0713513000000000
0.0564420000000000
0.0445564000000000
0.0341666000000000
0.0250530000000000
0.0186801000000000
0.0171888000000000
0.0217197000000000
0.0315424000000000
0.0420486000000000
0.0472203000000000
0.0440737000000000
0.0321870000000000
0.0160260000000000
0.00429297000000000
0.00173568000000000
0.00640043000000000
0.0144579000000000
0.0218086000000000
0.0251214000000000
0.0269020000000000
0.0305535000000000
0.0368772000000000
0.0447969000000000
0.0511158000000000
0.0522469000000000
0.0443406000000000
0.0259359000000000
0.00165819000000000
-0.0227006000000000
-0.0434125000000000
-0.0602306000000000
-0.0740163000000000
-0.0834823000000000
-0.0860608000000000
-0.0790514000000000
-0.0636784000000000
-0.0453300000000000
-0.0289504000000000
-0.0185076000000000
-0.0143002000000000
-0.0130042000000000
-0.0119547000000000
-0.00926492000000000
-0.00604061000000000
-0.00516995000000000
-0.00959147000000000
-0.0188721000000000
-0.0276531000000000
-0.0326735000000000
-0.0342477000000000
-0.0344554000000000
-0.0361479000000000
-0.0399240000000000
-0.0458482000000000
-0.0534398000000000
-0.0604334000000000
-0.0633122000000000
-0.0594664000000000
-0.0473337000000000
-0.0292137000000000
-0.0116215000000000
0.000456962000000000
0.00627429000000000
0.00774437000000000
0.00651180000000000
0.00395459000000000
-0.000627765000000000
-0.00876147000000000
-0.0207619000000000
-0.0361890000000000
-0.0532659000000000
-0.0684936000000000
-0.0788101000000000
-0.0811065000000000
-0.0739977000000000
-0.0609974000000000
-0.0477926000000000
-0.0394602000000000
-0.0373046000000000
-0.0386974000000000
-0.0422694000000000
-0.0501610000000000
-0.0622961000000000
-0.0740895000000000
-0.0801539000000000
-0.0792509000000000
-0.0733535000000000
-0.0635262000000000
-0.0502508000000000
-0.0340628000000000
-0.0153637000000000
0.00324784000000000
0.0193395000000000
0.0318951000000000
0.0404961000000000
0.0441712000000000
0.0435518000000000
0.0415379000000000
0.0416523000000000
0.0451886000000000
0.0499153000000000
0.0520028000000000
0.0506440000000000
0.0480353000000000
0.0473188000000000
0.0493043000000000
0.0518448000000000
0.0523010000000000
0.0472063000000000
0.0350372000000000
0.0178611000000000
0.000834137000000000
-0.0107797000000000
-0.0154849000000000
-0.0152110000000000
-0.0132702000000000
-0.0116094000000000
-0.0116262000000000
-0.0121689000000000
-0.0101180000000000
-0.00568405000000000
-0.00208289000000000
5.57590000000000e-05
0.00162399000000000
0.00192565000000000
-0.00136816000000000
-0.00878333000000000
-0.0177856000000000
-0.0250816000000000
-0.0293133000000000
-0.0319429000000000
-0.0339421000000000
-0.0360237000000000
-0.0359843000000000
-0.0328384000000000
-0.0292507000000000
-0.0281118000000000
-0.0297137000000000
-0.0337350000000000
-0.0389880000000000
-0.0428618000000000
-0.0436190000000000
-0.0399281000000000
-0.0312055000000000
-0.0182576000000000
-0.00426319000000000
0.00742407000000000
0.0157264000000000
0.0219113000000000
0.0270169000000000
0.0309558000000000
0.0345340000000000
0.0385672000000000
0.0422544000000000
0.0471194000000000
0.0534640000000000
0.0597579000000000
0.0649068000000000
0.0678573000000000
0.0692482000000000
0.0708224000000000
0.0719065000000000
0.0731446000000000
0.0751617000000000
0.0766236000000000
0.0754927000000000
0.0712463000000000
0.0646601000000000
0.0565697000000000
0.0476804000000000
0.0384213000000000
0.0299842000000000
0.0244052000000000
0.0217354000000000
0.0222608000000000
0.0257943000000000
0.0280424000000000
0.0250716000000000
0.0168941000000000
0.00717150000000000
-0.00178008000000000
-0.0108021000000000
-0.0186234000000000
-0.0226708000000000
-0.0213233000000000
-0.0162128000000000
-0.00938059000000000
-0.00129346000000000
0.00727919000000000
0.0159302000000000
0.0247955000000000
0.0329551000000000
0.0382595000000000
0.0402237000000000
0.0399568000000000
0.0363668000000000
0.0290175000000000
0.0212000000000000
0.0156335000000000
0.0119522000000000
0.00766412000000000
-0.000175088000000000
-0.0107834000000000
-0.0216792000000000
-0.0304625000000000
-0.0365740000000000
-0.0411221000000000
-0.0440939000000000
-0.0444632000000000
-0.0410424000000000
-0.0325057000000000
-0.0203814000000000
-0.00733189000000000
0.00456253000000000
0.0118686000000000
0.0124537000000000
0.00657856000000000
-0.00590644000000000
-0.0231170000000000
-0.0403669000000000
-0.0556446000000000
-0.0667997000000000
-0.0717654000000000
-0.0733361000000000
-0.0736393000000000
-0.0732555000000000
-0.0731773000000000
-0.0699666000000000
-0.0602075000000000
-0.0451357000000000
-0.0287680000000000
-0.0161612000000000
-0.00768970000000000
-0.000597218000000000
0.00683859000000000
0.0129458000000000
0.0163227000000000
0.0172382000000000
0.0157782000000000
0.0126766000000000
0.00916133000000000
0.00771662000000000
0.00921853000000000
0.0103150000000000
0.00906238000000000
0.00622487000000000
0.00250993000000000
-0.000720734000000000
-0.00122745000000000
0.00272897000000000
0.00930935000000000
0.0163500000000000
0.0241986000000000
0.0326388000000000
0.0406933000000000
0.0480075000000000
0.0522372000000000
0.0496848000000000
0.0387168000000000
0.0216827000000000
0.00147847000000000
-0.0175274000000000
-0.0320688000000000
-0.0423644000000000
-0.0474781000000000
-0.0468052000000000
-0.0420484000000000
-0.0354279000000000
-0.0286783000000000
-0.0241309000000000
-0.0225086000000000
-0.0230643000000000
-0.0247477000000000
-0.0251753000000000
-0.0216969000000000
-0.0153890000000000
-0.0101322000000000
-0.00787319000000000
-0.00810713000000000
-0.00894506000000000
-0.00929954000000000
-0.00883800000000000
-0.00674429000000000
-0.00359073000000000
-0.00107232000000000
0.00195581000000000
0.00744246000000000
0.0128676000000000
0.0157654000000000
0.0168016000000000
0.0162500000000000
0.0133667000000000
0.00985588000000000
0.00850540000000000
0.0106702000000000
0.0146760000000000
0.0173081000000000
0.0165780000000000
0.0135296000000000
0.00992540000000000
0.00588354000000000
0.000697703000000000
-0.00716522000000000
-0.0163883000000000
-0.0222793000000000
-0.0229748000000000
-0.0210485000000000
-0.0185348000000000
-0.0154516000000000
-0.0108189000000000
-0.00409546000000000
0.00313998000000000
0.00829240000000000
0.0104427000000000
0.0119289000000000
0.0148463000000000
0.0188250000000000
0.0215156000000000
0.0200061000000000
0.0146730000000000
0.00703118000000000
-0.00306126000000000
-0.0147005000000000
-0.0270238000000000
-0.0383645000000000
-0.0456534000000000
-0.0475874000000000
-0.0464022000000000
-0.0442224000000000
-0.0387907000000000
-0.0288604000000000
-0.0152790000000000
-0.000179904000000000
0.0134374000000000
0.0251366000000000
0.0344309000000000
0.0402442000000000
0.0422651000000000
0.0401105000000000
0.0333268000000000
0.0234137000000000
0.0128255000000000
0.00334554000000000
-0.00456363000000000
-0.00994252000000000
-0.0123718000000000
-0.0118032000000000
-0.0103694000000000
-0.0109341000000000
-0.0123313000000000
-0.0110129000000000
-0.00558630000000000
0.00322675000000000
0.0128565000000000
0.0197232000000000
0.0201132000000000
0.0142268000000000
0.00592365000000000
-0.00100964000000000
-0.00532105000000000
-0.00890165000000000
-0.0139148000000000
-0.0196649000000000
-0.0246728000000000
-0.0275021000000000
-0.0282732000000000
-0.0284214000000000
-0.0283856000000000
-0.0278207000000000
-0.0260786000000000
-0.0220581000000000
-0.0146731000000000
-0.00486375000000000
0.00470052000000000
0.0123747000000000
0.0171111000000000
0.0195001000000000
0.0213042000000000
0.0237589000000000
0.0281909000000000
0.0334680000000000
0.0356993000000000
0.0330290000000000
0.0265713000000000
0.0178994000000000
0.0104221000000000
0.00729457000000000
0.00654565000000000
0.00594642000000000
0.00586536000000000
0.00582148000000000
0.00480824000000000
0.00270446000000000
-0.00181580000000000
-0.00715862000000000
-0.00997616000000000
-0.0100786000000000
-0.00865463000000000
-0.00678141000000000
-0.00491207000000000
-0.00215437000000000
0.00166970000000000
0.00444293000000000
0.00513881000000000
0.00353138000000000
0.000519729000000000
-0.00283646000000000
-0.00616407000000000
-0.00891804000000000
-0.0100357000000000
-0.00974091000000000
-0.00823769000000000
-0.00346904000000000
0.00356722000000000
0.00966779000000000
0.0133753000000000
0.0154619000000000
0.0157756000000000
0.0128814000000000
0.00582854000000000
-0.00379198000000000
-0.0121443000000000
-0.0167386000000000
-0.0177382000000000
-0.0176262000000000
-0.0183114000000000
-0.0199284000000000
-0.0226704000000000
-0.0261890000000000
-0.0290799000000000
-0.0307992000000000
-0.0315880000000000
-0.0321659000000000
-0.0316397000000000
-0.0272672000000000
-0.0193462000000000
-0.0111123000000000
-0.00376047000000000
0.00344254000000000
0.00877856000000000
0.0109392000000000
0.0107070000000000
0.00919705000000000
0.00732081000000000
0.00453723000000000
0.00113281000000000
-0.000728528000000000
0.000961758000000000
0.00721969000000000
0.0154562000000000
0.0231418000000000
0.0296854000000000
0.0343912000000000
0.0374639000000000
0.0395708000000000
0.0379755000000000
0.0317558000000000
0.0223570000000000
0.0116746000000000
0.00260559000000000
-0.00268014000000000
-0.00540207000000000
-0.00697095000000000
-0.00722139000000000
-0.00769750000000000
-0.0101806000000000
-0.0136290000000000
-0.0165114000000000
-0.0183604000000000
-0.0198542000000000
-0.0205735000000000
-0.0198419000000000
-0.0203491000000000
-0.0230533000000000
-0.0250340000000000
-0.0246881000000000
-0.0225412000000000
-0.0179564000000000
-0.0124413000000000
-0.00531597000000000
0.00408297000000000
0.0147418000000000
0.0256029000000000
0.0347591000000000
0.0417614000000000
0.0483476000000000
0.0548554000000000
0.0604747000000000
0.0645680000000000
0.0657582000000000
0.0632521000000000
0.0577813000000000
0.0503061000000000
0.0423576000000000
0.0358526000000000
0.0308330000000000
0.0263078000000000
0.0204768000000000
0.0143731000000000
0.0103760000000000
0.00886159000000000
0.00870387000000000
0.0100598000000000
0.0135512000000000
0.0186678000000000
0.0257513000000000
0.0336369000000000
0.0385366000000000
0.0385343000000000
0.0347892000000000
0.0290074000000000
0.0222068000000000
0.0141962000000000
0.00479719000000000
-0.00534153000000000
-0.0152806000000000
-0.0230961000000000
-0.0269451000000000
-0.0290301000000000
-0.0289102000000000
-0.0244408000000000
-0.0174950000000000
-0.00934996000000000
-0.000133387000000000
0.00821059000000000
0.0144023000000000
0.0193687000000000
0.0218236000000000
0.0213413000000000
0.0188122000000000
0.0147754000000000
0.00959174000000000
0.00359035000000000
-0.00408204000000000
-0.0117697000000000
-0.0173476000000000
-0.0222683000000000
-0.0262342000000000
-0.0280466000000000
-0.0307307000000000
-0.0362237000000000
-0.0414477000000000
-0.0451869000000000
-0.0470022000000000
-0.0455287000000000
-0.0413957000000000
-0.0362131000000000
-0.0308179000000000
-0.0259676000000000
-0.0211772000000000
-0.0167840000000000
-0.0147504000000000
-0.0144161000000000
-0.0147338000000000
-0.0171391000000000
-0.0221172000000000
-0.0267788000000000
-0.0302564000000000
-0.0339058000000000
-0.0383003000000000
-0.0429539000000000
-0.0473196000000000
-0.0498010000000000
-0.0499336000000000
-0.0462654000000000
-0.0390012000000000
-0.0319365000000000
-0.0264621000000000
-0.0211361000000000
-0.0163788000000000
-0.0126246000000000
-0.0103490000000000
-0.0104815000000000
-0.0133633000000000
-0.0175949000000000
-0.0228561000000000
-0.0290483000000000
-0.0338343000000000
-0.0355472000000000
-0.0337105000000000
-0.0295422000000000
-0.0256883000000000
-0.0235784000000000
-0.0225942000000000
-0.0220304000000000
-0.0201753000000000
-0.0154424000000000
-0.00899425000000000
-0.00304723000000000
0.00208401000000000
0.00629626000000000
0.00961426000000000
0.0125593000000000
0.0160721000000000
0.0199605000000000
0.0219825000000000
0.0221432000000000
0.0222467000000000
0.0222401000000000
0.0219134000000000
0.0223041000000000
0.0220187000000000
0.0196675000000000
0.0167376000000000
0.0163976000000000
0.0187161000000000
0.0209901000000000
0.0213394000000000
0.0194911000000000
0.0163016000000000
0.0117181000000000
0.00731561000000000
0.00444358000000000
0.00283561000000000
0.00412291000000000
0.00828263000000000
0.0123537000000000
0.0152070000000000
0.0174397000000000
0.0179054000000000
0.0161851000000000
0.0136306000000000
0.00960199000000000
0.00432319000000000
1.10510000000000e-05
-0.00213622000000000
-0.00356483000000000
-0.00554191000000000
-0.00864670000000000
-0.0106725000000000
-0.00961651000000000
-0.00736264000000000
-0.00482128000000000
-0.000767095000000000
0.00542941000000000
0.0132913000000000
0.0209224000000000
0.0259401000000000
0.0283265000000000
0.0289651000000000
0.0295946000000000
0.0310506000000000
0.0319574000000000
0.0313199000000000
0.0304460000000000
0.0293937000000000
0.0275379000000000
0.0249734000000000
0.0215128000000000
0.0172305000000000
0.0114571000000000
0.00446396000000000
-0.00168512000000000
-0.00629908000000000
-0.00990186000000000
-0.0119173000000000
-0.0120567000000000
-0.0113866000000000
-0.0109673000000000
-0.0108125000000000
-0.0102007000000000
-0.00848137000000000
-0.00618693000000000
-0.00395612000000000
-0.000358978000000000
0.00459514000000000
0.00904208000000000
0.0119265000000000
0.0123221000000000
0.0103713000000000
0.00796813000000000
0.00535674000000000
0.00224034000000000
-0.000377113000000000
-0.00148724000000000
-0.00112439000000000
0.000843970000000000
0.00324596000000000
0.00488229000000000
0.00540850000000000
0.00518320000000000
0.00489431000000000
0.00463512000000000
0.00383447000000000
0.00203686000000000
-0.000987677000000000
-0.00396372000000000
-0.00528319000000000
-0.00555573000000000
-0.00533937000000000
-0.00379253000000000
-0.00170063000000000
-0.000605361000000000
-0.00141801000000000
-0.00499785000000000
-0.0105860000000000
-0.0172847000000000
-0.0244490000000000
-0.0294821000000000
-0.0311771000000000
-0.0301599000000000
-0.0280916000000000
-0.0267858000000000
-0.0256595000000000
-0.0227260000000000
-0.0170167000000000
-0.00921358000000000
-0.00179257000000000
0.00377014000000000
0.00745429000000000
0.00793353000000000
0.00583052000000000
0.00348852000000000
0.00121898000000000
-2.88389000000000e-05
0.000519115000000000
0.000618996000000000
0.000404485000000000
0.00120488000000000
0.00370017000000000
0.00804135000000000
0.0141126000000000
0.0201689000000000
0.0249096000000000
0.0288773000000000
0.0316946000000000
0.0334771000000000
0.0338570000000000
0.0322954000000000
0.0282821000000000
0.0210442000000000
0.0113296000000000
0.00177679000000000
-0.00709508000000000
-0.0147813000000000
-0.0198875000000000
-0.0227730000000000
-0.0245836000000000
-0.0238838000000000
-0.0206532000000000
-0.0160539000000000
-0.0101826000000000
-0.00410023000000000
0.00111967000000000
0.00572791000000000
0.00852935000000000
0.00860857000000000
0.00701651000000000
0.00400561000000000
0.000306019000000000
-0.00314864000000000
-0.00693477000000000
-0.0111299000000000
-0.0130266000000000
-0.0109280000000000
-0.00746540000000000
-0.00392957000000000
0.000188584000000000
0.00403975000000000
0.00751183000000000
0.0109490000000000
0.0138424000000000
0.0160606000000000
0.0169420000000000
0.0168387000000000
0.0160255000000000
0.0143290000000000
0.0105863000000000
0.00544967000000000
7.11289000000000e-05
-0.00575620000000000
-0.0107222000000000
-0.0140932000000000
-0.0161978000000000
-0.0156963000000000
-0.0114950000000000
-0.00483058000000000
0.00140582000000000
0.00757594000000000
0.0139661000000000
0.0186630000000000
0.0217961000000000
0.0234523000000000
0.0230894000000000
0.0207760000000000
0.0161293000000000
0.00939306000000000
0.00240160000000000
-0.00301000000000000
-0.00511033000000000
-0.00403469000000000
-0.00179561000000000
0.000284844000000000
0.00298037000000000
0.00740841000000000
0.0118935000000000
0.0151228000000000
0.0153103000000000
0.0112540000000000
0.00449273000000000
-0.00274364000000000
-0.00937077000000000
-0.0143803000000000
-0.0183404000000000
-0.0219932000000000
-0.0253321000000000
-0.0280567000000000
-0.0294498000000000
-0.0290932000000000
-0.0270744000000000
-0.0248807000000000
-0.0215974000000000
-0.0160158000000000
-0.00923438000000000
-0.00220345000000000
0.00491935000000000
0.0114346000000000
0.0159725000000000
0.0171809000000000
0.0161649000000000
0.0141028000000000
0.0117177000000000
0.00892057000000000
0.00686228000000000
0.00690812000000000
0.00775659000000000
0.00872027000000000
0.00910449000000000
0.00800543000000000
0.00683200000000000
0.00604582000000000
0.00483160000000000
0.00308047000000000
-6.12004000000000e-05
-0.00410388000000000
-0.00786514000000000
-0.0114776000000000
-0.0149400000000000
-0.0169855000000000
-0.0183477000000000
-0.0206257000000000
-0.0223925000000000
-0.0227660000000000
-0.0231497000000000
-0.0216599000000000
-0.0165284000000000
-0.0101774000000000
-0.00595992000000000
-0.00376284000000000
-0.00244917000000000
-0.00273325000000000
-0.00376211000000000
-0.00448882000000000
-0.00432275000000000
-0.00347509000000000
-0.00255701000000000
-0.00194069000000000
-0.00111721000000000
-0.000847166000000000
-0.000768418000000000
0.000648011000000000
0.00202283000000000
0.00137319000000000
-0.000938399000000000
-0.00356168000000000
-0.00651666000000000
-0.0110360000000000
-0.0168334000000000
-0.0209337000000000
-0.0221732000000000
-0.0215934000000000
-0.0195669000000000
-0.0161154000000000
-0.0126380000000000
-0.0101342000000000
-0.00875236000000000
-0.00726532000000000
-0.00470891000000000
-0.00264614000000000
-0.00206220000000000
-0.00109427000000000
0.00166455000000000
0.00457931000000000
0.00764986000000000
0.0115090000000000
0.0147843000000000
0.0173796000000000
0.0192382000000000
0.0200769000000000
0.0194611000000000
0.0166543000000000
0.0118981000000000
0.00667494000000000
0.00217636000000000
0.000307328000000000
0.00247402000000000
0.00725411000000000
0.0135538000000000
0.0197905000000000
0.0258574000000000
0.0306180000000000
0.0329721000000000
0.0331081000000000
0.0323551000000000
0.0308289000000000
0.0280221000000000
0.0245737000000000
0.0211420000000000
0.0187242000000000
0.0182994000000000
0.0185465000000000
0.0171220000000000
0.0137087000000000
0.00927858000000000
0.00595228000000000
0.00443523000000000
0.00433415000000000
0.00461530000000000
0.00376515000000000
0.00257598000000000
0.00154027000000000
-0.000972769000000000
-0.00445817000000000
-0.00562148000000000
-0.00303156000000000
0.000924031000000000
0.00471416000000000
0.00713903000000000
0.00729148000000000
0.00637426000000000
0.00454227000000000
0.00158747000000000
-0.00156803000000000
-0.00369285000000000
-0.00448777000000000
-0.00442220000000000
-0.00400751000000000
-0.00435422000000000
-0.00650996000000000
-0.00831245000000000
-0.00759888000000000
-0.00659837000000000
-0.00733745000000000
-0.00888307000000000
-0.0100334000000000
-0.0115224000000000
-0.0127677000000000
-0.0129615000000000
-0.0119033000000000
-0.00909752000000000
-0.00503090000000000
0.000287384000000000
0.00649861000000000
0.0114864000000000
0.0141538000000000
0.0141137000000000
0.0108126000000000
0.00477919000000000
-0.00216979000000000
-0.00822012000000000
-0.0127152000000000
-0.0151288000000000
-0.0154644000000000
-0.0169291000000000
-0.0182689000000000
-0.0160589000000000
-0.0116109000000000
-0.00707984000000000
-0.00254284000000000
0.00208778000000000
0.00642044000000000
0.00875429000000000
0.00821562000000000
0.00512215000000000
0.000911004000000000
-0.00306028000000000
-0.00667765000000000
-0.00976329000000000
-0.0113871000000000
-0.0106035000000000
-0.00836313000000000
-0.00644729000000000
-0.00580794000000000
-0.00556436000000000
-0.00435687000000000
-0.00375151000000000
-0.00397759000000000
-0.00355794000000000
-0.00338668000000000
-0.00404881000000000
-0.00400882000000000
-0.00272048000000000
-0.00115522000000000
0.000943625000000000
0.00262844000000000
0.00204338000000000
0.000119189000000000
-0.00213904000000000
-0.00445093000000000
-0.00489397000000000
-0.00281136000000000
0.000170426000000000
0.00268564000000000
0.00388018000000000
0.00323164000000000
0.000789297000000000
-0.00329976000000000
-0.00739306000000000
-0.0102205000000000
-0.0127702000000000
-0.0157320000000000
-0.0182699000000000
-0.0196055000000000
-0.0204993000000000
-0.0194871000000000
-0.0162266000000000
-0.0132379000000000
-0.0119548000000000
-0.0113491000000000
-0.00901979000000000
-0.00597580000000000
-0.00420226000000000
-0.00434649000000000
-0.00537773000000000
-0.00623349000000000
-0.00819250000000000
-0.0110843000000000
-0.0126050000000000
-0.0138397000000000
-0.0155271000000000
-0.0174278000000000
-0.0194224000000000
-0.0206095000000000
-0.0204406000000000
-0.0187963000000000
-0.0148932000000000
-0.00953907000000000
-0.00422454000000000
0.000818634000000000
0.00489426000000000
0.00781232000000000
0.0104071000000000
0.0131068000000000
0.0137660000000000
0.0129717000000000
0.0128842000000000
0.0122820000000000
0.00878292000000000
0.00328514000000000
-0.000391985000000000
-0.00155458000000000
-0.00289355000000000
-0.00482000000000000
-0.00496708000000000
-0.00252996000000000
0.00131695000000000
0.00694680000000000
0.0131489000000000
0.0169237000000000
0.0187097000000000
0.0198335000000000
0.0205940000000000
0.0210588000000000
0.0214599000000000
0.0236872000000000
0.0271555000000000
0.0284768000000000
0.0273985000000000
0.0260221000000000
0.0256905000000000
0.0263241000000000
0.0279618000000000
0.0300603000000000
0.0303405000000000
0.0288248000000000
0.0272002000000000
0.0252029000000000
0.0221386000000000
0.0185651000000000
0.0158915000000000
0.0153011000000000
0.0159285000000000
0.0164761000000000
0.0170473000000000
0.0174823000000000
0.0162291000000000
0.0137886000000000
0.0117732000000000
0.0110768000000000
0.0125456000000000
0.0153739000000000
0.0175519000000000
0.0183486000000000
0.0181666000000000
0.0177818000000000
0.0178630000000000
0.0176575000000000
0.0164510000000000
0.0149132000000000
0.0129738000000000
0.00974525000000000
0.00640908000000000
0.00433865000000000
0.00240113000000000
0.000867122000000000
0.000408331000000000
0.00101462000000000
0.00170561000000000
0.00214941000000000
0.00309358000000000
0.00491201000000000
0.00469457000000000
0.000650137000000000
-0.00479456000000000
-0.00975815000000000
-0.0146736000000000
-0.0189506000000000
-0.0208993000000000
-0.0205946000000000
-0.0197245000000000
-0.0191175000000000
-0.0180089000000000
-0.0164393000000000
-0.0150928000000000
-0.0140129000000000
-0.0133644000000000
-0.0135568000000000
-0.0145051000000000
-0.0155498000000000
-0.0162034000000000
-0.0155574000000000
-0.0133953000000000
-0.0116224000000000
-0.0114884000000000
-0.0117898000000000
-0.0114947000000000
-0.0104072000000000
-0.00887221000000000
-0.00859657000000000
-0.00964534000000000
-0.0115480000000000
-0.0135582000000000
-0.0148316000000000
-0.0150630000000000
-0.0147849000000000
-0.0152787000000000
-0.0170213000000000
-0.0185408000000000
-0.0182412000000000
-0.0168661000000000
-0.0165361000000000
-0.0160176000000000
-0.0137690000000000
-0.0115943000000000
-0.0108956000000000
-0.0105309000000000
-0.00937265000000000
-0.00785893000000000
-0.00804164000000000
-0.00978228000000000
-0.0111930000000000
-0.0118777000000000
-0.0112546000000000
-0.00992769000000000
-0.00924116000000000
-0.00894717000000000
-0.00778379000000000
-0.00676142000000000
-0.00772817000000000
-0.0104653000000000
-0.0133912000000000
-0.0148933000000000
-0.0146738000000000
-0.0146523000000000
-0.0156126000000000
-0.0170677000000000
-0.0181609000000000
-0.0191010000000000
-0.0194161000000000
-0.0176601000000000
-0.0144440000000000
-0.0120081000000000
-0.0103907000000000
-0.00906166000000000
-0.00776184000000000
-0.00536730000000000
-0.00294548000000000
-0.00202481000000000
-0.00203012000000000
-0.000715619000000000
0.00236124000000000
0.00602505000000000
0.00866765000000000
0.00997045000000000
0.0107378000000000
0.0112534000000000
0.0111807000000000
0.00932204000000000
0.00561206000000000
0.00186618000000000
-0.000222357000000000
-0.00208146000000000
-0.00468025000000000
-0.00627238000000000
-0.00562292000000000
-0.00341902000000000
-0.000463640000000000
0.00371591000000000
0.00819422000000000
0.0115218000000000
0.0130279000000000
0.0133394000000000
0.0134076000000000
0.0133712000000000
0.0135660000000000
0.0139889000000000
0.0146692000000000
0.0149024000000000
0.0130488000000000
0.00986697000000000
0.00700268000000000
0.00524482000000000
0.00454764000000000
0.00414927000000000
0.00437427000000000
0.00535383000000000
0.00618346000000000
0.00720024000000000
0.00839865000000000
0.00891176000000000
0.00880755000000000
0.00919101000000000
0.0105926000000000
0.0128726000000000
0.0153526000000000
0.0167659000000000
0.0169351000000000
0.0172282000000000
0.0177438000000000
0.0179645000000000
0.0183951000000000
0.0188763000000000
0.0187443000000000
0.0186970000000000
0.0203037000000000
0.0220808000000000
0.0226419000000000
0.0222553000000000
0.0204479000000000
0.0174637000000000
0.0147166000000000
0.0124219000000000
0.0108689000000000
0.0106925000000000
0.0120221000000000
0.0138122000000000
0.0152598000000000
0.0157747000000000
0.0154341000000000
0.0134069000000000
0.00947769000000000
0.00555234000000000
0.00278605000000000
0.00135935000000000
0.00175089000000000
0.00275255000000000
0.00212136000000000
0.000247845000000000
-0.00171188000000000
-0.00277224000000000
-0.00282812000000000
-0.00241539000000000
-0.00215802000000000
-0.00376047000000000
-0.00724244000000000
-0.0109819000000000
-0.0139113000000000
-0.0157463000000000
-0.0162649000000000
-0.0152450000000000
-0.0127888000000000
-0.0104122000000000
-0.00950131000000000
-0.00995843000000000
-0.0106375000000000
-0.0116182000000000
-0.0128310000000000
-0.0136295000000000
-0.0139451000000000
-0.0137346000000000
-0.0130075000000000
-0.0125564000000000
-0.0121427000000000
-0.0110692000000000
-0.00931235000000000
-0.00755249000000000
-0.00605593000000000
-0.00517487000000000
-0.00493872000000000
-0.00507243000000000
-0.00651167000000000
-0.00886319000000000
-0.0103750000000000
-0.0110448000000000
-0.0113538000000000
-0.0113104000000000
-0.0110171000000000
-0.0110567000000000
-0.0126382000000000
-0.0148150000000000
-0.0150154000000000
-0.0132011000000000
-0.0106069000000000
-0.00890639000000000
-0.00828879000000000
-0.00646699000000000
-0.00206804000000000
0.00301483000000000
0.00540029000000000
0.00524489000000000
0.00363266000000000
0.000111524000000000
-0.00397001000000000
-0.00736515000000000
-0.00884816000000000
-0.00800363000000000
-0.00610056000000000
-0.00388770000000000
-0.00139068000000000
0.00158785000000000
0.00469051000000000
0.00705650000000000
0.00834097000000000
0.00953085000000000
0.0117061000000000
0.0141154000000000
0.0149422000000000
0.0145552000000000
0.0133073000000000
0.0115857000000000
0.0100938000000000
0.00906497000000000
0.00734494000000000
0.00411552000000000
3.80684000000000e-05
-0.00383171000000000
-0.00625434000000000
-0.00656465000000000
-0.00552344000000000
-0.00439091000000000
-0.00275101000000000
-0.00121385000000000
-0.000470630000000000
-0.000457841000000000
-0.000476973000000000
-0.000266903000000000
5.38025000000000e-05
0.000579611000000000
0.00121572000000000
0.00237747000000000
0.00290790000000000
0.00245230000000000
0.00105239000000000
-0.00174857000000000
-0.00408002000000000
-0.00456844000000000
-0.00451118000000000
-0.00478772000000000
-0.00508990000000000
-0.00529677000000000
-0.00519929000000000
-0.00396972000000000
-0.00211744000000000
-0.00177156000000000
-0.00335112000000000
-0.00500653000000000
-0.00439503000000000
-0.00367645000000000
-0.00406021000000000
-0.00494706000000000
-0.00664931000000000
-0.00835872000000000
-0.00884587000000000
-0.00839199000000000
-0.00769006000000000
-0.00682999000000000
-0.00670309000000000
-0.00774692000000000
-0.00947349000000000
-0.00926932000000000
-0.00735475000000000
-0.00619179000000000
-0.00628166000000000
-0.00655327000000000
-0.00638768000000000
-0.00604832000000000
-0.00584201000000000
-0.00573782000000000
-0.00574555000000000
-0.00633453000000000
-0.00745195000000000
-0.00781776000000000
-0.00636026000000000
-0.00460307000000000
-0.00370264000000000
-0.00247220000000000
-0.00131281000000000
-0.00150671000000000
-0.00247494000000000
-0.00176051000000000
0.000864168000000000
0.00263155000000000
0.00277497000000000
0.00284501000000000
0.00415275000000000
0.00662103000000000
0.00849548000000000
0.00922526000000000
0.00970457000000000
0.0106523000000000
0.0121463000000000
0.0141773000000000
0.0163140000000000
0.0179522000000000
0.0194186000000000
0.0212142000000000
0.0225280000000000
0.0225635000000000
0.0218925000000000
0.0217206000000000
0.0220525000000000
0.0212036000000000
0.0195433000000000
0.0182780000000000
0.0168882000000000
0.0151353000000000
0.0126838000000000
0.00998610000000000
0.00873733000000000
0.00971642000000000
0.0119639000000000
0.0144925000000000
0.0156424000000000
0.0152597000000000
0.0145304000000000
0.0122969000000000
0.00894047000000000
0.00684115000000000
0.00545340000000000
0.00525272000000000
0.00669936000000000
0.00763934000000000
0.00648074000000000
0.00408927000000000
0.00221476000000000
0.00138596000000000
0.00159948000000000
0.00235456000000000
0.00362357000000000
0.00537908000000000
0.00666848000000000
0.00680251000000000
0.00568696000000000
0.00350657000000000
0.00179550000000000
0.000479845000000000
-0.00184350000000000
-0.00490740000000000
-0.00742298000000000
-0.00815818000000000
-0.00744962000000000
-0.00596199000000000
-0.00350948000000000
-0.000765295000000000
0.00122480000000000
0.00204905000000000
0.00143359000000000
0.000163066000000000
-0.000646860000000000
-0.000750957000000000
-0.00237283000000000
-0.00499875000000000
-0.00659879000000000
-0.00819652000000000
-0.0102706000000000
-0.0118314000000000
-0.0129693000000000
-0.0140670000000000
-0.0146132000000000
-0.0144643000000000
-0.0143058000000000
-0.0143254000000000
-0.0142474000000000
-0.0136165000000000
-0.0116575000000000
-0.00953861000000000
-0.00882558000000000
-0.00863277000000000
-0.00789652000000000
-0.00733574000000000
-0.00810933000000000
-0.00972928000000000
-0.0117904000000000
-0.0136666000000000
-0.0138394000000000
-0.0132506000000000
-0.0123366000000000
-0.0113076000000000
-0.0106996000000000
-0.0100838000000000
-0.00859493000000000
-0.00684200000000000
-0.00622182000000000
-0.00599172000000000
-0.00566322000000000
-0.00547438000000000
-0.00588336000000000
-0.00771391000000000
-0.00953736000000000
-0.00980283000000000
-0.00911978000000000
-0.00863005000000000
-0.00856521000000000
-0.00837034000000000
-0.00741831000000000
-0.00552333000000000
-0.00311855000000000
-0.00178250000000000
-0.00149481000000000
-0.00207312000000000
-0.00304973000000000
-0.00383946000000000
-0.00464956000000000
-0.00434638000000000
-0.00266796000000000
-0.000874884000000000
-0.000237783000000000
0.000519229000000000
0.00237117000000000
0.00381440000000000
0.00399762000000000
0.00348004000000000
0.00197583000000000
7.19492000000000e-05
-0.00136363000000000
-0.00162065000000000
-0.000352425000000000
-0.000593772000000000
-0.00302544000000000
-0.00506096000000000
-0.00562305000000000
-0.00646232000000000
-0.00936411000000000
-0.0121382000000000
-0.0126307000000000
-0.0107991000000000
-0.00734288000000000
-0.00464972000000000
-0.00302432000000000
-0.000588122000000000
0.00148384000000000
0.00272626000000000
0.00296500000000000
0.00142066000000000
-0.00131749000000000
-0.00386887000000000
-0.00495472000000000
-0.00453076000000000
-0.00332560000000000
-0.00197760000000000
-0.000384369000000000
0.00188032000000000
0.00443671000000000
0.00597123000000000
0.00753546000000000
0.00906197000000000
0.00923304000000000
0.00826002000000000
0.00688326000000000
0.00624816000000000
0.00620004000000000
0.00585205000000000
0.00620692000000000
0.00686503000000000
0.00711712000000000
0.00735859000000000
0.00794341000000000
0.00843501000000000
0.00839223000000000
0.00911512000000000
0.0104808000000000
0.0117164000000000
0.0128780000000000
0.0135461000000000
0.0135596000000000
0.0137341000000000
0.0140267000000000
0.0143701000000000
0.0151953000000000
0.0152500000000000
0.0151435000000000
0.0150724000000000
0.0139444000000000
0.0111399000000000
0.00823843000000000
0.00640898000000000
0.00619611000000000
0.00774680000000000
0.00893811000000000
0.0103800000000000
0.0129780000000000
0.0149438000000000
0.0153600000000000
0.0157189000000000
0.0160755000000000
0.0155507000000000
0.0144794000000000
0.0131486000000000
0.0118996000000000
0.0119218000000000
0.0129165000000000
0.0134786000000000
0.0131076000000000
0.0115646000000000
0.0100192000000000
0.00908800000000000
0.00774307000000000
0.00623506000000000
0.00441867000000000
0.00269734000000000
0.000806018000000000
-0.00125921000000000
-0.00227937000000000
-0.00133210000000000
-0.000186583000000000
-0.000238704000000000
-0.000288758000000000
-0.000319704000000000
-0.000676588000000000
-0.000568775000000000
-0.000837650000000000
-0.00208696000000000
-0.00367288000000000
-0.00599254000000000
-0.00795675000000000
-0.00846220000000000
-0.00860537000000000
-0.00912321000000000
-0.00950955000000000
-0.00992237000000000
-0.00965796000000000
-0.00837980000000000
-0.00783796000000000
-0.00820274000000000
-0.00842428000000000
-0.00860622000000000
-0.00933073000000000
-0.0105576000000000
-0.0120776000000000
-0.0127227000000000
-0.0118757000000000
-0.0101679000000000
-0.00870832000000000
-0.00858816000000000
-0.00913203000000000
-0.00923088000000000
-0.00954250000000000
-0.00991054000000000
-0.00915449000000000
-0.00772898000000000
-0.00682888000000000
-0.00768726000000000
-0.00955687000000000
-0.0107117000000000
-0.0111893000000000
-0.0106668000000000
-0.00876799000000000
-0.00679061000000000
-0.00558511000000000
-0.00545497000000000
-0.00572766000000000
-0.00575359000000000
-0.00494142000000000
-0.00299637000000000
-0.000394766000000000
0.000866919000000000
-0.000994786000000000
-0.00429700000000000
-0.00786892000000000
-0.0103991000000000
-0.0108142000000000
-0.0106165000000000
-0.0122019000000000
-0.0144910000000000
-0.0167641000000000
-0.0190147000000000
-0.0204727000000000
-0.0217695000000000
-0.0233893000000000
-0.0245903000000000
-0.0239899000000000
-0.0215094000000000
-0.0173908000000000
-0.0124847000000000
-0.00701266000000000
-0.00193810000000000
0.00128527000000000
0.00181428000000000
0.000828860000000000
0.000860912000000000
0.00105045000000000
2.08165000000000e-05
-0.000251614000000000
0.00136537000000000
0.00266473000000000
0.00233067000000000
0.00161860000000000
0.000993105000000000
0.000234100000000000
0.000141810000000000
0.00106868000000000
0.00326938000000000
0.00579440000000000
0.00744325000000000
0.00879990000000000
0.00913571000000000
0.00896824000000000
0.00995225000000000
0.0115330000000000
0.0118115000000000
0.0111440000000000
0.0104963000000000
0.00901336000000000
0.00621970000000000
0.00342190000000000
0.00175082000000000
0.00103434000000000
0.00132594000000000
0.00150111000000000
0.00204378000000000
0.00332054000000000
0.00382392000000000
0.00372397000000000
0.00439900000000000
0.00521681000000000
0.00593717000000000
0.00759271000000000
0.00888369000000000
0.00903347000000000
0.00932791000000000
0.00972448000000000
0.00884549000000000
0.00745204000000000
0.00550404000000000
0.00346900000000000
0.00190900000000000
0.000977276000000000
0.00124423000000000
0.00312130000000000
0.00581666000000000
0.00872038000000000
0.0120182000000000
0.0144979000000000
0.0155632000000000
0.0161223000000000
0.0166543000000000
0.0169343000000000
0.0170149000000000
0.0158703000000000
0.0133381000000000
0.0115600000000000
0.00997799000000000
0.00747506000000000
0.00538082000000000
0.00541586000000000
0.00694498000000000
0.00877777000000000
0.00926965000000000
0.00828630000000000
0.00743201000000000
0.00669608000000000
0.00530060000000000
0.00372901000000000
0.00191482000000000
5.81364000000000e-05
-0.000119176000000000
0.000735174000000000
-0.000191242000000000
-0.00197206000000000
-0.00262332000000000
-0.00265159000000000
-0.00277581000000000
-0.00333116000000000
-0.00374832000000000
-0.00314851000000000
-0.00179652000000000
9.23125000000000e-05
0.00253284000000000
0.00415341000000000
0.00435318000000000
0.00434746000000000
0.00426388000000000
0.00363584000000000
0.00326368000000000
0.00344713000000000
0.00378917000000000
0.00329498000000000
0.00214989000000000
0.000986001000000000
-1.77916000000000e-05
-0.00115177000000000
-0.00214494000000000
-0.00147615000000000
0.000524116000000000
0.00255644000000000
0.00557345000000000
0.00931834000000000
0.0114958000000000
0.0120740000000000
0.0116579000000000
0.00954537000000000
0.00673820000000000
0.00390321000000000
0.000752048000000000
-0.00145776000000000
-0.00375479000000000
-0.00755483000000000
-0.0118043000000000
-0.0150437000000000
-0.0171071000000000
-0.0175569000000000
-0.0160015000000000
-0.0137643000000000
-0.0114365000000000
-0.00912584000000000
-0.00720591000000000
-0.00591527000000000
-0.00496267000000000
-0.00517692000000000
-0.00553161000000000
-0.00530058000000000
-0.00587766000000000
-0.00802478000000000
-0.0109546000000000
-0.0128420000000000
-0.0127042000000000
-0.0112945000000000
-0.0107725000000000
-0.0110097000000000
-0.0102242000000000
-0.00808214000000000
-0.00587317000000000
-0.00486243000000000
-0.00530762000000000
-0.00627592000000000
-0.00718881000000000
-0.00696400000000000
-0.00576351000000000
-0.00604240000000000
-0.00719796000000000
-0.00757489000000000
-0.00754585000000000
-0.00847932000000000
-0.00968286000000000
-0.00991147000000000
-0.00911031000000000
-0.00735657000000000
-0.00547486000000000
-0.00395634000000000
-0.00233700000000000
-0.000584811000000000
0.00123401000000000
0.00312815000000000
0.00338635000000000
0.00257776000000000
0.00318164000000000
0.00378431000000000
0.00258617000000000
0.00102206000000000
1.82462000000000e-05
-0.000437130000000000
-0.000699247000000000
-0.00161161000000000
-0.00297342000000000
-0.00434718000000000
-0.00565060000000000
-0.00621149000000000
-0.00621446000000000
-0.00631923000000000
-0.00633071000000000
-0.00623575000000000
-0.00563776000000000
-0.00420418000000000
-0.00348453000000000
-0.00310948000000000
-0.00166301000000000
-0.000983756000000000
-0.00161906000000000
-0.00179468000000000
-0.00121186000000000
-0.000397196000000000
0.000216315000000000
0.000515977000000000
0.000779383000000000
0.00214920000000000
0.00406041000000000
0.00534642000000000
0.00628328000000000
0.00721910000000000
0.00842511000000000
0.00881785000000000
0.00859177000000000
0.00921244000000000
0.00915345000000000
0.00797754000000000
0.00731539000000000
0.00707404000000000
0.00614131000000000
0.00501825000000000
0.00390652000000000
0.00288141000000000
0.00207003000000000
0.000973702000000000
0.000274389000000000
4.50631000000000e-07
-0.000167179000000000
8.98955000000000e-05
0.000734241000000000
0.00155067000000000
0.00306243000000000
0.00413830000000000
0.00395657000000000
0.00326182000000000
0.00143922000000000
-0.000345028000000000
2.85488000000000e-05
0.00101237000000000
-4.36266000000000e-05
-0.00109366000000000
-0.000542022000000000
0.000635547000000000
0.00184842000000000
0.00250820000000000
0.00332481000000000
0.00468465000000000
0.00563547000000000
0.00495188000000000
0.00338721000000000
0.00170676000000000
0.000819010000000000
0.000289200000000000
-4.40499000000000e-05
0.000492757000000000
0.00105950000000000
0.00142560000000000
0.00213103000000000
0.00297963000000000
0.00277610000000000
0.00221848000000000
0.00246190000000000
0.00245598000000000
0.00210636000000000
0.00195881000000000
0.00107261000000000
-0.000338557000000000
-0.000848284000000000
-0.000974163000000000
-0.00196322000000000
-0.00246009000000000
-0.00196369000000000
-0.00189156000000000
-0.00218336000000000
-0.00249647000000000
-0.00336022000000000
-0.00432386000000000
-0.00577125000000000
-0.00677074000000000
-0.00612736000000000
-0.00479106000000000
-0.00346533000000000
-0.00131330000000000
0.00198262000000000
0.00492195000000000
0.00732247000000000
0.00866105000000000
0.00786171000000000
0.00622980000000000
0.00487272000000000
0.00387317000000000
0.00378497000000000
0.00510350000000000
0.00577687000000000
0.00469257000000000
0.00333475000000000
0.00299193000000000
0.00294368000000000
0.00302186000000000
0.00379133000000000
0.00437045000000000
0.00500216000000000
0.00592187000000000
0.00645610000000000
0.00666508000000000
0.00514521000000000
0.00323410000000000
0.00216688000000000
0.00165532000000000
0.00201826000000000
0.00339513000000000
0.00510851000000000
0.00558608000000000
0.00453539000000000
0.00366306000000000
0.00381014000000000
0.00464307000000000
0.00558940000000000
0.00478795000000000
0.00173251000000000
-0.00134437000000000
-0.00311032000000000
-0.00484950000000000
-0.00761638000000000
-0.0100126000000000
-0.0103045000000000
-0.00901241000000000
-0.00769516000000000
-0.00684496000000000
-0.00582132000000000
-0.00439200000000000
-0.00311051000000000
-0.00247256000000000
-0.00255879000000000
-0.00327640000000000
-0.00477655000000000
-0.00585923000000000
-0.00623996000000000
-0.00595059000000000
-0.00544272000000000
-0.00530237000000000
-0.00505625000000000
-0.00478467000000000
-0.00483308000000000
-0.00554205000000000
-0.00746897000000000
-0.00904051000000000
-0.00848873000000000
-0.00707125000000000
-0.00524697000000000
-0.00391067000000000
-0.00339005000000000
-0.00291933000000000
-0.00205847000000000
-0.00173069000000000
-0.00151053000000000
-0.00129986000000000
-0.00271424000000000
-0.00527331000000000
-0.00700563000000000
-0.00797126000000000
-0.00889944000000000
-0.00994263000000000
-0.00968548000000000
-0.00833847000000000
-0.00752470000000000
-0.00724363000000000
-0.00595524000000000
-0.00384474000000000
-0.00248881000000000
-0.00182744000000000
-0.00124171000000000
-0.00111219000000000
-0.00163770000000000
-0.00218489000000000
-0.00249699000000000
-0.00250805000000000
-0.00208996000000000
-0.000898177000000000
0.00107992000000000
0.00128175000000000
0.000190984000000000
0.000503424000000000
0.00185809000000000
0.00246179000000000
0.00234770000000000
0.00238695000000000
0.00191297000000000
0.000976600000000000
-1.96892000000000e-06
-0.000342271000000000
0.000606827000000000
0.00290783000000000
0.00584595000000000
0.00896341000000000
0.0103237000000000
0.00975184000000000
0.00936950000000000
0.0102336000000000
0.0105745000000000
0.0102812000000000
0.00983074000000000
0.00856021000000000
0.00676240000000000
0.00556068000000000
0.00481939000000000
0.00415247000000000
0.00371490000000000
0.00322549000000000
0.00304363000000000
0.00258879000000000
0.00224847000000000
0.00235500000000000
0.00253098000000000
0.00289720000000000
0.00298674000000000
0.00351279000000000
0.00493307000000000
0.00666562000000000
0.00713391000000000
0.00659277000000000
0.00650910000000000
0.00571781000000000
0.00366933000000000
0.00169116000000000
0.00127433000000000
0.00256107000000000
0.00368505000000000
0.00450950000000000
0.00519097000000000
0.00488060000000000
0.00423715000000000
0.00384564000000000
0.00392069000000000
0.00351969000000000
0.00227746000000000
0.00196716000000000
0.00381243000000000
0.00686350000000000
0.00788441000000000
0.00778281000000000
0.00818529000000000
0.00823914000000000
0.00737510000000000
0.00607890000000000
0.00483271000000000
0.00358632000000000
0.00195739000000000
0.000541762000000000
-0.000513236000000000
-0.00176015000000000
-0.00264188000000000
-0.00250497000000000
-0.00201754000000000
-0.00206213000000000
-0.00202509000000000
-0.000984715000000000
0.000310457000000000
0.000253572000000000
-0.00126983000000000
-0.00188168000000000
-0.00116106000000000
-0.00130655000000000
-0.00220328000000000
-0.00260060000000000
-0.00253489000000000
-0.00244756000000000
-0.00276889000000000
-0.00282157000000000
-0.00209287000000000
-0.00213110000000000
-0.00309139000000000
-0.00427588000000000
-0.00594973000000000
-0.00721164000000000
-0.00707745000000000
-0.00549819000000000
-0.00383567000000000
-0.00242413000000000
-0.00106801000000000
0.000825483000000000
0.00230414000000000
0.00176348000000000
0.000527738000000000
-3.39051000000000e-05
-0.000746141000000000
-0.00178628000000000
-0.00290844000000000
-0.00448195000000000
-0.00646183000000000
-0.00845563000000000
-0.00972544000000000
-0.00978361000000000
-0.00909958000000000
-0.00795823000000000
-0.00737961000000000
-0.00768326000000000
-0.00782246000000000
-0.00727445000000000
-0.00620225000000000
-0.00473300000000000
-0.00342113000000000
-0.00390042000000000
-0.00512634000000000
-0.00577516000000000
-0.00606871000000000
-0.00619440000000000
-0.00659206000000000
-0.00682341000000000
-0.00620460000000000
-0.00580548000000000
-0.00599975000000000
-0.00598844000000000
-0.00551560000000000
-0.00423048000000000
-0.00238731000000000
-0.00102358000000000
-0.000329835000000000
0.000333536000000000
0.000527880000000000
0.000193999000000000
0.000395869000000000
0.00131106000000000
0.00245136000000000
0.00286721000000000
0.00263281000000000
0.00283441000000000
0.00442720000000000
0.00594144000000000
0.00572623000000000
0.00477727000000000
0.00472263000000000
0.00525646000000000
0.00546230000000000
0.00512571000000000
0.00402315000000000
0.00311567000000000
0.00318782000000000
0.00361201000000000
0.00364329000000000
0.00353235000000000
0.00379783000000000
0.00383581000000000
0.00358275000000000
0.00303736000000000
0.00195071000000000
0.000811911000000000
0.000409005000000000
0.000493757000000000
0.000456120000000000
0.000230182000000000
0.000526971000000000
0.00165740000000000
0.00263028000000000
0.00281060000000000
0.00244131000000000
0.00199888000000000
0.00151674000000000
0.00126137000000000
0.00156409000000000
0.00150658000000000
0.000723700000000000
9.96782000000000e-05
-0.000146336000000000
-0.000323947000000000
-0.000413020000000000
0.000214673000000000
0.00155438000000000
0.00271587000000000
0.00270163000000000
0.00182717000000000
0.00137360000000000
0.00116374000000000
0.000402760000000000
-0.000378437000000000
-0.000796705000000000
-0.00101932000000000
-0.00104348000000000
-0.00108691000000000
-0.00124319000000000
-0.00108904000000000
-0.000639883000000000
-0.000451082000000000
-0.000359559000000000
5.49864000000000e-06
0.000209510000000000
0.000350569000000000
0.000146137000000000
-0.000548290000000000
-0.00102133000000000
-0.00136310000000000
-0.00165326000000000
-0.00167033000000000
-0.00179502000000000
-0.00232746000000000
-0.00264316000000000
-0.00275507000000000
-0.00360322000000000
-0.00420712000000000
-0.00371745000000000
-0.00337348000000000
-0.00350992000000000
-0.00326822000000000
-0.00255384000000000
-0.00232126000000000
-0.00295165000000000
-0.00353097000000000
-0.00343939000000000
-0.00302520000000000
-0.00278000000000000
-0.00270267000000000
-0.00236831000000000
-0.00194988000000000
-0.00152810000000000
-0.000966051000000000
-0.000844735000000000
-0.000906571000000000
-0.000861410000000000
-0.000738819000000000
-0.000479194000000000
-0.000279872000000000
-0.000265148000000000
-0.000328350000000000
-0.000271383000000000
-0.000177014000000000
-9.09117000000000e-05
0.000180246000000000
0.000636696000000000
0.000860619000000000
0.000562761000000000
0.000250239000000000
0.000226531000000000
9.04181000000000e-05
-5.97560000000000e-05
0.000195410000000000
0.000587534000000000
0.000957840000000000
0.00131227000000000
0.00162984000000000
0.00179463000000000
0.00166397000000000
0.00158006000000000
0.00176880000000000
0.00192487000000000
0.00185068000000000
0.00168847000000000
0.00160614000000000
0.00149153000000000
0.00143166000000000
0.00159883000000000
0.00175290000000000
0.00174771000000000
0.00175529000000000
0.00185666000000000
0.00201452000000000
0.00208364000000000
0.00208513000000000
0.00206916000000000
0.00203075000000000
0.00200755000000000
0.00204221000000000
0.00208045000000000
0.00200454000000000
0.00200027000000000
0.00205481000000000
0.00196686000000000
0.00184529000000000
0.00181467000000000
0.00181800000000000
0.00176334000000000
0.00154686000000000
0.00134120000000000
0.00127480000000000
0.00126585000000000
0.00126844000000000
0.00127429000000000
0.00131181000000000
0.00136564000000000
0.00126886000000000
0.00104911000000000
0.000866689000000000
0.000748727000000000
0.000594866000000000
0.000482303000000000
0.000514929000000000
0.000508186000000000
0.000390454000000000
0.000292907000000000
0.000255304000000000
0.000208967000000000
0.000140824000000000
0.000108868000000000
0.000144603000000000
0.000205530000000000
0.000226785000000000
0.000135303000000000
1.02928000000000e-06
-7.13239000000000e-05
-0.000159186000000000
-0.000278437000000000
-0.000361557000000000
-0.000377543000000000
-0.000383256000000000
-0.000391500000000000
-0.000381782000000000
-0.000407000000000000
-0.000440161000000000
-0.000456272000000000
-0.000454814000000000
-0.000443901000000000
-0.000469506000000000
-0.000514364000000000
-0.000546126000000000
-0.000565221000000000
-0.000587710000000000
-0.000616756000000000
-0.000629797000000000
-0.000617260000000000
-0.000593874000000000
-0.000581350000000000
-0.000579935000000000
-0.000573427000000000
-0.000565712000000000
-0.000558269000000000
-0.000542000000000000
-0.000527615000000000
-0.000510349000000000
-0.000493058000000000
-0.000482234000000000
-0.000470067000000000
-0.000466763000000000
-0.000468505000000000
-0.000462188000000000
-0.000445150000000000
-0.000426140000000000
-0.000410744000000000
-0.000397813000000000
-0.000381857000000000
-0.000358474000000000
-0.000335931000000000
-0.000320493000000000
-0.000309060000000000
-0.000299801000000000
-0.000291590000000000
-0.000280089000000000
-0.000269270000000000
-0.000259939000000000
-0.000249327000000000
-0.000239797000000000
-0.000231897000000000
-0.000222712000000000
-0.000210619000000000
-0.000198026000000000
-0.000185956000000000
-0.000175826000000000
-0.000167673000000000
-0.000159808000000000
-0.000152335000000000
-0.000145012000000000
-0.000137447000000000
-0.000130174000000000
-0.000123337000000000
-0.000116243000000000
-0.000108504000000000
-0.000100482000000000
-9.26174000000000e-05
-8.49133000000000e-05
-7.74277000000000e-05
-7.02380000000000e-05
-6.32273000000000e-05
-5.63351000000000e-05
-4.96595000000000e-05
-4.32383000000000e-05
-3.69657000000000e-05
-3.07797000000000e-05
-2.46833000000000e-05
-1.86875000000000e-05
-1.28028000000000e-05
-7.03966000000000e-06
-1.38443000000000e-06
4.17748000000000e-06
9.64304000000000e-06
1.50002000000000e-05
2.02462000000000e-05
2.53852000000000e-05
3.04198000000000e-05
3.53501000000000e-05
4.01752000000000e-05
0
0
0
0