2.33833000000000e-07
2.99033000000000e-07
5.15835000000000e-07
6.67785000000000e-07
4.90847000000000e-07
-3.77832000000000e-07
-1.27271000000000e-06
-1.10085000000000e-06
-1.63851000000000e-06
-4.47914000000000e-06
-6.28206000000000e-06
-6.30953000000000e-06
-3.54563000000000e-06
-1.91692000000000e-06
-5.97016000000000e-06
-7.24586000000000e-06
-2.98745000000000e-06
2.30492000000000e-06
1.27802000000000e-05
1.90515000000000e-05
5.42003000000000e-06
-1.20223000000000e-05
-1.79901000000000e-05
-1.42199000000000e-05
-1.34185000000000e-05
-9.88983000000000e-06
7.39832000000000e-06
2.03754000000000e-05
1.14911000000000e-05
-1.42205000000000e-05
-3.94960000000000e-05
-2.89784000000000e-05
-9.33657000000000e-06
7.05055000000000e-07
-2.11761000000000e-05
-8.70715000000000e-05
-0.000143740000000000
-8.47692000000000e-05
1.09302000000000e-05
3.49863000000000e-05
3.10570000000000e-05
3.60020000000000e-05
4.37541000000000e-05
9.57002000000000e-05
9.53343000000000e-05
-3.68045000000000e-05
-0.000155339000000000
-0.000168065000000000
-8.36827000000000e-05
-2.22617000000000e-05
-7.46437000000000e-05
-9.98216000000000e-05
-4.19528000000000e-05
9.65681000000000e-06
-1.85692000000000e-05
-0.000105027000000000
-8.55611000000000e-05
-2.50206000000000e-05
5.72085000000000e-05
0.000127350000000000
-2.65135000000000e-05
-0.000235301000000000
-0.000132064000000000
5.82358000000000e-05
-5.37645000000000e-05
-0.000121475000000000
3.57457000000000e-05
9.61441000000000e-05
-4.40299000000000e-05
-0.000128165000000000
-5.82244000000000e-05
-2.79536000000000e-05
-0.000157974000000000
-0.000234582000000000
-0.000279163000000000
-0.000375333000000000
-0.000370368000000000
-0.000147203000000000
-9.66851000000000e-05
-0.000137352000000000
0.000174688000000000
0.000377983000000000
5.48039000000000e-05
-0.000117028000000000
-2.17306000000000e-05
-0.000207942000000000
-0.000176989000000000
0.000113803000000000
0.000262744000000000
0.000124741000000000
-0.000200766000000000
-0.000436971000000000
-0.000359275000000000
-0.000298985000000000
-0.000303640000000000
-0.000194262000000000
-0.000107091000000000
-6.56954000000000e-05
0.000107232000000000
0.000448374000000000
0.000354835000000000
-0.000104186000000000
-0.000380075000000000
-2.69453000000000e-05
0.000291376000000000
-3.60473000000000e-05
-0.000456677000000000
-0.000112473000000000
0.000247789000000000
2.14726000000000e-05
0.000143287000000000
0.000378946000000000
0.000260482000000000
0.000142431000000000
9.68989000000000e-05
8.26725000000000e-05
8.54725000000000e-05
-0.000169073000000000
-7.80652000000000e-05
0.000362371000000000
3.93684000000000e-05
-0.000709161000000000
-0.000658053000000000
-0.000255934000000000
-0.000694847000000000
-0.00132208000000000
-0.00129461000000000
-0.000536875000000000
0.000174921000000000
0.000334677000000000
0.000371656000000000
0.000362428000000000
-5.64341000000000e-05
-8.50050000000000e-05
0.000193814000000000
-0.000172612000000000
-0.000431347000000000
-0.000419116000000000
-0.000329012000000000
-0.000528425000000000
-0.000801786000000000
-0.000475280000000000
0.000120400000000000
0.000214088000000000
-0.000308923000000000
-0.000380906000000000
0.000239243000000000
0.000726300000000000
0.00124806000000000
0.00156289000000000
0.000654653000000000
-0.000642083000000000
-0.000485384000000000
0.000375799000000000
0.000182127000000000
-0.000533741000000000
-0.00109977000000000
-0.000910235000000000
0.000111732000000000
0.000858509000000000
0.000699952000000000
0.000439309000000000
0.000390706000000000
-0.000245005000000000
-0.00104719000000000
-0.00111566000000000
-0.000899643000000000
-0.000834713000000000
-0.000408085000000000
2.01626000000000e-05
-7.21238000000000e-05
0.000160100000000000
0.000406236000000000
0.000322276000000000
-0.000191932000000000
-0.000511457000000000
-0.000637839000000000
-0.000573061000000000
-0.000123345000000000
0.000361437000000000
0.000750154000000000
0.000799935000000000
0.000415515000000000
0.000501086000000000
0.000543680000000000
-0.000328778000000000
-0.00105118000000000
-0.000429320000000000
0.000118580000000000
-0.000249575000000000
-0.000315594000000000
-0.000263869000000000
7.02945000000000e-05
0.00124689000000000
0.00174429000000000
0.000183048000000000
-0.00109335000000000
-0.000482056000000000
-0.000123227000000000
-0.00105091000000000
-0.00153839000000000
-0.000751059000000000
-8.27017000000000e-05
0.000547925000000000
0.00134108000000000
0.000808191000000000
-0.000114454000000000
-0.000278543000000000
-0.000284083000000000
-0.000375119000000000
-0.000646434000000000
-0.000367829000000000
-3.30829000000000e-05
0.000332285000000000
0.000511381000000000
0.000267380000000000
0.000266724000000000
0.000120767000000000
-0.000574210000000000
-0.000994896000000000
-0.000545610000000000
-0.000172837000000000
9.38148000000000e-05
0.000707165000000000
0.00114240000000000
0.000963660000000000
0.000701258000000000
0.000642550000000000
0.000675436000000000
0.000238079000000000
-0.000815305000000000
-0.00182299000000000
-0.00201200000000000
-0.00201238000000000
-0.00153802000000000
-0.000229870000000000
0.000614106000000000
0.000358514000000000
0.000506685000000000
0.000948051000000000
0.000837587000000000
0.000655168000000000
0.00102842000000000
0.00116218000000000
0.000553131000000000
-0.000277007000000000
-0.000498275000000000
-0.000580132000000000
-0.000267843000000000
0.000371711000000000
0.000919769000000000
0.00161678000000000
0.00190939000000000
0.00148127000000000
0.000329847000000000
-0.000418087000000000
-0.000700174000000000
-0.00142350000000000
-0.00275327000000000
-0.00342325000000000
-0.00279601000000000
-0.00224688000000000
-0.00251628000000000
-0.00176154000000000
-0.000924197000000000
-0.000758057000000000
0.000314393000000000
0.00220491000000000
0.00292858000000000
0.00241582000000000
0.00259980000000000
0.00294718000000000
0.00302752000000000
0.00358371000000000
0.00305366000000000
-0.000194192000000000
-0.00331880000000000
-0.00422668000000000
-0.00460649000000000
-0.00443634000000000
-0.00312599000000000
-0.00112864000000000
0.000657098000000000
0.00155765000000000
0.00118365000000000
-0.000230803000000000
-0.00166042000000000
-0.00280337000000000
-0.00287134000000000
-0.00260459000000000
-0.00374016000000000
-0.00536591000000000
-0.00533919000000000
-0.00390114000000000
-0.00243250000000000
-0.00146773000000000
-0.00192660000000000
-0.00279408000000000
-0.00189691000000000
0.000104981000000000
0.00160799000000000
0.00327598000000000
0.00570443000000000
0.00666323000000000
0.00427279000000000
-0.000572356000000000
-0.00469273000000000
-0.00612204000000000
-0.00462652000000000
-0.00132640000000000
0.000930427000000000
0.000334200000000000
-0.00239346000000000
-0.00403770000000000
-0.00415613000000000
-0.00493816000000000
-0.00549539000000000
-0.00462750000000000
-0.00318910000000000
-0.00228814000000000
-0.00199664000000000
-0.00190764000000000
-0.00183661000000000
-0.000497103000000000
0.00277044000000000
0.00617449000000000
0.00549156000000000
0.00177030000000000
-0.000301337000000000
0.000561812000000000
0.00252228000000000
0.00379420000000000
0.00319890000000000
0.000638391000000000
-0.00195468000000000
-0.00285401000000000
-0.00273154000000000
-0.00218920000000000
-0.000409643000000000
0.00185544000000000
0.00302200000000000
0.000732388000000000
-0.00417114000000000
-0.00807782000000000
-0.00838161000000000
-0.00669538000000000
-0.00556065000000000
-0.00479995000000000
-0.00377915000000000
-0.00157062000000000
0.00274221000000000
0.00810908000000000
0.0114498000000000
0.0101771000000000
0.00722586000000000
0.00597231000000000
0.00513650000000000
0.00416004000000000
0.00349128000000000
0.00343144000000000
0.00345269000000000
0.00179855000000000
-0.00167095000000000
-0.00394458000000000
-0.00458092000000000
-0.00548829000000000
-0.00587270000000000
-0.00285469000000000
0.00293422000000000
0.00859986000000000
0.0116741000000000
0.0113778000000000
0.00868898000000000
0.00366247000000000
-0.00258300000000000
-0.00666303000000000
-0.00745191000000000
-0.00629463000000000
-0.00412227000000000
-0.00274900000000000
-0.00250133000000000
-0.000797206000000000
0.00567748000000000
0.0163597000000000
0.0264568000000000
0.0299329000000000
0.0241657000000000
0.0113848000000000
-0.00247214000000000
-0.0120576000000000
-0.0163872000000000
-0.0156305000000000
-0.0107991000000000
-0.00591438000000000
-0.00290059000000000
-0.000598963000000000
0.00257938000000000
0.00559934000000000
0.00788258000000000
0.00869165000000000
0.00625374000000000
0.00105070000000000
-0.00374231000000000
-0.00604012000000000
-0.00634067000000000
-0.00576671000000000
-0.00391507000000000
-0.00142833000000000
0.00113801000000000
0.00457214000000000
0.00989156000000000
0.0171632000000000
0.0239038000000000
0.0268712000000000
0.0226531000000000
0.0112160000000000
-0.00171451000000000
-0.0105449000000000
-0.0170880000000000
-0.0227006000000000
-0.0236440000000000
-0.0178561000000000
-0.00893847000000000
-0.00136104000000000
0.00203224000000000
0.00221411000000000
0.00263308000000000
0.00510609000000000
0.0107342000000000
0.0166155000000000
0.0181411000000000
0.0157584000000000
0.0140227000000000
0.0141120000000000
0.0159793000000000
0.0184154000000000
0.0179215000000000
0.0110747000000000
-0.00161527000000000
-0.0164017000000000
-0.0285593000000000
-0.0339179000000000
-0.0313001000000000
-0.0223985000000000
-0.00888234000000000
0.00875919000000000
0.0277192000000000
0.0431078000000000
0.0513115000000000
0.0536770000000000
0.0523239000000000
0.0470256000000000
0.0367889000000000
0.0215459000000000
0.00397577000000000
-0.0127925000000000
-0.0290568000000000
-0.0441741000000000
-0.0560145000000000
-0.0626296000000000
-0.0621997000000000
-0.0542106000000000
-0.0409191000000000
-0.0271339000000000
-0.0178065000000000
-0.0129089000000000
-0.00753180000000000
0.00441967000000000
0.0240432000000000
0.0468674000000000
0.0686537000000000
0.0876192000000000
0.102284000000000
0.109154000000000
0.105984000000000
0.0943951000000000
0.0780490000000000
0.0612136000000000
0.0484637000000000
0.0406438000000000
0.0355515000000000
0.0347965000000000
0.0424312000000000
0.0543834000000000
0.0588819000000000
0.0473382000000000
0.0230184000000000
-0.00242908000000000
-0.0191670000000000
-0.0247259000000000
-0.0227066000000000
-0.0185862000000000
-0.0171935000000000
-0.0220172000000000
-0.0294637000000000
-0.0318178000000000
-0.0236539000000000
-0.00366962000000000
0.0219759000000000
0.0410289000000000
0.0471589000000000
0.0436996000000000
0.0373952000000000
0.0296446000000000
0.0156295000000000
-0.00916031000000000
-0.0442424000000000
-0.0824330000000000
-0.112067000000000
-0.122445000000000
-0.110603000000000
-0.0845060000000000
-0.0598360000000000
-0.0491451000000000
-0.0526005000000000
-0.0616968000000000
-0.0673582000000000
-0.0648368000000000
-0.0578216000000000
-0.0539063000000000
-0.0521161000000000
-0.0431492000000000
-0.0227043000000000
0.00465510000000000
0.0281938000000000
0.0410304000000000
0.0448497000000000
0.0443296000000000
0.0426049000000000
0.0423037000000000
0.0443936000000000
0.0460228000000000
0.0405047000000000
0.0231196000000000
-0.00308699000000000
-0.0276299000000000
-0.0418582000000000
-0.0481382000000000
-0.0550353000000000
-0.0655982000000000
-0.0739051000000000
-0.0715359000000000
-0.0541842000000000
-0.0260157000000000
0.00245673000000000
0.0231045000000000
0.0324623000000000
0.0284364000000000
0.00959070000000000
-0.0196323000000000
-0.0509378000000000
-0.0766552000000000
-0.0893820000000000
-0.0859230000000000
-0.0704113000000000
-0.0520141000000000
-0.0379824000000000
-0.0305754000000000
-0.0262771000000000
-0.0202569000000000
-0.0132553000000000
-0.0113520000000000
-0.0180441000000000
-0.0308593000000000
-0.0448360000000000
-0.0569862000000000
-0.0691753000000000
-0.0831729000000000
-0.0946153000000000
-0.0966145000000000
-0.0859432000000000
-0.0679843000000000
-0.0532030000000000
-0.0464053000000000
-0.0459614000000000
-0.0491176000000000
-0.0533053000000000
-0.0546009000000000
-0.0490898000000000
-0.0350015000000000
-0.0156203000000000
0.00168344000000000
0.00874076000000000
0.00285465000000000
-0.0160694000000000
-0.0467187000000000
-0.0823813000000000
-0.115623000000000
-0.141703000000000
-0.155340000000000
-0.151845000000000
-0.130911000000000
-0.0954160000000000
-0.0504378000000000
-0.00200937000000000
0.0467028000000000
0.0925061000000000
0.131171000000000
0.162094000000000
0.184310000000000
0.195686000000000
0.198173000000000
0.194589000000000
0.184468000000000
0.170491000000000
0.160432000000000
0.159096000000000
0.165159000000000
0.171376000000000
0.163908000000000
0.131161000000000
0.0764793000000000
0.0152916000000000
-0.0379069000000000
-0.0751472000000000
-0.0938345000000000
-0.0951179000000000
-0.0842010000000000
-0.0682436000000000
-0.0556236000000000
-0.0500906000000000
-0.0469305000000000
-0.0394878000000000
-0.0263826000000000
-0.00734335000000000
0.0165498000000000
0.0416116000000000
0.0635745000000000
0.0802610000000000
0.0933242000000000
0.105509000000000
0.118519000000000
0.130313000000000
0.135765000000000
0.129512000000000
0.110767000000000
0.0876127000000000
0.0691056000000000
0.0576364000000000
0.0522423000000000
0.0495003000000000
0.0430403000000000
0.0280514000000000
0.00487971000000000
-0.0238006000000000
-0.0521256000000000
-0.0711813000000000
-0.0768186000000000
-0.0705013000000000
-0.0559816000000000
-0.0385965000000000
-0.0215785000000000
-0.00396412000000000
0.0165187000000000
0.0416858000000000
0.0685104000000000
0.0890740000000000
0.0974453000000000
0.0893393000000000
0.0618230000000000
0.0207143000000000
-0.0199483000000000
-0.0480253000000000
-0.0596463000000000
-0.0573885000000000
-0.0469841000000000
-0.0329687000000000
-0.0148682000000000
0.00708374000000000
0.0277769000000000
0.0439792000000000
0.0574577000000000
0.0724121000000000
0.0927600000000000
0.117205000000000
0.137689000000000
0.147155000000000
0.146646000000000
0.137466000000000
0.117597000000000
0.0921763000000000
0.0706952000000000
0.0578400000000000
0.0542128000000000
0.0569481000000000
0.0611775000000000
0.0639215000000000
0.0662282000000000
0.0721709000000000
0.0797387000000000
0.0825641000000000
0.0795204000000000
0.0749536000000000
0.0747943000000000
0.0826916000000000
0.0957365000000000
0.105572000000000
0.109195000000000
0.111153000000000
0.112290000000000
0.105751000000000
0.0785646000000000
0.0182050000000000
-0.0758174000000000
-0.189036000000000
-0.302486000000000
-0.399265000000000
-0.466198000000000
-0.499086000000000
-0.502749000000000
-0.482615000000000
-0.440904000000000
-0.383176000000000
-0.319896000000000
-0.261351000000000
-0.212310000000000
-0.167810000000000
-0.113716000000000
-0.0446968000000000
0.0240372000000000
0.0721148000000000
0.0962404000000000
0.106951000000000
0.110835000000000
0.106933000000000
0.0955224000000000
0.0793748000000000
0.0645339000000000
0.0579806000000000
0.0635686000000000
0.0850393000000000
0.121789000000000
0.163641000000000
0.193863000000000
0.199866000000000
0.181505000000000
0.148972000000000
0.116084000000000
0.0949831000000000
0.0900145000000000
0.0975326000000000
0.110280000000000
0.120381000000000
0.122763000000000
0.115064000000000
0.0960524000000000
0.0716346000000000
0.0525267000000000
0.0410796000000000
0.0305716000000000
0.0142193000000000
-0.0111907000000000
-0.0459551000000000
-0.0881792000000000
-0.133348000000000
-0.175588000000000
-0.208801000000000
-0.229594000000000
-0.238811000000000
-0.239687000000000
-0.238149000000000
-0.239390000000000
-0.240222000000000
-0.232655000000000
-0.211576000000000
-0.173605000000000
-0.120699000000000
-0.0644715000000000
-0.0182070000000000
0.0140023000000000
0.0339770000000000
0.0431187000000000
0.0416084000000000
0.0306265000000000
0.0161742000000000
0.00639103000000000
0.00297173000000000
0.00351430000000000
0.00864231000000000
0.0200480000000000
0.0375273000000000
0.0600544000000000
0.0814100000000000
0.0912153000000000
0.0775014000000000
0.0348637000000000
-0.0272847000000000
-0.0873675000000000
-0.130341000000000
-0.158733000000000
-0.183753000000000
-0.209938000000000
-0.232221000000000
-0.243259000000000
-0.241164000000000
-0.232186000000000
-0.224550000000000
-0.221981000000000
-0.223124000000000
-0.220996000000000
-0.206512000000000
-0.171430000000000
-0.112829000000000
-0.0437899000000000
0.0134618000000000
0.0515832000000000
0.0819095000000000
0.114206000000000
0.150483000000000
0.191526000000000
0.233947000000000
0.270302000000000
0.292552000000000
0.295206000000000
0.279575000000000
0.255090000000000
0.234821000000000
0.226385000000000
0.229288000000000
0.237394000000000
0.245764000000000
0.252081000000000
0.254581000000000
0.255141000000000
0.256779000000000
0.258242000000000
0.256893000000000
0.251571000000000
0.240033000000000
0.215902000000000
0.174700000000000
0.119465000000000
0.0594946000000000
0.000328477000000000
-0.0577802000000000
-0.110993000000000
-0.153545000000000
-0.185810000000000
-0.212968000000000
-0.236954000000000
-0.254609000000000
-0.259440000000000
-0.248217000000000
-0.225448000000000
-0.201489000000000
-0.184963000000000
-0.178007000000000
-0.181305000000000
-0.196664000000000
-0.221764000000000
-0.244150000000000
-0.250423000000000
-0.234734000000000
-0.204827000000000
-0.172524000000000
-0.144376000000000
-0.122831000000000
-0.103454000000000
-0.0819484000000000
-0.0568018000000000
-0.0305932000000000
-0.00939846000000000
0.00806606000000000
0.0277993000000000
0.0501496000000000
0.0767022000000000
0.113433000000000
0.158896000000000
0.202522000000000
0.233337000000000
0.247168000000000
0.249818000000000
0.250001000000000
0.246907000000000
0.233853000000000
0.210141000000000
0.180016000000000
0.145060000000000
0.105466000000000
0.0654492000000000
0.0299584000000000
0.000958008000000000
-0.0212927000000000
-0.0356722000000000
-0.0375171000000000
-0.0230943000000000
0.00349112000000000
0.0328353000000000
0.0556366000000000
0.0658786000000000
0.0647294000000000
0.0576369000000000
0.0459340000000000
0.0272103000000000
0.00560087000000000
-0.0120309000000000
-0.0215198000000000
-0.0221582000000000
-0.0145196000000000
0.000757077000000000
0.0232280000000000
0.0495508000000000
0.0714609000000000
0.0817206000000000
0.0790660000000000
0.0677166000000000
0.0488155000000000
0.0195106000000000
-0.0196714000000000
-0.0624282000000000
-0.100659000000000
-0.132123000000000
-0.158198000000000
-0.180011000000000
-0.199375000000000
-0.211903000000000
-0.207856000000000
-0.185853000000000
-0.155743000000000
-0.121634000000000
-0.0793374000000000
-0.0309731000000000
0.0140260000000000
0.0477592000000000
0.0645723000000000
0.0641631000000000
0.0506659000000000
0.0258479000000000
-0.0124337000000000
-0.0649172000000000
-0.125479000000000
-0.181414000000000
-0.222202000000000
-0.246104000000000
-0.254719000000000
-0.248027000000000
-0.229437000000000
-0.205725000000000
-0.181366000000000
-0.155526000000000
-0.121833000000000
-0.0758263000000000
-0.0237098000000000
0.0207908000000000
0.0511670000000000
0.0734379000000000
0.100504000000000
0.139784000000000
0.184628000000000
0.222112000000000
0.249681000000000
0.273659000000000
0.297900000000000
0.318891000000000
0.326249000000000
0.313119000000000
0.286548000000000
0.258108000000000
0.230270000000000
0.200400000000000
0.169936000000000
0.139252000000000
0.106816000000000
0.0729712000000000
0.0373404000000000
-0.000348165000000000
-0.0371611000000000
-0.0707918000000000
-0.0961098000000000
-0.106704000000000
-0.103025000000000
-0.0929781000000000
-0.0863827000000000
-0.0900161000000000
-0.102318000000000
-0.113779000000000
-0.116243000000000
-0.107730000000000
-0.0869405000000000
-0.0553489000000000
-0.0216079000000000
0.00149143000000000
0.00456972000000000
-0.0104570000000000
-0.0314435000000000
-0.0520113000000000
-0.0761194000000000
-0.105175000000000
-0.131320000000000
-0.142930000000000
-0.128506000000000
-0.0865882000000000
-0.0307413000000000
0.0235658000000000
0.0682754000000000
0.102193000000000
0.124832000000000
0.136471000000000
0.137917000000000
0.131131000000000
0.117216000000000
0.0953856000000000
0.0668852000000000
0.0371075000000000
0.0124522000000000
-0.000392437000000000
0.000946253000000000
0.0137213000000000
0.0352614000000000
0.0637658000000000
0.0968650000000000
0.130716000000000
0.162974000000000
0.192312000000000
0.216991000000000
0.237258000000000
0.252655000000000
0.260587000000000
0.255356000000000
0.226413000000000
0.165718000000000
0.0742931000000000
-0.0351503000000000
-0.138229000000000
-0.212260000000000
-0.251078000000000
-0.265564000000000
-0.268995000000000
-0.265440000000000
-0.250724000000000
-0.220661000000000
-0.175416000000000
-0.121896000000000
-0.0737912000000000
-0.0397733000000000
-0.0151647000000000
0.00945436000000000
0.0402784000000000
0.0750095000000000
0.100837000000000
0.109475000000000
0.104570000000000
0.0950481000000000
0.0866132000000000
0.0800275000000000
0.0737316000000000
0.0661146000000000
0.0533996000000000
0.0311434000000000
0.000203467000000000
-0.0306972000000000
-0.0523447000000000
-0.0651205000000000
-0.0754757000000000
-0.0895902000000000
-0.106681000000000
-0.121589000000000
-0.130639000000000
-0.132308000000000
-0.125982000000000
-0.111605000000000
-0.0891164000000000
-0.0613086000000000
-0.0334216000000000
-0.00812253000000000
0.0149089000000000
0.0339888000000000
0.0437644000000000
0.0378042000000000
0.0140341000000000
-0.0199660000000000
-0.0539500000000000
-0.0828618000000000
-0.105496000000000
-0.125199000000000
-0.144712000000000
-0.164028000000000
-0.182074000000000
-0.196774000000000
-0.204323000000000
-0.200911000000000
-0.182913000000000
-0.148359000000000
-0.103166000000000
-0.0577693000000000
-0.0181980000000000
0.0146530000000000
0.0413638000000000
0.0617965000000000
0.0763926000000000
0.0839292000000000
0.0815391000000000
0.0691416000000000
0.0541962000000000
0.0473799000000000
0.0553456000000000
0.0766930000000000
0.102181000000000
0.121198000000000
0.129737000000000
0.133826000000000
0.141724000000000
0.156369000000000
0.174527000000000
0.189907000000000
0.197593000000000
0.196571000000000
0.191754000000000
0.187602000000000
0.181324000000000
0.170822000000000
0.156880000000000
0.140508000000000
0.123639000000000
0.109796000000000
0.101920000000000
0.0995046000000000
0.0985542000000000
0.0956444000000000
0.0896291000000000
0.0808128000000000
0.0653361000000000
0.0375582000000000
0.000757740000000000
-0.0368732000000000
-0.0693744000000000
-0.0942391000000000
-0.115328000000000
-0.137931000000000
-0.162522000000000
-0.186019000000000
-0.207096000000000
-0.224187000000000
-0.229265000000000
-0.206868000000000
-0.152771000000000
-0.0891554000000000
-0.0466932000000000
-0.0383197000000000
-0.0516109000000000
-0.0625554000000000
-0.0554197000000000
-0.0328123000000000
-0.00605325000000000
0.0169135000000000
0.0327849000000000
0.0420254000000000
0.0459603000000000
0.0460666000000000
0.0471104000000000
0.0570414000000000
0.0736251000000000
0.0846322000000000
0.0845578000000000
0.0760340000000000
0.0631642000000000
0.0493819000000000
0.0358366000000000
0.0214389000000000
0.00737690000000000
-0.000520119000000000
0.000228812000000000
0.00545218000000000
0.00803627000000000
0.00689760000000000
0.00884630000000000
0.0209906000000000
0.0444956000000000
0.0764890000000000
0.109072000000000
0.134948000000000
0.149904000000000
0.151173000000000
0.140992000000000
0.127611000000000
0.120091000000000
0.119778000000000
0.122412000000000
0.120175000000000
0.108709000000000
0.0949923000000000
0.0895185000000000
0.0943867000000000
0.104534000000000
0.111738000000000
0.110520000000000
0.102547000000000
0.0928447000000000
0.0836033000000000
0.0718522000000000
0.0539653000000000
0.0292070000000000
0.00338102000000000
-0.0153287000000000
-0.0253394000000000
-0.0303396000000000
-0.0368022000000000
-0.0508233000000000
-0.0714195000000000
-0.0932634000000000
-0.111246000000000
-0.122212000000000
-0.127345000000000
-0.131590000000000
-0.136168000000000
-0.136068000000000
-0.128771000000000
-0.116948000000000
-0.103769000000000
-0.0935472000000000
-0.0891772000000000
-0.0876365000000000
-0.0828069000000000
-0.0705236000000000
-0.0514837000000000
-0.0324469000000000
-0.0202384000000000
-0.0173567000000000
-0.0239998000000000
-0.0353099000000000
-0.0448779000000000
-0.0494683000000000
-0.0511075000000000
-0.0518752000000000
-0.0542217000000000
-0.0599404000000000
-0.0675854000000000
-0.0734231000000000
-0.0744190000000000
-0.0703465000000000
-0.0628317000000000
-0.0555029000000000
-0.0506721000000000
-0.0487096000000000
-0.0492138000000000
-0.0516666000000000
-0.0554995000000000
-0.0600032000000000
-0.0631005000000000
-0.0638940000000000
-0.0624261000000000
-0.0585641000000000
-0.0523975000000000
-0.0467139000000000
-0.0439654000000000
-0.0410689000000000
-0.0336649000000000
-0.0199024000000000
0.00101398000000000
0.0262246000000000
0.0508101000000000
0.0715371000000000
0.0855733000000000
0.0927658000000000
0.0964221000000000
0.100957000000000
0.107557000000000
0.112423000000000
0.107099000000000
0.0874089000000000
0.0597751000000000
0.0354070000000000
0.0220090000000000
0.0194212000000000
0.0205094000000000
0.0173005000000000
0.00596651000000000
-0.0114144000000000
-0.0290740000000000
-0.0464569000000000
-0.0680584000000000
-0.0920046000000000
-0.110230000000000
-0.115715000000000
-0.106867000000000
-0.0882954000000000
-0.0684644000000000
-0.0515431000000000
-0.0366165000000000
-0.0210990000000000
-0.00320304000000000
0.0133753000000000
0.0246474000000000
0.0300986000000000
0.0286449000000000
0.0202860000000000
0.00683704000000000
-0.00901187000000000
-0.0207454000000000
-0.0209690000000000
-0.00862408000000000
0.00848440000000000
0.0194526000000000
0.0217020000000000
0.0203711000000000
0.0212242000000000
0.0231466000000000
0.0193746000000000
0.00242433000000000
-0.0244126000000000
-0.0454161000000000
-0.0484721000000000
-0.0348304000000000
-0.0170921000000000
-0.00741895000000000
-0.00761285000000000
-0.0109873000000000
-0.0108375000000000
-0.00378504000000000
0.00590663000000000
0.0101554000000000
0.00628786000000000
-0.00332145000000000
-0.0151577000000000
-0.0255301000000000
-0.0329519000000000
-0.0396147000000000
-0.0483130000000000
-0.0578418000000000
-0.0647586000000000
-0.0661281000000000
-0.0624012000000000
-0.0550231000000000
-0.0435841000000000
-0.0298970000000000
-0.0185319000000000
-0.0116337000000000
-0.00759407000000000
-0.00350302000000000
-0.00118640000000000
-0.00355982000000000
-0.00770809000000000
-0.00821253000000000
-0.00177096000000000
0.00946797000000000
0.0220696000000000
0.0334964000000000
0.0419420000000000
0.0449377000000000
0.0414384000000000
0.0351817000000000
0.0290055000000000
0.0213469000000000
0.0110913000000000
-0.00172884000000000
-0.0158512000000000
-0.0276029000000000
-0.0344407000000000
-0.0364333000000000
-0.0390728000000000
-0.0465133000000000
-0.0553885000000000
-0.0607578000000000
-0.0619698000000000
-0.0624147000000000
-0.0641026000000000
-0.0649345000000000
-0.0624573000000000
-0.0586125000000000
-0.0562068000000000
-0.0557095000000000
-0.0568359000000000
-0.0555455000000000
-0.0470186000000000
-0.0320913000000000
-0.0160904000000000
-0.00293135000000000
0.00615350000000000
0.0132150000000000
0.0193231000000000
0.0245686000000000
0.0302573000000000
0.0370680000000000
0.0404208000000000
0.0355888000000000
0.0253039000000000
0.0154306000000000
0.0111340000000000
0.0141698000000000
0.0192422000000000
0.0220466000000000
0.0239630000000000
0.0275855000000000
0.0334107000000000
0.0400728000000000
0.0451401000000000
0.0468881000000000
0.0443431000000000
0.0370023000000000
0.0267098000000000
0.0171989000000000
0.0104685000000000
0.00704090000000000
0.00720613000000000
0.00887432000000000
0.0101606000000000
0.0106160000000000
0.00994665000000000
0.0100916000000000
0.0129902000000000
0.0183204000000000
0.0239257000000000
0.0278712000000000
0.0291005000000000
0.0279127000000000
0.0259991000000000
0.0239949000000000
0.0238094000000000
0.0287105000000000
0.0366494000000000
0.0433293000000000
0.0471217000000000
0.0494325000000000
0.0519886000000000
0.0552992000000000
0.0587880000000000
0.0617888000000000
0.0637263000000000
0.0621942000000000
0.0542404000000000
0.0404181000000000
0.0224825000000000
0.00389625000000000
-0.0114072000000000
-0.0238334000000000
-0.0346245000000000
-0.0423291000000000
-0.0455681000000000
-0.0450824000000000
-0.0430782000000000
-0.0386992000000000
-0.0309468000000000
-0.0220314000000000
-0.0155510000000000
-0.0142801000000000
-0.0191403000000000
-0.0298748000000000
-0.0443807000000000
-0.0589556000000000
-0.0722005000000000
-0.0824929000000000
-0.0860746000000000
-0.0820377000000000
-0.0742727000000000
-0.0673301000000000
-0.0630623000000000
-0.0603054000000000
-0.0583363000000000
-0.0587011000000000
-0.0633411000000000
-0.0711358000000000
-0.0807845000000000
-0.0899417000000000
-0.0940819000000000
-0.0924711000000000
-0.0888173000000000
-0.0837558000000000
-0.0765034000000000
-0.0695142000000000
-0.0640528000000000
-0.0584743000000000
-0.0514354000000000
-0.0436692000000000
-0.0362994000000000
-0.0296866000000000
-0.0235265000000000
-0.0189391000000000
-0.0159783000000000
-0.0111752000000000
-0.00362096000000000
0.00538874000000000
0.0153694000000000
0.0253044000000000
0.0346899000000000
0.0439684000000000
0.0526591000000000
0.0576889000000000
0.0571730000000000
0.0528179000000000
0.0472862000000000
0.0423814000000000
0.0363010000000000
0.0266809000000000
0.0155073000000000
0.00716332000000000
0.00400180000000000
0.00568464000000000
0.0112953000000000
0.0199131000000000
0.0291350000000000
0.0366752000000000
0.0426309000000000
0.0467141000000000
0.0477098000000000
0.0461735000000000
0.0433639000000000
0.0394128000000000
0.0359939000000000
0.0350184000000000
0.0366568000000000
0.0399814000000000
0.0439075000000000
0.0467541000000000
0.0473658000000000
0.0429397000000000
0.0317579000000000
0.0175481000000000
0.00516468000000000
-0.00432632000000000
-0.0117642000000000
-0.0169808000000000
-0.0193205000000000
-0.0177873000000000
-0.0122131000000000
-0.00311582000000000
0.00879661000000000
0.0205204000000000
0.0279846000000000
0.0299868000000000
0.0272101000000000
0.0211850000000000
0.0146941000000000
0.00913760000000000
0.00454746000000000
0.000135189000000000
-0.00364055000000000
-0.00462507000000000
-0.00265930000000000
-0.00125522000000000
-0.00209087000000000
-0.00216716000000000
0.000394216000000000
0.00474078000000000
0.00870540000000000
0.00951564000000000
0.00677106000000000
0.00152517000000000
-0.00465281000000000
-0.00975372000000000
-0.0131968000000000
-0.0151331000000000
-0.0134106000000000
-0.00611310000000000
0.00481292000000000
0.0154116000000000
0.0265454000000000
0.0411590000000000
0.0588366000000000
0.0768013000000000
0.0914260000000000
0.102690000000000
0.112482000000000
0.120494000000000
0.127578000000000
0.133592000000000
0.137345000000000
0.137682000000000
0.132459000000000
0.118504000000000
0.0952079000000000
0.0661507000000000
0.0369513000000000
0.0109514000000000
-0.0109145000000000
-0.0289261000000000
-0.0431923000000000
-0.0550192000000000
-0.0663850000000000
-0.0754329000000000
-0.0781465000000000
-0.0725604000000000
-0.0585953000000000
-0.0406287000000000
-0.0238748000000000
-0.0121637000000000
-0.00665084000000000
-0.00285939000000000
0.00326961000000000
0.00865597000000000
0.00703040000000000
-0.00341549000000000
-0.0184465000000000
-0.0323394000000000
-0.0423614000000000
-0.0490054000000000
-0.0516089000000000
-0.0510636000000000
-0.0470338000000000
-0.0382027000000000
-0.0254505000000000
-0.0106108000000000
0.00282321000000000
0.0132614000000000
0.0229079000000000
0.0317910000000000
0.0372729000000000
0.0369968000000000
0.0291252000000000
0.0148631000000000
-0.00226546000000000
-0.0170463000000000
-0.0266833000000000
-0.0342075000000000
-0.0436132000000000
-0.0538020000000000
-0.0593220000000000
-0.0558273000000000
-0.0436080000000000
-0.0277320000000000
-0.0147976000000000
-0.00911882000000000
-0.0102531000000000
-0.0137924000000000
-0.0142330000000000
-0.00986309000000000
-0.00140294000000000
0.0108415000000000
0.0256301000000000
0.0392045000000000
0.0494184000000000
0.0584906000000000
0.0687103000000000
0.0794407000000000
0.0894750000000000
0.0953120000000000
0.0942541000000000
0.0868850000000000
0.0758268000000000
0.0651883000000000
0.0576239000000000
0.0538313000000000
0.0544919000000000
0.0591463000000000
0.0633822000000000
0.0614564000000000
0.0511800000000000
0.0354493000000000
0.0192106000000000
0.00559260000000000
-0.00430555000000000
-0.0109706000000000
-0.0163194000000000
-0.0210269000000000
-0.0233241000000000
-0.0218781000000000
-0.0173525000000000
-0.0107637000000000
-0.00349539000000000
0.00246538000000000
0.00727210000000000
0.0101825000000000
0.00863824000000000
0.00277305000000000
-0.00450368000000000
-0.0113150000000000
-0.0178604000000000
-0.0246776000000000
-0.0329778000000000
-0.0421399000000000
-0.0503948000000000
-0.0574671000000000
-0.0635148000000000
-0.0668777000000000
-0.0676478000000000
-0.0651533000000000
-0.0575828000000000
-0.0467981000000000
-0.0355807000000000
-0.0250652000000000
-0.0155244000000000
-0.00626983000000000
0.00322269000000000
0.0116443000000000
0.0173571000000000
0.0183550000000000
0.0156239000000000
0.0110206000000000
0.00515309000000000
-0.00201746000000000
-0.0115879000000000
-0.0232378000000000
-0.0353878000000000
-0.0464687000000000
-0.0555406000000000
-0.0623907000000000
-0.0646909000000000
-0.0585013000000000
-0.0441272000000000
-0.0260542000000000
-0.00923072000000000
0.00412678000000000
0.0138128000000000
0.0211035000000000
0.0259853000000000
0.0254698000000000
0.0190866000000000
0.0106896000000000
0.00366586000000000
0.00273528000000000
0.0101003000000000
0.0231837000000000
0.0379002000000000
0.0506435000000000
0.0566307000000000
0.0546833000000000
0.0478345000000000
0.0392313000000000
0.0315233000000000
0.0258396000000000
0.0209855000000000
0.0155559000000000
0.00924010000000000
0.00141952000000000
-0.00711192000000000
-0.0150959000000000
-0.0210181000000000
-0.0230668000000000
-0.0219824000000000
-0.0213169000000000
-0.0243308000000000
-0.0316359000000000
-0.0437848000000000
-0.0598563000000000
-0.0752935000000000
-0.0854259000000000
-0.0876927000000000
-0.0838589000000000
-0.0785418000000000
-0.0738771000000000
-0.0700818000000000
-0.0663390000000000
-0.0611795000000000
-0.0552046000000000
-0.0500533000000000
-0.0463278000000000
-0.0432515000000000
-0.0388802000000000
-0.0305793000000000
-0.0179102000000000
-0.00340494000000000
0.0102139000000000
0.0218067000000000
0.0323896000000000
0.0447033000000000
0.0585182000000000
0.0718566000000000
0.0819070000000000
0.0852111000000000
0.0815877000000000
0.0735429000000000
0.0641868000000000
0.0554717000000000
0.0473652000000000
0.0368402000000000
0.0219522000000000
0.00466735000000000
-0.0120626000000000
-0.0260136000000000
-0.0354029000000000
-0.0409504000000000
-0.0437684000000000
-0.0429837000000000
-0.0379331000000000
-0.0281796000000000
-0.0141698000000000
0.00192378000000000
0.0174183000000000
0.0295639000000000
0.0373308000000000
0.0388329000000000
0.0337404000000000
0.0253605000000000
0.0160590000000000
0.00401525000000000
-0.0112467000000000
-0.0256509000000000
-0.0339755000000000
-0.0342175000000000
-0.0271912000000000
-0.0153336000000000
-0.000540082000000000
0.0162798000000000
0.0337119000000000
0.0513710000000000
0.0669540000000000
0.0787648000000000
0.0877170000000000
0.0934767000000000
0.0944428000000000
0.0881113000000000
0.0749770000000000
0.0597590000000000
0.0465130000000000
0.0357033000000000
0.0250870000000000
0.0132975000000000
0.00123886000000000
-0.00843147000000000
-0.0147305000000000
-0.0198586000000000
-0.0246196000000000
-0.0284457000000000
-0.0306547000000000
-0.0297892000000000
-0.0247265000000000
-0.0141332000000000
0.00227081000000000
0.0213013000000000
0.0395068000000000
0.0540875000000000
0.0645136000000000
0.0722643000000000
0.0779603000000000
0.0800886000000000
0.0766976000000000
0.0679846000000000
0.0563761000000000
0.0432411000000000
0.0282800000000000
0.0119022000000000
-0.00453294000000000
-0.0218927000000000
-0.0400286000000000
-0.0549116000000000
-0.0635668000000000
-0.0662529000000000
-0.0642042000000000
-0.0579688000000000
-0.0491772000000000
-0.0404718000000000
-0.0318977000000000
-0.0224477000000000
-0.0135665000000000
-0.00457746000000000
0.00500576000000000
0.0153380000000000
0.0260412000000000
0.0334037000000000
0.0346340000000000
0.0300433000000000
0.0204975000000000
0.00752118000000000
-0.00620449000000000
-0.0185326000000000
-0.0271438000000000
-0.0324906000000000
-0.0383617000000000
-0.0462245000000000
-0.0522999000000000
-0.0530220000000000
-0.0479737000000000
-0.0397334000000000
-0.0319200000000000
-0.0254835000000000
-0.0200498000000000
-0.0156357000000000
-0.0128316000000000
-0.0119788000000000
-0.0127324000000000
-0.0142182000000000
-0.0168524000000000
-0.0196286000000000
-0.0208157000000000
-0.0207810000000000
-0.0203350000000000
-0.0195528000000000
-0.0201820000000000
-0.0217745000000000
-0.0227404000000000
-0.0238778000000000
-0.0261301000000000
-0.0282650000000000
-0.0288158000000000
-0.0275197000000000
-0.0243246000000000
-0.0198273000000000
-0.0147467000000000
-0.00858999000000000
-0.00262441000000000
0.00209861000000000
0.00694405000000000
0.0124293000000000
0.0172819000000000
0.0208932000000000
0.0229997000000000
0.0251009000000000
0.0288471000000000
0.0323775000000000
0.0338264000000000
0.0333448000000000
0.0312699000000000
0.0274910000000000
0.0225061000000000
0.0139248000000000
-0.000656791000000000
-0.0178747000000000
-0.0334948000000000
-0.0462012000000000
-0.0549775000000000
-0.0614877000000000
-0.0672450000000000
-0.0708958000000000
-0.0715728000000000
-0.0698968000000000
-0.0667565000000000
-0.0622038000000000
-0.0562879000000000
-0.0488117000000000
-0.0399215000000000
-0.0308465000000000
-0.0220009000000000
-0.0127294000000000
-0.00229614000000000
0.0103240000000000
0.0238101000000000
0.0340638000000000
0.0398174000000000
0.0411689000000000
0.0380441000000000
0.0314481000000000
0.0241244000000000
0.0182790000000000
0.0144889000000000
0.0120731000000000
0.00854400000000000
0.00344105000000000
-0.000695440000000000
0.000300742000000000
0.00786673000000000
0.0191137000000000
0.0302895000000000
0.0396459000000000
0.0471876000000000
0.0503011000000000
0.0479077000000000
0.0423096000000000
0.0348011000000000
0.0265302000000000
0.0195246000000000
0.0137236000000000
0.00959134000000000
0.00917747000000000
0.0112932000000000
0.0141423000000000
0.0178915000000000
0.0221571000000000
0.0257409000000000
0.0301519000000000
0.0351640000000000
0.0376768000000000
0.0379352000000000
0.0386756000000000
0.0413990000000000
0.0464966000000000
0.0521575000000000
0.0579959000000000
0.0653030000000000
0.0737335000000000
0.0830472000000000
0.0914994000000000
0.0962539000000000
0.0956459000000000
0.0905040000000000
0.0812867000000000
0.0659226000000000
0.0431797000000000
0.0141163000000000
-0.0174666000000000
-0.0458441000000000
-0.0679845000000000
-0.0817840000000000
-0.0856151000000000
-0.0814727000000000
-0.0734092000000000
-0.0640971000000000
-0.0533734000000000
-0.0409954000000000
-0.0261365000000000
-0.0101779000000000
0.00260648000000000
0.0106196000000000
0.0145049000000000
0.0151588000000000
0.0143911000000000
0.0126252000000000
0.00945354000000000
0.00440589000000000
-0.00334422000000000
-0.0131196000000000
-0.0226682000000000
-0.0307958000000000
-0.0372317000000000
-0.0416326000000000
-0.0460666000000000
-0.0518074000000000
-0.0554151000000000
-0.0552683000000000
-0.0522663000000000
-0.0468702000000000
-0.0413961000000000
-0.0355822000000000
-0.0271759000000000
-0.0170799000000000
-0.00756709000000000
0.000447302000000000
0.00683683000000000
0.0122787000000000
0.0163136000000000
0.0178806000000000
0.0168685000000000
0.0138066000000000
0.00862353000000000
0.00292175000000000
-0.00166054000000000
-0.00667052000000000
-0.0130520000000000
-0.0201189000000000
-0.0260218000000000
-0.0289272000000000
-0.0290225000000000
-0.0271019000000000
-0.0244672000000000
-0.0223781000000000
-0.0208002000000000
-0.0182726000000000
-0.0138880000000000
-0.00847671000000000
-0.00370059000000000
0.000444428000000000
0.00414901000000000
0.00641367000000000
0.00549916000000000
0.00321797000000000
0.00184206000000000
0.000642923000000000
7.91929000000000e-05
-8.83756000000000e-06
0.000302422000000000
0.000552554000000000
-0.00105471000000000
-0.00465777000000000
-0.0101276000000000
-0.0176565000000000
-0.0274465000000000
-0.0385755000000000
-0.0481330000000000
-0.0527113000000000
-0.0508425000000000
-0.0443294000000000
-0.0358420000000000
-0.0265170000000000
-0.0168420000000000
-0.00667201000000000
0.00218287000000000
0.00822172000000000
0.0120393000000000
0.0129786000000000
0.0112748000000000
0.00777930000000000
0.00299988000000000
-0.000683341000000000
-0.00150576000000000
-9.87433000000000e-05
0.00202928000000000
0.00235016000000000
0.00158046000000000
0.00230271000000000
0.00246402000000000
0.000464137000000000
-0.00235814000000000
-0.00465318000000000
-0.00568482000000000
-0.00662459000000000
-0.00947575000000000
-0.0126024000000000
-0.0132185000000000
-0.0110455000000000
-0.00588736000000000
0.00156332000000000
0.00908093000000000
0.0161835000000000
0.0229858000000000
0.0287680000000000
0.0328130000000000
0.0331488000000000
0.0298168000000000
0.0257790000000000
0.0212003000000000
0.0151231000000000
0.00766489000000000
-0.00150939000000000
-0.00995007000000000
-0.0152966000000000
-0.0174924000000000
-0.0179731000000000
-0.0180458000000000
-0.0182071000000000
-0.0177969000000000
-0.0167980000000000
-0.0154945000000000
-0.0138095000000000
-0.0132947000000000
-0.0140690000000000
-0.0137088000000000
-0.0118583000000000
-0.00929603000000000
-0.00637021000000000
-0.00327394000000000
-0.000667609000000000
0.000144943000000000
4.08725000000000e-05
0.00171833000000000
0.00559380000000000
0.00751345000000000
0.00502331000000000
-0.000317941000000000
-0.00613032000000000
-0.00990946000000000
-0.0100938000000000
-0.00745985000000000
-0.00310013000000000
0.00192085000000000
0.00849366000000000
0.0176852000000000
0.0267957000000000
0.0343040000000000
0.0406192000000000
0.0449748000000000
0.0462673000000000
0.0454945000000000
0.0425642000000000
0.0378259000000000
0.0334167000000000
0.0284357000000000
0.0222167000000000
0.0141019000000000
0.00348178000000000
-0.00729964000000000
-0.0160177000000000
-0.0234456000000000
-0.0287855000000000
-0.0307270000000000
-0.0291600000000000
-0.0241180000000000
-0.0159369000000000
-0.00574801000000000
0.00576743000000000
0.0184911000000000
0.0306328000000000
0.0410187000000000
0.0492220000000000
0.0546595000000000
0.0573034000000000
0.0582825000000000
0.0556006000000000
0.0493248000000000
0.0432171000000000
0.0393125000000000
0.0363398000000000
0.0325396000000000
0.0264776000000000
0.0193233000000000
0.0135338000000000
0.00881941000000000
0.00486466000000000
0.00368911000000000
0.00455502000000000
0.00608318000000000
0.00918134000000000
0.0113647000000000
0.0106903000000000
0.00782077000000000
0.00342891000000000
-0.00156000000000000
-0.00674506000000000
-0.0114716000000000
-0.0151113000000000
-0.0171305000000000
-0.0181112000000000
-0.0178581000000000
-0.0147317000000000
-0.0108919000000000
-0.00897271000000000
-0.00717404000000000
-0.00588009000000000
-0.00592137000000000
-0.00552081000000000
-0.00507681000000000
-0.00525104000000000
-0.00510046000000000
-0.00438113000000000
-0.00323773000000000
-0.00168680000000000
-0.000284962000000000
0.000686018000000000
0.000752535000000000
-0.000439024000000000
-0.000841729000000000
0.000453531000000000
0.000986360000000000
0.000242337000000000
-0.000268675000000000
-0.000767943000000000
-0.00160056000000000
-0.00398197000000000
-0.00825988000000000
-0.0138167000000000
-0.0194860000000000
-0.0237088000000000
-0.0259614000000000
-0.0274893000000000
-0.0296696000000000
-0.0312973000000000
-0.0315334000000000
-0.0312046000000000
-0.0299223000000000
-0.0273813000000000
-0.0246803000000000
-0.0212271000000000
-0.0173858000000000
-0.0152402000000000
-0.0155419000000000
-0.0182928000000000
-0.0233221000000000
-0.0297783000000000
-0.0353795000000000
-0.0371517000000000
-0.0340842000000000
-0.0293885000000000
-0.0244371000000000
-0.0191466000000000
-0.0141241000000000
-0.00942740000000000
-0.00511245000000000
-0.00337908000000000
-0.00405472000000000
-0.00515537000000000
-0.00756250000000000
-0.0126017000000000
-0.0207004000000000
-0.0297151000000000
-0.0373641000000000
-0.0422945000000000
-0.0445228000000000
-0.0439871000000000
-0.0416663000000000
-0.0379026000000000
-0.0318608000000000
-0.0246323000000000
-0.0181547000000000
-0.0127971000000000
-0.00880334000000000
-0.00592303000000000
-0.00245940000000000
0.000430777000000000
0.00128910000000000
0.00123215000000000
0.000992037000000000
0.000745299000000000
0.000709943000000000
0.000843148000000000
0.00140016000000000
0.00380352000000000
0.00776945000000000
0.0111054000000000
0.0140348000000000
0.0165429000000000
0.0180054000000000
0.0188142000000000
0.0182371000000000
0.0163277000000000
0.0134669000000000
0.00985643000000000
0.00685908000000000
0.00377477000000000
0.000521036000000000
-0.00174121000000000
-0.00401415000000000
-0.00601559000000000
-0.00647339000000000
-0.00515062000000000
-0.00298218000000000
4.19616000000000e-05
0.00441565000000000
0.0100002000000000
0.0155539000000000
0.0193308000000000
0.0206539000000000
0.0204182000000000
0.0186584000000000
0.0171506000000000
0.0162619000000000
0.0147379000000000
0.0140240000000000
0.0151918000000000
0.0188995000000000
0.0248533000000000
0.0308375000000000
0.0351871000000000
0.0373220000000000
0.0373010000000000
0.0357770000000000
0.0333059000000000
0.0298780000000000
0.0258304000000000
0.0233733000000000
0.0222200000000000
0.0210220000000000
0.0208164000000000
0.0216639000000000
0.0239993000000000
0.0267340000000000
0.0280635000000000
0.0282956000000000
0.0263473000000000
0.0220077000000000
0.0156539000000000
0.00832037000000000
0.00323546000000000
-0.000310854000000000
-0.00295721000000000
-0.00354403000000000
-0.00220274000000000
0.000557694000000000
0.00351741000000000
0.00417964000000000
0.00283727000000000
0.00216825000000000
0.00253670000000000
0.00320921000000000
0.00420501000000000
0.00511481000000000
0.00612867000000000
0.00798125000000000
0.00967433000000000
0.0107874000000000
0.0108742000000000
0.00907276000000000
0.00693542000000000
0.00371146000000000
-0.000725462000000000
-0.00569510000000000
-0.0109672000000000
-0.0153771000000000
-0.0171365000000000
-0.0165970000000000
-0.0154618000000000
-0.0144326000000000
-0.0143851000000000
-0.0145115000000000
-0.0118979000000000
-0.00667830000000000
-0.00204268000000000
0.00164885000000000
0.00327545000000000
0.00233102000000000
0.000853551000000000
0.000367055000000000
7.24312000000000e-05
-0.000763177000000000
-0.00288111000000000
-0.00528090000000000
-0.00591903000000000
-0.00500261000000000
-0.00411290000000000
-0.00227084000000000
0.00151749000000000
0.00499131000000000
0.00674788000000000
0.00557599000000000
0.00181339000000000
-0.00281166000000000
-0.00677033000000000
-0.0102370000000000
-0.0136321000000000
-0.0153437000000000
-0.0143407000000000
-0.0111941000000000
-0.00618589000000000
-0.000876143000000000
0.00354942000000000
0.00735667000000000
0.0101274000000000
0.0114937000000000
0.0107205000000000
0.00710984000000000
0.00182465000000000
-0.00389360000000000
-0.0101660000000000
-0.0165949000000000
-0.0206888000000000
-0.0214297000000000
-0.0201902000000000
-0.0168241000000000
-0.0130962000000000
-0.0108313000000000
-0.00928784000000000
-0.00799102000000000
-0.00687301000000000
-0.00587892000000000
-0.00512058000000000
-0.00451924000000000
-0.00367016000000000
-0.00331663000000000
-0.00370370000000000
-0.00385125000000000
-0.00362748000000000
-0.00488444000000000
-0.00681404000000000
-0.00845715000000000
-0.0103231000000000
-0.0123623000000000
-0.0151691000000000
-0.0172036000000000
-0.0165060000000000
-0.0129059000000000
-0.00901788000000000
-0.00659222000000000
-0.00628139000000000
-0.00832795000000000
-0.0121003000000000
-0.0152508000000000
-0.0164970000000000
-0.0155279000000000
-0.0136531000000000
-0.0115586000000000
-0.00957907000000000
-0.0101564000000000
-0.0127746000000000
-0.0151867000000000
-0.0151438000000000
-0.0132988000000000
-0.0115094000000000
-0.0104914000000000
-0.00958569000000000
-0.00704187000000000
-0.00385683000000000
-0.00137321000000000
0.00244288000000000
0.00675457000000000
0.00803285000000000
0.00659538000000000
0.00422224000000000
0.00113177000000000
-0.00212503000000000
-0.00342572000000000
-0.00309337000000000
-0.00202686000000000
-0.000536801000000000
0.000713897000000000
0.00179922000000000
0.00351125000000000
0.00500865000000000
0.00623115000000000
0.00802960000000000
0.00995980000000000
0.0119322000000000
0.0142706000000000
0.0164076000000000
0.0172061000000000
0.0167100000000000
0.0152813000000000
0.0119245000000000
0.00624413000000000
-0.000882084000000000
-0.00822979000000000
-0.0140096000000000
-0.0171209000000000
-0.0187864000000000
-0.0204868000000000
-0.0209254000000000
-0.0176175000000000
-0.0112935000000000
-0.00458840000000000
0.000794855000000000
0.00505825000000000
0.00845017000000000
0.0110912000000000
0.0136493000000000
0.0151842000000000
0.0148180000000000
0.0131814000000000
0.0115815000000000
0.0126204000000000
0.0155214000000000
0.0171479000000000
0.0176261000000000
0.0186982000000000
0.0213550000000000
0.0244358000000000
0.0269680000000000
0.0286151000000000
0.0293593000000000
0.0281922000000000
0.0255118000000000
0.0228414000000000
0.0213350000000000
0.0206974000000000
0.0213289000000000
0.0226482000000000
0.0235383000000000
0.0239183000000000
0.0233191000000000
0.0217663000000000
0.0180244000000000
0.0113997000000000
0.00411719000000000
-0.000952353000000000
-0.00404992000000000
-0.00608411000000000
-0.00662703000000000
-0.00619782000000000
-0.00494210000000000
-0.00363264000000000
-0.00333581000000000
-0.00272040000000000
-0.00114199000000000
2.39985000000000e-05
-0.000244768000000000
-0.00198060000000000
-0.00385794000000000
-0.00535038000000000
-0.00694919000000000
-0.00715583000000000
-0.00646227000000000
-0.00744883000000000
-0.00935054000000000
-0.0103879000000000
-0.00980578000000000
-0.00899410000000000
-0.00964747000000000
-0.0114207000000000
-0.0124997000000000
-0.0122576000000000
-0.0113596000000000
-0.00943450000000000
-0.00657524000000000
-0.00433777000000000
-0.00217598000000000
6.91111000000000e-05
0.00212244000000000
0.00386640000000000
0.00438091000000000
0.00438270000000000
0.00363392000000000
0.00211528000000000
0.00116404000000000
0.000793763000000000
0.000456198000000000
-0.000311085000000000
-0.00192263000000000
-0.00311603000000000
-0.00281743000000000
-0.00238536000000000
-0.00254958000000000
-0.00222019000000000
-0.00132025000000000
-0.000610565000000000
0.000735636000000000
0.00297968000000000
0.00542704000000000
0.00718417000000000
0.00763197000000000
0.00728597000000000
0.00667437000000000
0.00578233000000000
0.00491290000000000
0.00396073000000000
0.00499510000000000
0.00676438000000000
0.00628841000000000
0.00550213000000000
0.00691996000000000
0.00909337000000000
0.00942062000000000
0.00744159000000000
0.00491357000000000
0.00302883000000000
0.00182846000000000
-0.000227422000000000
-0.00281229000000000
-0.00496031000000000
-0.00667000000000000
-0.00725178000000000
-0.00745033000000000
-0.00861014000000000
-0.0104588000000000
-0.0119596000000000
-0.0136025000000000
-0.0171270000000000
-0.0210442000000000
-0.0234122000000000
-0.0242802000000000
-0.0241870000000000
-0.0235441000000000
-0.0221176000000000
-0.0202779000000000
-0.0192401000000000
-0.0177331000000000
-0.0152818000000000
-0.0136097000000000
-0.0125335000000000
-0.0106520000000000
-0.0103294000000000
-0.0121507000000000
-0.0137635000000000
-0.0144744000000000
-0.0146290000000000
-0.0133764000000000
-0.0114866000000000
-0.00983259000000000
-0.00713977000000000
-0.00358300000000000
-0.000298319000000000
0.00292863000000000
0.00692798000000000
0.0110282000000000
0.0139532000000000
0.0157081000000000
0.0154710000000000
0.0117772000000000
0.00591956000000000
-0.000367433000000000
-0.00570692000000000
-0.0101372000000000
-0.0137369000000000
-0.0151875000000000
-0.0136717000000000
-0.0112977000000000
-0.0102556000000000
-0.00901859000000000
-0.00600022000000000
-0.00324909000000000
-0.00247112000000000
-0.00301236000000000
-0.00344236000000000
-0.00327263000000000
-0.00293408000000000
-0.00277582000000000
-0.00252094000000000
-0.00108206000000000
0.00247773000000000
0.00757828000000000
0.0117023000000000
0.0128513000000000
0.0116824000000000
0.00987930000000000
0.00866994000000000
0.00897044000000000
0.0101062000000000
0.0115931000000000
0.0135089000000000
0.0153466000000000
0.0171415000000000
0.0182975000000000
0.0186359000000000
0.0188802000000000
0.0184919000000000
0.0161562000000000
0.0126492000000000
0.0103994000000000
0.0105300000000000
0.0123502000000000
0.0142353000000000
0.0150147000000000
0.0158466000000000
0.0167221000000000
0.0169243000000000
0.0173486000000000
0.0166891000000000
0.0135826000000000
0.0104162000000000
0.00908801000000000
0.00767359000000000
0.00498608000000000
0.00298123000000000
0.00268810000000000
0.00317499000000000
0.00420055000000000
0.00552580000000000
0.00728070000000000
0.00862041000000000
0.00956529000000000
0.0119346000000000
0.0145102000000000
0.0148970000000000
0.0137459000000000
0.0125377000000000
0.0106502000000000
0.00776271000000000
0.00475862000000000
0.00247361000000000
0.00111207000000000
0.00122066000000000
0.00238188000000000
0.00400336000000000
0.00495540000000000
0.00505209000000000
0.00603835000000000
0.00677935000000000
0.00539667000000000
0.00390891000000000
0.00427380000000000
0.00410717000000000
0.00126179000000000
-0.00260645000000000
-0.00518092000000000
-0.00630458000000000
-0.00668644000000000
-0.00714313000000000
-0.00760033000000000
-0.00861150000000000
-0.00930154000000000
-0.00842621000000000
-0.00794193000000000
-0.00938402000000000
-0.0101623000000000
-0.00919238000000000
-0.00881614000000000
-0.0103488000000000
-0.0116199000000000
-0.0118967000000000
-0.0111837000000000
-0.0100326000000000
-0.00926980000000000
-0.00864825000000000
-0.00927707000000000
-0.0101345000000000
-0.00910549000000000
-0.00769912000000000
-0.00765263000000000
-0.00741592000000000
-0.00600141000000000
-0.00361063000000000
-0.00191961000000000
-0.00279087000000000
-0.00505034000000000
-0.00631711000000000
-0.00694355000000000
-0.00858535000000000
-0.0102354000000000
-0.0104847000000000
-0.00961255000000000
-0.00833394000000000
-0.00783741000000000
-0.00769135000000000
-0.00653630000000000
-0.00384416000000000
0.000786882000000000
0.00473412000000000
0.00614424000000000
0.00694427000000000
0.00810999000000000
0.00740693000000000
0.00402409000000000
0.000711001000000000
-0.000862551000000000
-0.00140700000000000
-0.00285366000000000
-0.00568174000000000
-0.00731446000000000
-0.00632971000000000
-0.00495857000000000
-0.00292964000000000
-0.000103766000000000
0.00193778000000000
0.00335249000000000
0.00424515000000000
0.00464529000000000
0.00417135000000000
0.00288306000000000
0.00192363000000000
0.00183768000000000
0.00207088000000000
0.00232768000000000
0.00301672000000000
0.00312518000000000
0.00233078000000000
0.00235476000000000
0.00299646000000000
0.00347984000000000
0.00319950000000000
0.00197199000000000
0.000842470000000000
-0.000773524000000000
-0.00412018000000000
-0.00766102000000000
-0.00930253000000000
-0.00931345000000000
-0.00899739000000000
-0.00871834000000000
-0.00788050000000000
-0.00612430000000000
-0.00380834000000000
-0.00153643000000000
0.000829962000000000
0.00167771000000000
0.00110788000000000
0.000742532000000000
5.28490000000000e-05
-0.00133640000000000
-0.00182411000000000
-0.00142746000000000
-0.000773304000000000
-0.000619857000000000
-0.00163409000000000
-0.00253370000000000
-0.00277306000000000
-0.00336119000000000
-0.00536840000000000
-0.00667571000000000
-0.00573209000000000
-0.00292802000000000
0.000398781000000000
0.00301852000000000
0.00510857000000000
0.00744402000000000
0.00955550000000000
0.0110813000000000
0.0105966000000000
0.00700209000000000
0.00276640000000000
-0.00143877000000000
-0.00590215000000000
-0.0103276000000000
-0.0132203000000000
-0.0126493000000000
-0.0100400000000000
-0.00737939000000000
-0.00596894000000000
-0.00547818000000000
-0.00389690000000000
-0.00101788000000000
0.00143996000000000
0.00204705000000000
0.00134767000000000
0.000913647000000000
0.00202277000000000
0.00397475000000000
0.00586345000000000
0.00834555000000000
0.0119803000000000
0.0149840000000000
0.0169417000000000
0.0176568000000000
0.0167172000000000
0.0157046000000000
0.0151649000000000
0.0139815000000000
0.0122977000000000
0.0107751000000000
0.00910628000000000
0.00767878000000000
0.00690202000000000
0.00607331000000000
0.00457820000000000
0.00326829000000000
0.00182890000000000
0.000796861000000000
0.000115947000000000
-0.000858328000000000
-0.000805367000000000
0.00118409000000000
0.00404702000000000
0.00658253000000000
0.00911833000000000
0.0107563000000000
0.0114022000000000
0.0119376000000000
0.0112060000000000
0.00894613000000000
0.00715227000000000
0.00710225000000000
0.00827971000000000
0.00899342000000000
0.00876822000000000
0.00836900000000000
0.00875530000000000
0.00902756000000000
0.00749982000000000
0.00430169000000000
0.00102724000000000
-0.00207269000000000
-0.00449020000000000
-0.00628343000000000
-0.00781375000000000
-0.00777055000000000
-0.00634860000000000
-0.00504343000000000
-0.00458031000000000
-0.00426380000000000
-0.00426948000000000
-0.00417567000000000
-0.00371778000000000
-0.00419629000000000
-0.00562002000000000
-0.00653855000000000
-0.00697929000000000
-0.00738936000000000
-0.00872844000000000
-0.0110973000000000
-0.0128806000000000
-0.0130244000000000
-0.0128811000000000
-0.0145453000000000
-0.0167034000000000
-0.0179273000000000
-0.0179109000000000
-0.0163569000000000
-0.0129860000000000
-0.00959053000000000
-0.00696963000000000
-0.00463382000000000
-0.00145126000000000
0.00135724000000000
0.00247562000000000
0.00382210000000000
0.00681180000000000
0.00974474000000000
0.0104512000000000
0.00922713000000000
0.00710085000000000
0.00463487000000000
0.00109256000000000
-0.00368300000000000
-0.00786812000000000
-0.00936690000000000
-0.00829694000000000
-0.00592619000000000
-0.00303333000000000
-0.000537381000000000
0.00138501000000000
0.00289420000000000
0.00303484000000000
0.00166029000000000
6.56348000000000e-05
-0.000938243000000000
-0.00100077000000000
-0.000993815000000000
-0.00214942000000000
-0.00312192000000000
-0.00350764000000000
-0.00385450000000000
-0.00456482000000000
-0.00635275000000000
-0.00883754000000000
-0.0100435000000000
-0.00860090000000000
-0.00562913000000000
-0.00314329000000000
-0.00131069000000000
-4.94518000000000e-05
0.00199184000000000
0.00602606000000000
0.00994642000000000
0.0114072000000000
0.0103271000000000
0.00813105000000000
0.00644631000000000
0.00471334000000000
0.00287700000000000
0.00134118000000000
-7.61022000000000e-05
-0.00192663000000000
-0.00327747000000000
-0.00422451000000000
-0.00637401000000000
-0.00900252000000000
-0.0103064000000000
-0.0101112000000000
-0.00946855000000000
-0.00863507000000000
-0.00652370000000000
-0.00252991000000000
0.00142205000000000
0.00326535000000000
0.00433584000000000
0.00628222000000000
0.00772308000000000
0.00708104000000000
0.00455396000000000
0.000303618000000000
-0.00390553000000000
-0.00607948000000000
-0.00661845000000000
-0.00599193000000000
-0.00520394000000000
-0.00522252000000000
-0.00505404000000000
-0.00451431000000000
-0.00363208000000000
-0.00195112000000000
-0.000722071000000000
-0.000707324000000000
-0.00221879000000000
-0.00399053000000000
-0.00415746000000000
-0.00280437000000000
-0.00168250000000000
-0.00144366000000000
-0.00118238000000000
-0.000681388000000000
0.000385766000000000
0.00177321000000000
0.00245004000000000
0.00269411000000000
0.00309533000000000
0.00414693000000000
0.00605741000000000
0.00789514000000000
0.00933740000000000
0.0104716000000000
0.0111826000000000
0.0116957000000000
0.0112589000000000
0.00984374000000000
0.00865019000000000
0.00840988000000000
0.00858404000000000
0.00877000000000000
0.00841310000000000
0.00777466000000000
0.00746829000000000
0.00663691000000000
0.00507184000000000
0.00353252000000000
0.00138534000000000
-0.00103846000000000
-0.00271901000000000
-0.00407390000000000
-0.00503618000000000
-0.00506330000000000
-0.00392747000000000
-0.00203886000000000
-0.000640527000000000
-0.000596916000000000
-0.00110982000000000
-0.00109673000000000
-0.00112842000000000
-0.00232901000000000
-0.00404965000000000
-0.00442054000000000
-0.00271184000000000
-0.000254708000000000
0.00162052000000000
0.00310075000000000
0.00364981000000000
0.00368538000000000
0.00316729000000000
0.00112025000000000
-0.00227850000000000
-0.00576644000000000
-0.00820305000000000
-0.00909455000000000
-0.00972255000000000
-0.0104748000000000
-0.0106713000000000
-0.0101691000000000
-0.00928278000000000
-0.00908467000000000
-0.00912918000000000
-0.00757276000000000
-0.00501738000000000
-0.00362252000000000
-0.00315206000000000
-0.00224543000000000
-0.00183063000000000
-0.00181573000000000
-0.00166256000000000
-0.00124175000000000
-0.000805519000000000
-0.00150383000000000
-0.00271194000000000
-0.00252205000000000
-0.00264692000000000
-0.00360763000000000
-0.00362007000000000
-0.00331154000000000
-0.00304817000000000
-0.00181883000000000
-0.000328081000000000
0.000847983000000000
0.00262639000000000
0.00380875000000000
0.00385257000000000
0.00439682000000000
0.00515580000000000
0.00488315000000000
0.00357614000000000
0.00144653000000000
-0.000645068000000000
-0.00111482000000000
-0.000327487000000000
0.000346713000000000
0.000942795000000000
0.00174181000000000
0.00294593000000000
0.00520329000000000
0.00743087000000000
0.00851817000000000
0.00933526000000000
0.00992354000000000
0.00935481000000000
0.00841748000000000
0.00599475000000000
0.00255926000000000
0.000406715000000000
-0.000429176000000000
-0.000330255000000000
-4.35686000000000e-06
0.000452894000000000
0.000667941000000000
0.000872075000000000
0.00123027000000000
0.00139960000000000
0.00133510000000000
0.00108045000000000
0.000418471000000000
-0.000163589000000000
-6.75334000000000e-05
-0.000113186000000000
-0.00127816000000000
-0.00304212000000000
-0.00506040000000000
-0.00694357000000000
-0.00777877000000000
-0.00821817000000000
-0.00822071000000000
-0.00643927000000000
-0.00402493000000000
-0.00209258000000000
-0.000188099000000000
0.00158224000000000
0.00325305000000000
0.00478548000000000
0.00509281000000000
0.00438427000000000
0.00362690000000000
0.00269349000000000
0.00175424000000000
0.00118013000000000
0.00102389000000000
0.00193421000000000
0.00450726000000000
0.00617965000000000
0.00663803000000000
0.00677815000000000
0.00569951000000000
0.00369440000000000
0.00147689000000000
-0.000486885000000000
-0.00321669000000000
-0.00558524000000000
-0.00556156000000000
-0.00443958000000000
-0.00327386000000000
-0.00207759000000000
-0.000868760000000000
0.00125003000000000
0.00353531000000000
0.00376700000000000
0.00257291000000000
0.00288476000000000
0.00335203000000000
0.00192512000000000
-0.000100001000000000
-0.00183512000000000
-0.00267753000000000
-0.00221042000000000
-0.00240655000000000
-0.00293898000000000
-0.00285200000000000
-0.00288227000000000
-0.00318966000000000
-0.00380506000000000
-0.00456219000000000
-0.00484485000000000
-0.00446955000000000
-0.00421687000000000
-0.00422526000000000
-0.00364753000000000
-0.00246393000000000
-0.000627935000000000
0.00244534000000000
0.00498691000000000
0.00658771000000000
0.00830679000000000
0.00964378000000000
0.00998830000000000
0.00993148000000000
0.00968619000000000
0.00781716000000000
0.00532304000000000
0.00278174000000000
0.000596849000000000
-0.000702404000000000
-0.00110586000000000
-0.000850092000000000
-0.000165481000000000
0.000217572000000000
0.000658638000000000
0.00221735000000000
0.00381323000000000
0.00482677000000000
0.00574600000000000
0.00681917000000000
0.00723967000000000
0.00744305000000000
0.00702762000000000
0.00478457000000000
0.00239092000000000
0.000460882000000000
-0.000806252000000000
-0.00137313000000000
-0.00266023000000000
-0.00542203000000000
-0.00876601000000000
-0.0110881000000000
-0.0115477000000000
-0.0104921000000000
-0.00961747000000000
-0.00938434000000000
-0.00962869000000000
-0.0100222000000000
-0.0100701000000000
-0.00935798000000000
-0.00914711000000000
-0.00922435000000000
-0.00790753000000000
-0.00691484000000000
-0.00755884000000000
-0.00860836000000000
-0.00814643000000000
-0.00639174000000000
-0.00472924000000000
-0.00356335000000000
-0.00250490000000000
-0.00189301000000000
-0.000766228000000000
0.00146877000000000
0.00344613000000000
0.00474804000000000
0.00520849000000000
0.00466186000000000
0.00313303000000000
0.00199533000000000
0.00144027000000000
0.000484581000000000
-0.000326689000000000
-0.00159165000000000
-0.00307805000000000
-0.00397338000000000
-0.00446909000000000
-0.00393092000000000
-0.00240930000000000
-0.00208629000000000
-0.00273659000000000
-0.00317765000000000
-0.00226968000000000
-5.72435000000000e-05
0.00203857000000000
0.00214195000000000
0.00137360000000000
0.000980729000000000
-0.000173522000000000
-0.00178169000000000
-0.00311917000000000
-0.00427728000000000
-0.00509033000000000
-0.00664176000000000
-0.00883921000000000
-0.00911796000000000
-0.00742629000000000
-0.00515568000000000
-0.00294761000000000
-0.00137354000000000
0.000359251000000000
0.00324954000000000
0.00658305000000000
0.00911593000000000
0.0103104000000000
0.0105681000000000
0.0113871000000000
0.0117345000000000
0.0101925000000000
0.00809366000000000
0.00594680000000000
0.00419657000000000
0.00251151000000000
0.000358981000000000
-0.00117179000000000
-0.00262155000000000
-0.00392456000000000
-0.00463975000000000
-0.00586987000000000
-0.00697443000000000
-0.00633473000000000
-0.00457009000000000
-0.00182066000000000
0.00216989000000000
0.00599971000000000
0.00990131000000000
0.0136859000000000
0.0165203000000000
0.0179927000000000
0.0179845000000000
0.0158048000000000
0.0129334000000000
0.0104734000000000
0.00812376000000000
0.00584651000000000
0.00303122000000000
0.00109624000000000
0.00160920000000000
0.00342732000000000
0.00541947000000000
0.00687037000000000
0.00845598000000000
0.0110831000000000
0.0136736000000000
0.0148490000000000
0.0157316000000000
0.0169670000000000
0.0164893000000000
0.0134866000000000
0.00855082000000000
0.00243152000000000
-0.00273182000000000
-0.00555694000000000
-0.00772430000000000
-0.0100613000000000
-0.0115251000000000
-0.0120117000000000
-0.0113277000000000
-0.00997985000000000
-0.00893898000000000
-0.00783689000000000
-0.00676552000000000
-0.00664597000000000
-0.00701571000000000
-0.00744419000000000
-0.00831757000000000
-0.00862132000000000
-0.00764330000000000
-0.00684379000000000
-0.00615070000000000
-0.00522738000000000
-0.00425033000000000
-0.00262200000000000
-0.000200601000000000
0.000980292000000000
0.000843844000000000
0.00129542000000000
0.00108220000000000
4.35613000000000e-05
-0.000862538000000000
-0.00268085000000000
-0.00464388000000000
-0.00452701000000000
-0.00408999000000000
-0.00423586000000000
-0.00335418000000000
-0.00175915000000000
-0.000335452000000000
0.000930685000000000
0.00141527000000000
0.000939982000000000
0.000534805000000000
0.000165402000000000
-0.00143736000000000
-0.00435855000000000
-0.00732465000000000
-0.00853507000000000
-0.00759746000000000
-0.00726207000000000
-0.00797088000000000
-0.00794582000000000
-0.00671521000000000
-0.00465961000000000
-0.00222279000000000
-0.000658697000000000
-0.000609021000000000
-0.000291210000000000
0.000705719000000000
0.00141834000000000
0.00162747000000000
0.000746300000000000
-8.31814000000000e-05
0.000893848000000000
0.00185140000000000
0.00158041000000000
0.00149519000000000
0.00196663000000000
0.00203101000000000
0.00153752000000000
0.000873351000000000
0.000332153000000000
0.000423425000000000
0.000788994000000000
8.98599000000000e-05
-0.000963173000000000
-0.00156749000000000
-0.00185055000000000
-0.00120951000000000
-6.77695000000000e-05
0.00158665000000000
0.00406301000000000
0.00666114000000000
0.00874044000000000
0.00972839000000000
0.00877270000000000
0.00650526000000000
0.00398332000000000
0.00203795000000000
1.26935000000000e-05
-0.00140143000000000
-0.000901293000000000
0.000354787000000000
0.00157366000000000
0.00276890000000000
0.00345384000000000
0.00342400000000000
0.00314265000000000
0.00301006000000000
0.00294381000000000
0.00246449000000000
0.00141995000000000
0.000810383000000000
0.00184662000000000
0.00422980000000000
0.00701552000000000
0.00946354000000000
0.0111025000000000
0.0121979000000000
0.0117855000000000
0.00918591000000000
0.00582804000000000
0.00353576000000000
0.00182314000000000
-0.000138040000000000
-0.00211106000000000
-0.00441323000000000
-0.00586917000000000
-0.00528405000000000
-0.00428153000000000
-0.00377906000000000
-0.00386403000000000
-0.00477762000000000
-0.00534910000000000
-0.00601245000000000
-0.00724599000000000
-0.00798260000000000
-0.00814262000000000
-0.00786390000000000
-0.00742615000000000
-0.00779751000000000
-0.00873208000000000
-0.00962953000000000
-0.0102425000000000
-0.0103436000000000
-0.0105014000000000
-0.0122282000000000
-0.0144655000000000
-0.0148886000000000
-0.0141190000000000
-0.0128116000000000
-0.0103023000000000
-0.00799521000000000
-0.00641200000000000
-0.00387567000000000
-0.00201965000000000
-0.00120493000000000
0.000482967000000000
0.00199749000000000
0.00164728000000000
0.00185984000000000
0.00344040000000000
0.00482916000000000
0.00615326000000000
0.00595383000000000
0.00456910000000000
0.00413593000000000
0.00435616000000000
0.00453391000000000
0.00466237000000000
0.00415179000000000
0.00294886000000000
0.00238533000000000
0.00286073000000000
0.00319974000000000
0.00282332000000000
0.00231146000000000
0.00254805000000000
0.00355553000000000
0.00547916000000000
0.00754714000000000
0.00832099000000000
0.00846458000000000
0.00967899000000000
0.00947702000000000
0.00718948000000000
0.00567818000000000
0.00541297000000000
0.00583972000000000
0.00684078000000000
0.00755367000000000
0.00715787000000000
0.00693196000000000
0.00669046000000000
0.00588911000000000
0.00511465000000000
0.00376587000000000
0.00169348000000000
3.32786000000000e-05
-0.00123224000000000
-0.00175098000000000
-0.00147986000000000
-0.000984556000000000
0.000389990000000000
0.00132900000000000
0.00153817000000000
0.00196433000000000
0.00313787000000000
0.00463314000000000
0.00577654000000000
0.00543345000000000
0.00411580000000000
0.00310931000000000
0.00156385000000000
-0.000186995000000000
-0.00113983000000000
-0.00148660000000000
-0.00140335000000000
-0.000722554000000000
-0.000412520000000000
0.000350024000000000
0.00166061000000000
0.00172440000000000
0.00174912000000000
0.000937395000000000
-0.000996924000000000
-0.00288687000000000
-0.00397407000000000
-0.00397847000000000
-0.00346955000000000
-0.00439849000000000
-0.00622610000000000
-0.00635756000000000
-0.00572547000000000
-0.00562614000000000
-0.00515398000000000
-0.00467494000000000
-0.00471089000000000
-0.00392439000000000
-0.00312239000000000
-0.00234072000000000
-0.00166644000000000
-0.00242394000000000
-0.00382903000000000
-0.00595599000000000
-0.00898717000000000
-0.0111465000000000
-0.0113701000000000
-0.0106339000000000
-0.0101788000000000
-0.0100954000000000
-0.0103142000000000
-0.0110563000000000
-0.0108434000000000
-0.00961476000000000
-0.00870484000000000
-0.00840512000000000
-0.00832227000000000
-0.00791431000000000
-0.00775644000000000
-0.00802121000000000
-0.00812780000000000
-0.00790018000000000
-0.00759192000000000
-0.00728088000000000
-0.00621944000000000
-0.00445197000000000
-0.00358091000000000
-0.00254496000000000
-0.00172955000000000
-0.00224606000000000
-0.00239195000000000
-0.00149124000000000
-8.28508000000000e-05
0.00128161000000000
0.00200622000000000
0.00163680000000000
0.00167281000000000
0.00196018000000000
0.00140864000000000
0.000577943000000000
0.00143880000000000
0.00276409000000000
0.00386308000000000
0.00471088000000000
0.00508396000000000
0.00564561000000000
0.00694750000000000
0.00842775000000000
0.00860333000000000
0.00869325000000000
0.00995259000000000
0.0105346000000000
0.0108583000000000
0.0116411000000000
0.0107100000000000
0.00860132000000000
0.00705253000000000
0.00584781000000000
0.00449065000000000
0.00365653000000000
0.00291734000000000
0.00216364000000000
0.00127635000000000
-0.000294237000000000
-0.00170206000000000
-0.00130995000000000
0.000154398000000000
0.00169439000000000
0.00276693000000000
0.00351941000000000
0.00442983000000000
0.00571403000000000
0.00659322000000000
0.00679836000000000
0.00727853000000000
0.00771291000000000
0.00756823000000000
0.00680964000000000
0.00499951000000000
0.00332369000000000
0.00258272000000000
0.00207617000000000
0.00239813000000000
0.00168384000000000
-0.00129002000000000
-0.00416843000000000
-0.00531656000000000
-0.00552286000000000
-0.00650551000000000
-0.00751016000000000
-0.00684199000000000
-0.00518073000000000
-0.00378317000000000
-0.00363756000000000
-0.00408990000000000
-0.00360396000000000
-0.00167174000000000
0.00104585000000000
0.00209612000000000
0.00110096000000000
-0.000357150000000000
-0.000745209000000000
0.000291769000000000
0.00134135000000000
0.00177413000000000
0.00176686000000000
0.00159405000000000
0.000721611000000000
-0.000801545000000000
-0.00164500000000000
-0.00157428000000000
-0.00175225000000000
-0.000726212000000000
0.00189857000000000
0.00342852000000000
0.00357483000000000
0.00406451000000000
0.00518381000000000
0.00590754000000000
0.00553366000000000
0.00544335000000000
0.00653040000000000
0.00708659000000000
0.00603487000000000
0.00476691000000000
0.00510060000000000
0.00541966000000000
0.00519325000000000
0.00483645000000000
0.00384681000000000
0.00226915000000000
0.00182182000000000
0.00256391000000000
0.00331766000000000
0.00390118000000000
0.00379061000000000
0.00401038000000000
0.00505290000000000
0.00586082000000000
0.00663919000000000
0.00774119000000000
0.00783841000000000
0.00793091000000000
0.00765716000000000
0.00546088000000000
0.00248615000000000
0.000628322000000000
4.22971000000000e-05
-0.000579445000000000
-0.00130872000000000
-0.00196577000000000
-0.00237067000000000
-0.00265603000000000
-0.00322706000000000
-0.00275357000000000
-0.00120852000000000
-0.000429047000000000
-0.000447052000000000
-0.00151947000000000
-0.00331705000000000
-0.00420852000000000
-0.00426027000000000
-0.00397019000000000
-0.00459874000000000
-0.00628319000000000
-0.00765349000000000
-0.00838883000000000
-0.00964182000000000
-0.0112883000000000
-0.0123133000000000
-0.0130235000000000
-0.0132080000000000
-0.0132478000000000
-0.0132133000000000
-0.0118690000000000
-0.0100181000000000
-0.00922832000000000
-0.00931755000000000
-0.00938180000000000
-0.00886086000000000
-0.00781579000000000
-0.00701220000000000
-0.00515346000000000
-0.00326776000000000
-0.00377526000000000
-0.00525593000000000
-0.00598339000000000
-0.00575661000000000
-0.00582867000000000
-0.00639073000000000
-0.00638281000000000
-0.00516601000000000
-0.00395095000000000
-0.00347062000000000
-0.00209562000000000
-0.000114530000000000
0.000583870000000000
-5.34113000000000e-05
-0.000940090000000000
-0.000534389000000000
0.000947876000000000
0.00131201000000000
0.00179581000000000
0.00247779000000000
0.00269022000000000
0.00347173000000000
0.00505831000000000
0.00670621000000000
0.00735615000000000
0.00770061000000000
0.00813655000000000
0.00842067000000000
0.00743098000000000
0.00478050000000000
0.00273488000000000
0.00175380000000000
0.000487050000000000
0.000311637000000000
0.000827975000000000
0.000627955000000000
0.000953642000000000
0.00165089000000000
0.00235370000000000
0.00300262000000000
0.00308189000000000
0.00273332000000000
0.00231008000000000
0.00137221000000000
0.000156679000000000
-6.33669000000000e-05
0.000559563000000000
0.00114593000000000
0.00185994000000000
0.00256120000000000
0.00311756000000000
0.00359391000000000
0.00392455000000000
0.00505056000000000
0.00569290000000000
0.00486861000000000
0.00390650000000000
0.00348295000000000
0.00457693000000000
0.00577740000000000
0.00469977000000000
0.00277604000000000
0.00212620000000000
0.00281539000000000
0.00351463000000000
0.00336198000000000
0.00261883000000000
0.00258473000000000
0.00382767000000000
0.00546042000000000
0.00668938000000000
0.00699596000000000
0.00668641000000000
0.00674665000000000
0.00597155000000000
0.00363471000000000
0.00158328000000000
0.000870128000000000
0.000904795000000000
0.000287378000000000
-0.00114827000000000
-0.00185151000000000
-0.00108630000000000
-3.09634000000000e-05
0.000362718000000000
0.000945797000000000
0.00123425000000000
0.000787918000000000
0.00139267000000000
0.00204328000000000
0.000927815000000000
-0.000424509000000000
-0.000623107000000000
-0.000224496000000000
-0.000265280000000000
-0.000325560000000000
0.000119900000000000
0.000993012000000000
0.00215399000000000
0.00254922000000000
0.00233856000000000
0.00203205000000000
0.00120565000000000
0.000182078000000000
-0.000666401000000000
-0.00130060000000000
-0.00139187000000000
-0.00160496000000000
-0.00255434000000000
-0.00329145000000000
-0.00365921000000000
-0.00401614000000000
-0.00383003000000000
-0.00259498000000000
-0.00171152000000000
-0.00241142000000000
-0.00327711000000000
-0.00301077000000000
-0.00263556000000000
-0.00330191000000000
-0.00478103000000000
-0.00603966000000000
-0.00626598000000000
-0.00543679000000000
-0.00482950000000000
-0.00463959000000000
-0.00432400000000000
-0.00393095000000000
-0.00333425000000000
-0.00272085000000000
-0.00223054000000000
-0.00162173000000000
-0.000837364000000000
-0.000608178000000000
-0.00155413000000000
-0.00251344000000000
-0.00284643000000000
-0.00256770000000000
-0.00162516000000000
-0.000979545000000000
-0.00156363000000000
-0.00216609000000000
-0.00181192000000000
-0.00160227000000000
-0.00215945000000000
-0.00262669000000000
-0.00288870000000000
-0.00340741000000000
-0.00376964000000000
-0.00368499000000000
-0.00294849000000000
-0.00249292000000000
-0.00244981000000000
-0.00182162000000000
-0.000647110000000000
0.000431266000000000
0.00130309000000000
0.00172394000000000
0.00141806000000000
0.000878363000000000
0.000953058000000000
0.00156551000000000
0.00193899000000000
0.00192267000000000
0.00158531000000000
0.00125777000000000
0.000936342000000000
0.000570220000000000
0.000588401000000000
0.000586334000000000
1.96885000000000e-05
-0.000560831000000000
-0.000744100000000000
-0.000723722000000000
-0.00103871000000000
-0.00164620000000000
-0.00210291000000000
-0.00185142000000000
-0.00110594000000000
-0.000606722000000000
-0.000317153000000000
1.33067000000000e-05
0.000642447000000000
0.00167617000000000
0.00224276000000000
0.00171743000000000
0.00115223000000000
0.00104842000000000
0.00119119000000000
0.00139751000000000
0.00141856000000000
0.00140568000000000
0.00154671000000000
0.00187238000000000
0.00213006000000000
0.00217450000000000
0.00195950000000000
0.00155397000000000
0.00134812000000000
0.00141784000000000
0.00164399000000000
0.00169467000000000
0.00149715000000000
0.00166378000000000
0.00222971000000000
0.00245852000000000
0.00246107000000000
0.00260786000000000
0.00255281000000000
0.00216968000000000
0.00179028000000000
0.00151174000000000
0.00129033000000000
0.00113979000000000
0.000942457000000000
0.000732681000000000
0.000464293000000000
0.000205864000000000
0.000203820000000000
0.000178927000000000
-1.31181000000000e-05
-9.45087000000000e-05
-5.01983000000000e-05
-4.69258000000000e-05
-0.000147849000000000
-0.000269505000000000
-0.000247911000000000
-2.82974000000000e-05
0.000209401000000000
0.000390338000000000
0.000541759000000000
0.000515999000000000
0.000430276000000000
0.000431099000000000
0.000448569000000000
0.000358639000000000
0.000174978000000000
-4.00221000000000e-05
-0.000159563000000000
-0.000253789000000000
-0.000440569000000000
-0.000588529000000000
-0.000563445000000000
-0.000534304000000000
-0.000538648000000000
-0.000489597000000000
-0.000368734000000000
-0.000189985000000000
-8.13537000000000e-05
-5.24335000000000e-05
-1.86588000000000e-05
-5.18073000000000e-07
-3.66106000000000e-05
-6.87077000000000e-05
-9.15628000000000e-05
-0.000125844000000000
-0.000176334000000000
-0.000219138000000000
-0.000190417000000000
-0.000237138000000000
-0.000432079000000000
-0.000602775000000000
-0.000651204000000000
-0.000679423000000000
-0.000768835000000000
-0.000846916000000000
-0.000873266000000000
-0.000838117000000000
-0.000749360000000000
-0.000648980000000000
-0.000551387000000000
-0.000456466000000000
-0.000386688000000000
-0.000350614000000000
-0.000344753000000000
-0.000366253000000000
-0.000394514000000000
-0.000423813000000000
-0.000424918000000000
-0.000398397000000000
-0.000370740000000000
-0.000350750000000000
-0.000329286000000000
-0.000297534000000000
-0.000272501000000000
-0.000267913000000000
-0.000268296000000000
-0.000244346000000000
-0.000217519000000000
-0.000212101000000000
-0.000209427000000000
-0.000198733000000000
-0.000187755000000000
-0.000170555000000000
-0.000148872000000000
-0.000134514000000000
-0.000115349000000000
-8.65810000000000e-05
-5.75074000000000e-05
-4.72938000000000e-05
-5.79225000000000e-05
-6.29794000000000e-05
-4.71049000000000e-05
-2.90109000000000e-05
-2.65244000000000e-05
-2.60871000000000e-05
-1.99605000000000e-05
-1.40465000000000e-05
-1.23924000000000e-05
-1.06664000000000e-05
-3.49898000000000e-06
5.34461000000000e-06
8.92678000000000e-06
7.46685000000000e-06
3.28812000000000e-06
-3.09156000000000e-06
-8.16679000000000e-06
-8.89829000000000e-06
-7.00440000000000e-06
-4.17699000000000e-06
-7.49064000000000e-07
3.14674000000000e-06
7.59027000000000e-06
1.15967000000000e-05
1.41421000000000e-05
1.60598000000000e-05
1.85486000000000e-05
2.10074000000000e-05
2.27625000000000e-05
2.39328000000000e-05
2.50440000000000e-05
2.69071000000000e-05
2.92237000000000e-05
3.09353000000000e-05
3.22482000000000e-05
3.37394000000000e-05
3.51904000000000e-05
3.65198000000000e-05
3.78337000000000e-05
3.90876000000000e-05
4.02167000000000e-05
4.12733000000000e-05
4.22576000000000e-05
4.31421000000000e-05
4.39211000000000e-05
4.46382000000000e-05
4.53379000000000e-05
4.60134000000000e-05
4.66417000000000e-05
4.72175000000000e-05
4.77453000000000e-05
4.82292000000000e-05
4.86684000000000e-05
4.90601000000000e-05
4.94028000000000e-05
4.96963000000000e-05
0
0
0
0