-5.56187000000000e-06
-5.52146000000000e-06
-5.44615000000000e-06
-5.36869000000000e-06
-5.30111000000000e-06
-5.31883000000000e-06
-5.27898000000000e-06
-5.12305000000000e-06
-5.13981000000000e-06
-5.47859000000000e-06
-5.84220000000000e-06
-5.90311000000000e-06
-5.41984000000000e-06
-4.31650000000000e-06
-3.40347000000000e-06
-3.69323000000000e-06
-4.33946000000000e-06
-4.97075000000000e-06
-6.59116000000000e-06
-7.24596000000000e-06
-5.84278000000000e-06
-4.29576000000000e-06
-5.57120000000000e-06
-7.53441000000000e-06
-8.06166000000000e-06
-8.22191000000000e-06
-7.03813000000000e-06
-5.40308000000000e-06
-4.15696000000000e-06
-3.35272000000000e-06
-6.35039000000000e-06
-7.31409000000000e-06
-3.80723000000000e-06
-5.23261000000000e-06
-6.65959000000000e-06
-5.64146000000000e-06
-6.72955000000000e-06
-8.43452000000000e-06
-7.28360000000000e-06
-4.47784000000000e-06
-3.96331000000000e-06
-5.89359000000000e-06
-5.27735000000000e-06
-1.42513000000000e-05
-2.09489000000000e-05
-1.32116000000000e-05
2.06130000000000e-06
8.03294000000000e-06
4.81478000000000e-08
-3.24996000000000e-06
-7.33855000000000e-06
-1.25097000000000e-05
-6.90261000000000e-07
1.30889000000000e-05
1.43188000000000e-05
7.72472000000000e-06
3.04063000000000e-07
-1.58187000000000e-05
-3.74345000000000e-05
-4.38927000000000e-05
-1.37317000000000e-05
2.33670000000000e-05
1.23655000000000e-05
-1.76974000000000e-05
-1.63010000000000e-05
1.44617000000000e-05
2.56901000000000e-05
2.17454000000000e-05
2.37046000000000e-05
2.63292000000000e-05
2.13263000000000e-05
-8.92566000000000e-06
-3.06070000000000e-05
-2.02232000000000e-05
-7.13307000000000e-06
-2.92878000000000e-05
-6.77559000000000e-05
-6.35181000000000e-05
-3.28387000000000e-05
-1.56395000000000e-05
-2.30503000000000e-05
-1.71155000000000e-05
2.46854000000000e-05
6.45302000000000e-05
5.11618000000000e-05
-1.35455000000000e-05
-3.93935000000000e-05
-2.83085000000000e-05
-1.75222000000000e-05
9.90752000000000e-06
5.69738000000000e-05
8.47744000000000e-05
3.66989000000000e-05
-1.98802000000000e-05
-3.36741000000000e-05
6.07815000000000e-06
3.65837000000000e-05
-1.18268000000000e-05
-7.34322000000000e-05
-6.14884000000000e-05
2.21310000000000e-06
1.05209000000000e-05
-4.99873000000000e-05
-5.46741000000000e-05
-2.09778000000000e-05
-2.65458000000000e-05
-1.40582000000000e-05
2.30835000000000e-06
9.78050000000000e-06
1.28828000000000e-05
2.88019000000000e-06
2.51578000000000e-05
7.07720000000000e-05
4.87195000000000e-05
-8.16297000000000e-05
-0.000125192000000000
-1.15451000000000e-05
5.98636000000000e-05
1.95636000000000e-05
-8.70719000000000e-07
2.41619000000000e-05
3.83103000000000e-05
1.45989000000000e-05
-4.21630000000000e-05
-6.82970000000000e-05
-5.14605000000000e-05
-5.52162000000000e-06
1.20068000000000e-05
-4.79484000000000e-05
-7.99966000000000e-05
-3.33675000000000e-05
-4.30582000000000e-05
-4.53828000000000e-05
1.98242000000000e-05
1.91298000000000e-05
-7.12853000000000e-05
-0.000121027000000000
-6.75652000000000e-05
-1.08264000000000e-05
-2.64651000000000e-06
1.60341000000000e-05
3.54088000000000e-05
4.29294000000000e-05
1.44583000000000e-05
-6.60981000000000e-05
-0.000131468000000000
-5.63486000000000e-05
0.000141208000000000
0.000260277000000000
0.000251916000000000
0.000173020000000000
5.18953000000000e-05
-1.58592000000000e-05
3.02485000000000e-05
7.88986000000000e-05
4.84238000000000e-05
2.10329000000000e-05
3.76904000000000e-05
6.43787000000000e-05
0.000100100000000000
8.80416000000000e-05
-1.81195000000000e-05
-7.38637000000000e-05
-9.67086000000000e-06
1.27952000000000e-05
-4.33689000000000e-05
-0.000130685000000000
-0.000215886000000000
-0.000189088000000000
-3.11148000000000e-05
7.95339000000000e-05
7.03026000000000e-05
3.29170000000000e-05
3.20489000000000e-05
3.61767000000000e-05
-3.78896000000000e-06
-4.19749000000000e-05
-5.19435000000000e-05
-4.89379000000000e-05
-7.30431000000000e-05
-9.35227000000000e-05
-5.29277000000000e-05
1.40575000000000e-05
-1.30428000000000e-05
-7.40180000000000e-05
2.97537000000000e-06
4.53723000000000e-05
8.70441000000000e-06
2.78791000000000e-06
-4.48432000000000e-05
-9.98695000000000e-05
-8.16488000000000e-05
-0.000199829000000000
-0.000293177000000000
-0.000172447000000000
4.62542000000000e-05
0.000102553000000000
3.29888000000000e-05
-1.74094000000000e-05
-2.13324000000000e-05
-2.32870000000000e-05
-8.00885000000000e-05
-0.000141674000000000
-6.74613000000000e-05
4.52262000000000e-05
-8.67333000000000e-05
-0.000234407000000000
-0.000153233000000000
-4.44309000000000e-05
-4.90187000000000e-05
-2.64381000000000e-05
2.65445000000000e-05
1.69006000000000e-05
-8.20648000000000e-06
-4.71422000000000e-05
-0.000146407000000000
-0.000165830000000000
2.95678000000000e-05
0.000170650000000000
0.000152209000000000
0.000126982000000000
7.37059000000000e-05
1.87077000000000e-05
6.48570000000000e-05
0.000181000000000000
0.000205301000000000
0.000136299000000000
6.78583000000000e-05
5.12850000000000e-06
-2.80205000000000e-06
9.05631000000000e-05
0.000131168000000000
2.46927000000000e-05
9.09889000000000e-06
9.65111000000000e-05
0.000134370000000000
3.15581000000000e-05
-9.11820000000000e-05
-8.92111000000000e-05
1.90863000000000e-05
9.61494000000000e-05
6.63922000000000e-05
2.43847000000000e-05
2.28431000000000e-06
9.27550000000000e-06
-1.74239000000000e-05
-2.24976000000000e-05
-2.49585000000000e-06
-2.72030000000000e-05
-6.78155000000000e-05
-1.37731000000000e-05
0.000117698000000000
9.52733000000000e-05
-7.51313000000000e-05
-0.000228752000000000
-0.000187981000000000
8.12176000000000e-05
0.000216605000000000
9.41003000000000e-05
-9.02777000000000e-06
0.000117357000000000
0.000230800000000000
0.000178831000000000
7.77606000000000e-06
-0.000106075000000000
-9.62028000000000e-06
0.000138767000000000
0.000111059000000000
9.03490000000000e-06
5.10734000000000e-05
0.000111302000000000
0.000119692000000000
0.000119581000000000
0.000163327000000000
0.000226250000000000
0.000129093000000000
-0.000122930000000000
-0.000210002000000000
-5.87181000000000e-05
9.07590000000000e-05
7.55406000000000e-05
3.02852000000000e-06
8.26996000000000e-05
0.000209720000000000
0.000155293000000000
2.25012000000000e-05
-5.45645000000000e-05
-8.71650000000000e-06
9.86062000000000e-05
0.000120583000000000
8.42587000000000e-06
-0.000113766000000000
-7.27816000000000e-05
8.52140000000000e-05
0.000108200000000000
3.15745000000000e-05
-9.30340000000000e-06
-1.97373000000000e-05
-3.35579000000000e-05
-1.18013000000000e-05
1.42391000000000e-05
6.17116000000000e-06
1.29305000000000e-06
-3.34043000000000e-05
-6.85009000000000e-05
-2.68493000000000e-05
1.82616000000000e-05
-9.81850000000000e-06
-4.48320000000000e-05
-2.99786000000000e-05
-2.40911000000000e-06
-1.96261000000000e-05
-1.98413000000000e-07
0.000101235000000000
-1.37219000000000e-05
-0.000398656000000000
-0.000427566000000000
-7.08828000000000e-05
0.000117345000000000
2.90758000000000e-05
-6.49268000000000e-05
-4.06792000000000e-05
8.42259000000000e-05
0.000171609000000000
8.58212000000000e-05
-2.82805000000000e-05
2.73062000000000e-05
7.19131000000000e-05
5.29298000000000e-05
7.34611000000000e-06
-7.08058000000000e-05
-7.19497000000000e-05
1.07729000000000e-05
8.84914000000000e-05
0.000113062000000000
-2.69095000000000e-05
-0.000134453000000000
-0.000103056000000000
-0.000100053000000000
-0.000142522000000000
-8.53084000000000e-05
4.71721000000000e-05
0.000116872000000000
0.000152675000000000
0.000137008000000000
6.92727000000000e-05
-1.72068000000000e-05
3.03842000000000e-05
0.000111786000000000
0.000140981000000000
8.63587000000000e-05
-7.93988000000000e-05
-0.000104154000000000
-8.44940000000000e-05
-0.000197324000000000
-0.000259697000000000
-0.000114568000000000
7.90030000000000e-05
0.000129931000000000
3.93128000000000e-05
-4.89007000000000e-05
-2.42609000000000e-05
3.23884000000000e-05
3.73274000000000e-05
-1.18265000000000e-05
-8.54253000000000e-05
-0.000145637000000000
-8.63674000000000e-05
4.16852000000000e-05
0.000182404000000000
0.000203805000000000
5.16544000000000e-05
-5.91799000000000e-05
-5.17621000000000e-05
-3.08581000000000e-05
-1.54845000000000e-05
-1.52949000000000e-05
2.82262000000000e-05
8.10444000000000e-05
9.25139000000000e-05
7.07661000000000e-05
7.81696000000000e-05
6.60637000000000e-05
-1.66482000000000e-05
-9.02665000000000e-05
-0.000102739000000000
-3.16229000000000e-05
6.30711000000000e-05
1.38984000000000e-05
-0.000120407000000000
-0.000164888000000000
-4.33782000000000e-06
0.000250743000000000
0.000302093000000000
0.000135209000000000
-1.59924000000000e-05
1.48073000000000e-05
9.37983000000000e-05
2.49635000000000e-05
-0.000107572000000000
-0.000113898000000000
-5.32986000000000e-05
-3.62210000000000e-05
-8.27515000000000e-05
-8.72938000000000e-05
-4.96780000000000e-05
-2.27003000000000e-05
4.85590000000000e-05
7.74069000000000e-05
6.37831000000000e-05
7.48859000000000e-05
8.42004000000000e-05
-2.46696000000000e-05
-0.000167107000000000
-0.000101170000000000
0.000118826000000000
0.000199653000000000
3.25586000000000e-05
-0.000126209000000000
-7.57938000000000e-05
7.80533000000000e-05
5.69316000000000e-05
-2.30984000000000e-05
-3.40760000000000e-06
-3.05878000000000e-06
1.93012000000000e-05
4.65896000000000e-05
6.82656000000000e-05
5.19828000000000e-05
1.59962000000000e-05
4.53755000000000e-05
-7.70859000000000e-05
-0.000429691000000000
-0.000476767000000000
-0.000155663000000000
0.000113933000000000
8.35218000000000e-05
-9.31952000000000e-05
-0.000189670000000000
-0.000147835000000000
-7.50131000000000e-05
-3.91435000000000e-05
-1.96739000000000e-05
-3.56264000000000e-05
5.31371000000000e-06
7.65503000000000e-05
0.000120703000000000
0.000130082000000000
5.57359000000000e-05
-5.95338000000000e-05
-0.000140503000000000
-0.000145374000000000
-3.72660000000000e-05
0.000103531000000000
0.000151213000000000
0.000114906000000000
9.06098000000000e-05
5.00258000000000e-05
-9.61668000000000e-05
-0.000219270000000000
-0.000147461000000000
4.26916000000000e-05
8.18546000000000e-05
-7.27026000000000e-05
-0.000153646000000000
-9.41932000000000e-05
-0.000103301000000000
-0.000173038000000000
-8.33148000000000e-05
0.000146090000000000
0.000206094000000000
5.80830000000000e-05
-2.64877000000000e-05
2.11277000000000e-05
4.11988000000000e-05
-0.000133848000000000
-0.000226725000000000
-8.58873000000000e-05
0.000139688000000000
0.000175535000000000
3.65444000000000e-05
5.79305000000000e-05
0.000116625000000000
-2.86548000000000e-05
-0.000294042000000000
-0.000249397000000000
-6.58155000000000e-05
-5.48914000000000e-05
-0.000152019000000000
-0.000244556000000000
-0.000177244000000000
-2.59078000000000e-05
4.89110000000000e-05
9.03962000000000e-06
4.91930000000000e-05
0.000111135000000000
0.000120203000000000
7.87981000000000e-05
1.04046000000000e-05
-2.22591000000000e-05
-2.73800000000000e-05
-5.71763000000000e-05
-0.000123370000000000
-0.000118674000000000
-2.80604000000000e-05
5.39173000000000e-05
7.66356000000000e-05
-3.90076000000000e-06
-8.39480000000000e-05
-2.32046000000000e-05
4.40463000000000e-05
8.64786000000000e-06
-5.66260000000000e-05
-0.000100232000000000
-0.000146199000000000
-0.000191882000000000
-0.000184624000000000
-0.000165145000000000
-0.000138003000000000
-0.000129685000000000
-0.000188053000000000
-0.000294935000000000
-0.000399146000000000
-0.000402810000000000
-0.000256994000000000
-8.04348000000000e-05
8.65303000000000e-07
-2.29941000000000e-05
-9.45033000000000e-05
-0.000217461000000000
-0.000234492000000000
-9.60502000000000e-05
-9.77031000000000e-06
-2.36088000000000e-05
-1.09241000000000e-05
9.23848000000000e-05
0.000147165000000000
8.59296000000000e-05
7.35063000000000e-05
0.000174194000000000
0.000249850000000000
0.000163384000000000
8.77354000000000e-05
3.42098000000000e-05
-0.000135972000000000
-0.000272417000000000
-0.000249223000000000
-0.000209111000000000
-0.000288668000000000
-0.000579293000000000
-0.000636282000000000
-0.000273006000000000
8.64024000000000e-05
0.000155733000000000
-5.09214000000000e-05
-0.000342015000000000
-0.000562821000000000
-0.000543549000000000
-0.000212502000000000
0.000318722000000000
0.000833223000000000
0.000890188000000000
0.000390640000000000
-0.000267758000000000
-0.000712818000000000
-0.000846036000000000
-0.000770159000000000
-0.000709265000000000
-0.000803581000000000
-0.000982994000000000
-0.00112667000000000
-0.00119399000000000
-0.00115227000000000
-0.000926751000000000
-0.000522934000000000
-0.000275322000000000
-0.000489293000000000
-0.00117109000000000
-0.00179960000000000
-0.00182060000000000
-0.00135593000000000
-0.000939754000000000
-0.000787669000000000
-0.000712608000000000
-0.000593143000000000
-0.000422447000000000
-9.62809000000000e-05
0.000340648000000000
0.000596810000000000
0.000562955000000000
0.000385551000000000
0.000335560000000000
0.000686389000000000
0.00162203000000000
0.00275498000000000
0.00333746000000000
0.00311948000000000
0.00228055000000000
0.000993336000000000
-0.000319267000000000
-0.00117822000000000
-0.00153919000000000
-0.00170821000000000
-0.00191101000000000
-0.00198114000000000
-0.00175406000000000
-0.00140873000000000
-0.00100427000000000
-0.000556178000000000
-0.000536939000000000
-0.00139199000000000
-0.00278020000000000
-0.00381116000000000
-0.00379395000000000
-0.00271851000000000
-0.00112397000000000
0.000491720000000000
0.00154549000000000
0.00168136000000000
0.00107932000000000
0.000246601000000000
-0.000139637000000000
0.000178560000000000
0.000923048000000000
0.00177527000000000
0.00273456000000000
0.00375320000000000
0.00425725000000000
0.00401256000000000
0.00329682000000000
0.00246346000000000
0.00159074000000000
0.000720112000000000
0.000289423000000000
0.000845118000000000
0.00246660000000000
0.00436102000000000
0.00564749000000000
0.00605788000000000
0.00547808000000000
0.00397414000000000
0.00197818000000000
0.000110162000000000
-0.00137118000000000
-0.00255931000000000
-0.00346116000000000
-0.00393433000000000
-0.00383214000000000
-0.00320827000000000
-0.00228739000000000
-0.00132125000000000
-0.000433096000000000
0.000424321000000000
0.00117244000000000
0.00177742000000000
0.00236805000000000
0.00297121000000000
0.00333696000000000
0.00338658000000000
0.00301978000000000
0.00236164000000000
0.00194978000000000
0.00193258000000000
0.00200956000000000
0.00203128000000000
0.00212353000000000
0.00212851000000000
0.00182935000000000
0.00104971000000000
-0.000304760000000000
-0.00199710000000000
-0.00354516000000000
-0.00455104000000000
-0.00460578000000000
-0.00349193000000000
-0.00186275000000000
-0.000751895000000000
-0.000633343000000000
-0.00132846000000000
-0.00241361000000000
-0.00326385000000000
-0.00362212000000000
-0.00363488000000000
-0.00349442000000000
-0.00336244000000000
-0.00330928000000000
-0.00357430000000000
-0.00427805000000000
-0.00532490000000000
-0.00645714000000000
-0.00698200000000000
-0.00611147000000000
-0.00353328000000000
0.000394072000000000
0.00474096000000000
0.00827668000000000
0.00973491000000000
0.00852248000000000
0.00506741000000000
0.000719868000000000
-0.00295017000000000
-0.00499427000000000
-0.00511530000000000
-0.00355513000000000
-0.00104686000000000
0.00155167000000000
0.00370704000000000
0.00530761000000000
0.00646350000000000
0.00714690000000000
0.00720705000000000
0.00654753000000000
0.00518307000000000
0.00337690000000000
0.00120787000000000
-0.00102083000000000
-0.00251019000000000
-0.00288108000000000
-0.00264636000000000
-0.00237546000000000
-0.00253048000000000
-0.00347092000000000
-0.00509110000000000
-0.00695733000000000
-0.00862866000000000
-0.00952708000000000
-0.00909896000000000
-0.00738638000000000
-0.00523514000000000
-0.00357253000000000
-0.00280033000000000
-0.00298624000000000
-0.00369010000000000
-0.00372992000000000
-0.00195871000000000
0.00194820000000000
0.00728931000000000
0.0127810000000000
0.0171030000000000
0.0194028000000000
0.0194707000000000
0.0176392000000000
0.0149126000000000
0.0122299000000000
0.00988583000000000
0.00793372000000000
0.00655332000000000
0.00575540000000000
0.00566552000000000
0.00665385000000000
0.00889218000000000
0.0114551000000000
0.0126099000000000
0.0111590000000000
0.00718959000000000
0.00176129000000000
-0.00366927000000000
-0.00769564000000000
-0.00926248000000000
-0.00828053000000000
-0.00557038000000000
-0.00280370000000000
-0.00145034000000000
-0.00196783000000000
-0.00407457000000000
-0.00683553000000000
-0.00915096000000000
-0.0101476000000000
-0.00931327000000000
-0.00661282000000000
-0.00278002000000000
0.000930126000000000
0.00378611000000000
0.00529609000000000
0.00515591000000000
0.00383509000000000
0.00226368000000000
0.000966389000000000
7.55844000000000e-05
-0.000117887000000000
0.000803000000000000
0.00270877000000000
0.00493112000000000
0.00647768000000000
0.00663019000000000
0.00550934000000000
0.00341158000000000
0.000238762000000000
-0.00403785000000000
-0.00854531000000000
-0.0116190000000000
-0.0120308000000000
-0.00970662000000000
-0.00521630000000000
0.000432839000000000
0.00562318000000000
0.00851335000000000
0.00792308000000000
0.00420582000000000
-0.00117393000000000
-0.00681788000000000
-0.0116129000000000
-0.0143524000000000
-0.0136912000000000
-0.00936769000000000
-0.00265741000000000
0.00434642000000000
0.00928824000000000
0.0102393000000000
0.00654639000000000
-0.000813623000000000
-0.00949067000000000
-0.0164221000000000
-0.0192375000000000
-0.0174469000000000
-0.0123194000000000
-0.00590450000000000
-0.000281292000000000
0.00272819000000000
0.00210656000000000
-0.00158117000000000
-0.00647121000000000
-0.0104222000000000
-0.0115664000000000
-0.00950452000000000
-0.00547863000000000
-0.00139298000000000
0.00142058000000000
0.00299412000000000
0.00387438000000000
0.00432133000000000
0.00423569000000000
0.00333880000000000
0.00177231000000000
-9.27925000000000e-05
-0.00175914000000000
-0.00252915000000000
-0.00171192000000000
0.000760146000000000
0.00413710000000000
0.00709315000000000
0.00823416000000000
0.00694793000000000
0.00337010000000000
-0.00147118000000000
-0.00629317000000000
-0.0100388000000000
-0.0123451000000000
-0.0130829000000000
-0.0117973000000000
-0.00830564000000000
-0.00337069000000000
0.00144789000000000
0.00413562000000000
0.00316795000000000
-0.00136364000000000
-0.00768988000000000
-0.0133166000000000
-0.0159673000000000
-0.0144110000000000
-0.00904672000000000
-0.00171731000000000
0.00533453000000000
0.0107161000000000
0.0136827000000000
0.0142533000000000
0.0130988000000000
0.0110440000000000
0.00871759000000000
0.00629652000000000
0.00363614000000000
0.000585727000000000
-0.00244960000000000
-0.00465044000000000
-0.00532543000000000
-0.00389942000000000
-0.000337387000000000
0.00446192000000000
0.00936965000000000
0.0135712000000000
0.0164385000000000
0.0173096000000000
0.0155645000000000
0.0113347000000000
0.00575587000000000
0.000465186000000000
-0.00323466000000000
-0.00511793000000000
-0.00552305000000000
-0.00511473000000000
-0.00477673000000000
-0.00502709000000000
-0.00573515000000000
-0.00612655000000000
-0.00532542000000000
-0.00331760000000000
-0.000887073000000000
0.000967074000000000
0.00145463000000000
0.000304827000000000
-0.00214398000000000
-0.00523427000000000
-0.00837394000000000
-0.0113678000000000
-0.0140847000000000
-0.0156194000000000
-0.0143322000000000
-0.00932685000000000
-0.00135284000000000
0.00736104000000000
0.0137503000000000
0.0155901000000000
0.0126147000000000
0.00642004000000000
-0.000440393000000000
-0.00521644000000000
-0.00668719000000000
-0.00549163000000000
-0.00275826000000000
0.00108156000000000
0.00578313000000000
0.0105412000000000
0.0140986000000000
0.0153556000000000
0.0136722000000000
0.00931803000000000
0.00361205000000000
-0.00147671000000000
-0.00395630000000000
-0.00278875000000000
0.00143566000000000
0.00638018000000000
0.00918005000000000
0.00796758000000000
0.00266254000000000
-0.00504577000000000
-0.0125527000000000
-0.0174697000000000
-0.0182209000000000
-0.0143545000000000
-0.00689953000000000
0.00188308000000000
0.00928863000000000
0.0131079000000000
0.0121084000000000
0.00632126000000000
-0.00264467000000000
-0.0124196000000000
-0.0199344000000000
-0.0224989000000000
-0.0192216000000000
-0.0110349000000000
1.12605000000000e-05
0.0116801000000000
0.0216752000000000
0.0282317000000000
0.0305309000000000
0.0286076000000000
0.0236053000000000
0.0172914000000000
0.0111574000000000
0.00659339000000000
0.00502243000000000
0.00661214000000000
0.00971075000000000
0.0119100000000000
0.0112245000000000
0.00716591000000000
0.000929092000000000
-0.00547150000000000
-0.0103856000000000
-0.0132608000000000
-0.0145856000000000
-0.0151801000000000
-0.0151944000000000
-0.0140849000000000
-0.0116293000000000
-0.00812107000000000
-0.00407998000000000
-0.000222958000000000
0.00271606000000000
0.00412715000000000
0.00346479000000000
0.000898454000000000
-0.00202100000000000
-0.00330461000000000
-0.00228628000000000
0.000264083000000000
0.00316205000000000
0.00556435000000000
0.00725272000000000
0.00824268000000000
0.00859891000000000
0.00857713000000000
0.00797131000000000
0.00592994000000000
0.00190323000000000
-0.00349071000000000
-0.00917609000000000
-0.0144028000000000
-0.0188019000000000
-0.0220589000000000
-0.0236236000000000
-0.0227270000000000
-0.0184151000000000
-0.0104767000000000
-0.000509329000000000
0.00853316000000000
0.0136961000000000
0.0138667000000000
0.0103292000000000
0.00598714000000000
0.00390987000000000
0.00541606000000000
0.00946911000000000
0.0135207000000000
0.0149800000000000
0.0128861000000000
0.00860114000000000
0.00413090000000000
0.000621909000000000
-0.00182829000000000
-0.00354409000000000
-0.00447603000000000
-0.00450701000000000
-0.00399106000000000
-0.00312808000000000
-0.00155355000000000
0.000645142000000000
0.00239337000000000
0.00260459000000000
0.000982804000000000
-0.00179235000000000
-0.00448875000000000
-0.00590342000000000
-0.00534069000000000
-0.00307476000000000
-0.000253850000000000
0.00217351000000000
0.00390498000000000
0.00547039000000000
0.00750728000000000
0.00989261000000000
0.0117274000000000
0.0118977000000000
0.00969176000000000
0.00537519000000000
0.000365047000000000
-0.00335653000000000
-0.00398324000000000
-0.000954314000000000
0.00451217000000000
0.0100211000000000
0.0130713000000000
0.0120673000000000
0.00671549000000000
-0.00253258000000000
-0.0145561000000000
-0.0270667000000000
-0.0373132000000000
-0.0431364000000000
-0.0435137000000000
-0.0385567000000000
-0.0294358000000000
-0.0179603000000000
-0.00615459000000000
0.00354846000000000
0.00850562000000000
0.00726730000000000
0.000602360000000000
-0.00863002000000000
-0.0164424000000000
-0.0192282000000000
-0.0152583000000000
-0.00542923000000000
0.00691353000000000
0.0173653000000000
0.0229198000000000
0.0233978000000000
0.0208437000000000
0.0178223000000000
0.0160368000000000
0.0160121000000000
0.0176067000000000
0.0203008000000000
0.0235209000000000
0.0268719000000000
0.0300853000000000
0.0328771000000000
0.0344336000000000
0.0337322000000000
0.0298494000000000
0.0221700000000000
0.0111660000000000
-0.00148846000000000
-0.0126534000000000
-0.0183841000000000
-0.0166196000000000
-0.00837540000000000
0.00311919000000000
0.0139249000000000
0.0208664000000000
0.0225419000000000
0.0198520000000000
0.0152320000000000
0.0109512000000000
0.00818635000000000
0.00679701000000000
0.00601272000000000
0.00537454000000000
0.00501531000000000
0.00546635000000000
0.00746858000000000
0.0113839000000000
0.0168635000000000
0.0229378000000000
0.0283732000000000
0.0319130000000000
0.0324521000000000
0.0300611000000000
0.0262444000000000
0.0229875000000000
0.0221125000000000
0.0239827000000000
0.0276887000000000
0.0318277000000000
0.0347807000000000
0.0355458000000000
0.0337995000000000
0.0296064000000000
0.0228257000000000
0.0130540000000000
-5.93542000000000e-05
-0.0160228000000000
-0.0333509000000000
-0.0503116000000000
-0.0650300000000000
-0.0759223000000000
-0.0824166000000000
-0.0850554000000000
-0.0849877000000000
-0.0836604000000000
-0.0823148000000000
-0.0816506000000000
-0.0819358000000000
-0.0827137000000000
-0.0827668000000000
-0.0804856000000000
-0.0744886000000000
-0.0642835000000000
-0.0507565000000000
-0.0359135000000000
-0.0219369000000000
-0.0104657000000000
-0.00212413000000000
0.00362919000000000
0.00823229000000000
0.0131518000000000
0.0193251000000000
0.0271032000000000
0.0364705000000000
0.0471377000000000
0.0585603000000000
0.0698484000000000
0.0793880000000000
0.0854053000000000
0.0867012000000000
0.0829399000000000
0.0749885000000000
0.0647799000000000
0.0546770000000000
0.0466794000000000
0.0420648000000000
0.0408275000000000
0.0420402000000000
0.0443585000000000
0.0458434000000000
0.0450708000000000
0.0415968000000000
0.0360183000000000
0.0297265000000000
0.0240216000000000
0.0198391000000000
0.0177966000000000
0.0177750000000000
0.0188716000000000
0.0198787000000000
0.0198276000000000
0.0177676000000000
0.0127311000000000
0.00427241000000000
-0.00722708000000000
-0.0202370000000000
-0.0327101000000000
-0.0426455000000000
-0.0486263000000000
-0.0506598000000000
-0.0501059000000000
-0.0490490000000000
-0.0496627000000000
-0.0535104000000000
-0.0610512000000000
-0.0717592000000000
-0.0843504000000000
-0.0972703000000000
-0.109025000000000
-0.118206000000000
-0.123291000000000
-0.123476000000000
-0.119317000000000
-0.112793000000000
-0.106970000000000
-0.104842000000000
-0.107836000000000
-0.115362000000000
-0.125057000000000
-0.133180000000000
-0.135373000000000
-0.128599000000000
-0.112627000000000
-0.0901019000000000
-0.0662107000000000
-0.0472605000000000
-0.0383156000000000
-0.0417729000000000
-0.0564817000000000
-0.0779947000000000
-0.0997579000000000
-0.115516000000000
-0.121866000000000
-0.119013000000000
-0.109529000000000
-0.0965069000000000
-0.0827230000000000
-0.0695801000000000
-0.0564347000000000
-0.0419218000000000
-0.0255957000000000
-0.00820542000000000
0.00850043000000000
0.0224360000000000
0.0322326000000000
0.0382142000000000
0.0424159000000000
0.0476739000000000
0.0567597000000000
0.0712976000000000
0.0907349000000000
0.112889000000000
0.134529000000000
0.152044000000000
0.162642000000000
0.165664000000000
0.162688000000000
0.156623000000000
0.150715000000000
0.147704000000000
0.148872000000000
0.154317000000000
0.162983000000000
0.172140000000000
0.177933000000000
0.177012000000000
0.168211000000000
0.152327000000000
0.130887000000000
0.105045000000000
0.0758053000000000
0.0448690000000000
0.0149539000000000
-0.0104918000000000
-0.0278148000000000
-0.0338639000000000
-0.0278206000000000
-0.0124571000000000
0.00622601000000000
0.0207009000000000
0.0239687000000000
0.0120239000000000
-0.0147980000000000
-0.0522477000000000
-0.0936912000000000
-0.132173000000000
-0.161980000000000
-0.179545000000000
-0.183941000000000
-0.176780000000000
-0.161058000000000
-0.139732000000000
-0.115845000000000
-0.0924615000000000
-0.0715708000000000
-0.0538725000000000
-0.0393552000000000
-0.0281552000000000
-0.0203343000000000
-0.0156201000000000
-0.0130005000000000
-0.0105568000000000
-0.00549219000000000
0.00499402000000000
0.0227002000000000
0.0475775000000000
0.0771642000000000
0.107017000000000
0.132189000000000
0.148873000000000
0.155678000000000
0.153799000000000
0.146000000000000
0.135795000000000
0.126407000000000
0.119379000000000
0.114606000000000
0.111043000000000
0.107077000000000
0.101171000000000
0.0930471000000000
0.0839276000000000
0.0756210000000000
0.0705403000000000
0.0705365000000000
0.0757587000000000
0.0847771000000000
0.0951659000000000
0.104339000000000
0.110420000000000
0.112009000000000
0.107408000000000
0.0941393000000000
0.0700626000000000
0.0352317000000000
-0.00737622000000000
-0.0532126000000000
-0.0975981000000000
-0.136288000000000
-0.165773000000000
-0.183744000000000
-0.189465000000000
-0.183500000000000
-0.167084000000000
-0.142228000000000
-0.111925000000000
-0.0794418000000000
-0.0481226000000000
-0.0220209000000000
-0.00500965000000000
0.00109353000000000
-0.00257111000000000
-0.0116829000000000
-0.0202620000000000
-0.0229711000000000
-0.0170365000000000
-0.00284672000000000
0.0163620000000000
0.0356518000000000
0.0500004000000000
0.0562096000000000
0.0538089000000000
0.0447320000000000
0.0321005000000000
0.0189313000000000
0.00775584000000000
-0.000126941000000000
-0.00499701000000000
-0.00802016000000000
-0.0100267000000000
-0.0109604000000000
-0.0102387000000000
-0.00739260000000000
-0.00210220000000000
0.00598834000000000
0.0168943000000000
0.0298676000000000
0.0432455000000000
0.0542767000000000
0.0597910000000000
0.0577331000000000
0.0485916000000000
0.0353527000000000
0.0218653000000000
0.0112690000000000
0.00586149000000000
0.00701876000000000
0.0146104000000000
0.0277016000000000
0.0446867000000000
0.0632236000000000
0.0810341000000000
0.0964366000000000
0.108089000000000
0.114971000000000
0.115928000000000
0.109157000000000
0.0930469000000000
0.0677707000000000
0.0361373000000000
0.00327099000000000
-0.0244587000000000
-0.0412033000000000
-0.0434402000000000
-0.0312632000000000
-0.00874104000000000
0.0170788000000000
0.0382264000000000
0.0482740000000000
0.0439658000000000
0.0253506000000000
-0.00427268000000000
-0.0391624000000000
-0.0733852000000000
-0.102238000000000
-0.122289000000000
-0.130658000000000
-0.124827000000000
-0.103622000000000
-0.0687928000000000
-0.0253479000000000
0.0198331000000000
0.0591979000000000
0.0858914000000000
0.0952699000000000
0.0863793000000000
0.0627726000000000
0.0315942000000000
0.00198655000000000
-0.0179722000000000
-0.0237088000000000
-0.0147638000000000
0.00542748000000000
0.0305240000000000
0.0533105000000000
0.0680195000000000
0.0715965000000000
0.0638236000000000
0.0468020000000000
0.0240697000000000
-0.000640935000000000
-0.0243859000000000
-0.0451458000000000
-0.0614643000000000
-0.0723334000000000
-0.0770812000000000
-0.0753478000000000
-0.0672406000000000
-0.0536127000000000
-0.0361760000000000
-0.0176892000000000
-0.00127401000000000
0.0106200000000000
0.0164076000000000
0.0154571000000000
0.00849367000000000
-0.00248674000000000
-0.0147642000000000
-0.0257029000000000
-0.0331915000000000
-0.0359690000000000
-0.0339412000000000
-0.0282698000000000
-0.0213327000000000
-0.0157647000000000
-0.0141590000000000
-0.0188242000000000
-0.0306371000000000
-0.0485122000000000
-0.0703960000000000
-0.0939878000000000
-0.116620000000000
-0.136071000000000
-0.151208000000000
-0.161892000000000
-0.168990000000000
-0.174154000000000
-0.179069000000000
-0.184711000000000
-0.191158000000000
-0.197938000000000
-0.204329000000000
-0.209156000000000
-0.210981000000000
-0.208395000000000
-0.200229000000000
-0.186152000000000
-0.167035000000000
-0.145247000000000
-0.124207000000000
-0.107225000000000
-0.0968624000000000
-0.0944874000000000
-0.0996172000000000
-0.109745000000000
-0.121273000000000
-0.130585000000000
-0.134173000000000
-0.129080000000000
-0.113963000000000
-0.0892590000000000
-0.0569746000000000
-0.0205186000000000
0.0162396000000000
0.0501569000000000
0.0793334000000000
0.102935000000000
0.121149000000000
0.135130000000000
0.146387000000000
0.156362000000000
0.166460000000000
0.177504000000000
0.189467000000000
0.201936000000000
0.214239000000000
0.225488000000000
0.234783000000000
0.241042000000000
0.243233000000000
0.241217000000000
0.235604000000000
0.227531000000000
0.218728000000000
0.211030000000000
0.204719000000000
0.197660000000000
0.186548000000000
0.168603000000000
0.143033000000000
0.112097000000000
0.0803354000000000
0.0525262000000000
0.0317272000000000
0.0184499000000000
0.0109585000000000
0.00604707000000000
0.000305128000000000
-0.00865960000000000
-0.0216585000000000
-0.0378655000000000
-0.0552881000000000
-0.0714752000000000
-0.0840869000000000
-0.0915886000000000
-0.0935626000000000
-0.0907806000000000
-0.0849090000000000
-0.0781377000000000
-0.0721912000000000
-0.0676513000000000
-0.0644651000000000
-0.0623981000000000
-0.0609397000000000
-0.0596968000000000
-0.0588703000000000
-0.0585007000000000
-0.0586050000000000
-0.0592810000000000
-0.0604649000000000
-0.0617029000000000
-0.0624811000000000
-0.0620651000000000
-0.0592158000000000
-0.0529854000000000
-0.0437184000000000
-0.0329693000000000
-0.0227352000000000
-0.0148586000000000
-0.0108983000000000
-0.0114107000000000
-0.0155285000000000
-0.0215627000000000
-0.0275618000000000
-0.0316614000000000
-0.0321474000000000
-0.0278052000000000
-0.0185648000000000
-0.00568883000000000
0.00900180000000000
0.0238578000000000
0.0375935000000000
0.0498002000000000
0.0606679000000000
0.0707203000000000
0.0807865000000000
0.0911788000000000
0.101248000000000
0.109452000000000
0.113864000000000
0.112737000000000
0.104992000000000
0.0909544000000000
0.0726545000000000
0.0530031000000000
0.0344777000000000
0.0188767000000000
0.00724749000000000
-0.000467943000000000
-0.00560103000000000
-0.00997721000000000
-0.0153000000000000
-0.0224107000000000
-0.0309093000000000
-0.0393378000000000
-0.0457696000000000
-0.0485853000000000
-0.0470033000000000
-0.0417035000000000
-0.0347171000000000
-0.0286320000000000
-0.0255336000000000
-0.0265625000000000
-0.0315708000000000
-0.0391443000000000
-0.0465621000000000
-0.0508471000000000
-0.0501533000000000
-0.0440464000000000
-0.0329231000000000
-0.0179608000000000
-0.000676341000000000
0.0170121000000000
0.0332175000000000
0.0463029000000000
0.0545102000000000
0.0568808000000000
0.0536930000000000
0.0464298000000000
0.0376991000000000
0.0301081000000000
0.0248774000000000
0.0213818000000000
0.0180332000000000
0.0133031000000000
0.00611453000000000
-0.00343032000000000
-0.0138914000000000
-0.0233707000000000
-0.0302643000000000
-0.0335891000000000
-0.0335601000000000
-0.0314340000000000
-0.0283312000000000
-0.0242615000000000
-0.0186597000000000
-0.0108956000000000
-0.000724230000000000
0.0113480000000000
0.0244572000000000
0.0373260000000000
0.0483109000000000
0.0560615000000000
0.0601439000000000
0.0610259000000000
0.0597157000000000
0.0579436000000000
0.0577532000000000
0.0604872000000000
0.0665653000000000
0.0754462000000000
0.0858779000000000
0.0963812000000000
0.105356000000000
0.111702000000000
0.114804000000000
0.114445000000000
0.110690000000000
0.103539000000000
0.0927657000000000
0.0782903000000000
0.0604129000000000
0.0403827000000000
0.0207007000000000
0.00452120000000000
-0.00527241000000000
-0.00749001000000000
-0.00381985000000000
0.00176957000000000
0.00470222000000000
0.000981782000000000
-0.0115292000000000
-0.0322669000000000
-0.0583120000000000
-0.0852239000000000
-0.108236000000000
-0.123504000000000
-0.129216000000000
-0.126250000000000
-0.117691000000000
-0.107443000000000
-0.0990467000000000
-0.0945977000000000
-0.0943453000000000
-0.0970681000000000
-0.100439000000000
-0.101755000000000
-0.0991364000000000
-0.0919447000000000
-0.0810320000000000
-0.0685085000000000
-0.0567815000000000
-0.0482555000000000
-0.0447050000000000
-0.0461239000000000
-0.0511568000000000
-0.0577533000000000
-0.0635693000000000
-0.0662525000000000
-0.0642506000000000
-0.0572355000000000
-0.0460928000000000
-0.0322739000000000
-0.0176625000000000
-0.00443211000000000
0.00580668000000000
0.0123491000000000
0.0151490000000000
0.0145725000000000
0.0111788000000000
0.00577333000000000
-0.000820274000000000
-0.00796294000000000
-0.0149411000000000
-0.0209416000000000
-0.0252212000000000
-0.0272080000000000
-0.0265747000000000
-0.0237841000000000
-0.0198625000000000
-0.0159637000000000
-0.0130652000000000
-0.0117891000000000
-0.0121859000000000
-0.0132249000000000
-0.0138321000000000
-0.0135986000000000
-0.0121337000000000
-0.00916731000000000
-0.00518696000000000
-0.00158183000000000
5.65135000000000e-05
-0.000947903000000000
-0.00413201000000000
-0.00799920000000000
-0.0102789000000000
-0.00877529000000000
-0.00232094000000000
0.00893027000000000
0.0235700000000000
0.0393123000000000
0.0532608000000000
0.0629028000000000
0.0667659000000000
0.0644969000000000
0.0570948000000000
0.0467540000000000
0.0361455000000000
0.0278926000000000
0.0242381000000000
0.0264239000000000
0.0341997000000000
0.0457695000000000
0.0583678000000000
0.0691396000000000
0.0762424000000000
0.0790316000000000
0.0778936000000000
0.0743100000000000
0.0702951000000000
0.0672640000000000
0.0657178000000000
0.0657144000000000
0.0669412000000000
0.0690931000000000
0.0719597000000000
0.0753353000000000
0.0789710000000000
0.0824733000000000
0.0848697000000000
0.0846547000000000
0.0799932000000000
0.0695011000000000
0.0529841000000000
0.0314498000000000
0.00735475000000000
-0.0161459000000000
-0.0363369000000000
-0.0514925000000000
-0.0608785000000000
-0.0645194000000000
-0.0632583000000000
-0.0586960000000000
-0.0530034000000000
-0.0481064000000000
-0.0446613000000000
-0.0420843000000000
-0.0394189000000000
-0.0358788000000000
-0.0308780000000000
-0.0243706000000000
-0.0170096000000000
-0.00997389000000000
-0.00425486000000000
-0.000364816000000000
0.00156171000000000
0.00149934000000000
-0.000487960000000000
-0.00385387000000000
-0.00754298000000000
-0.0104163000000000
-0.0113029000000000
-0.00924217000000000
-0.00390277000000000
0.00395034000000000
0.0122281000000000
0.0179634000000000
0.0180092000000000
0.0102585000000000
-0.00521120000000000
-0.0256845000000000
-0.0466581000000000
-0.0633708000000000
-0.0721939000000000
-0.0715675000000000
-0.0624699000000000
-0.0481911000000000
-0.0330922000000000
-0.0215930000000000
-0.0167860000000000
-0.0191307000000000
-0.0268873000000000
-0.0368508000000000
-0.0450493000000000
-0.0481164000000000
-0.0448290000000000
-0.0362114000000000
-0.0248387000000000
-0.0140822000000000
-0.00699392000000000
-0.00521179000000000
-0.00853913000000000
-0.0149964000000000
-0.0215507000000000
-0.0254064000000000
-0.0249854000000000
-0.0202655000000000
-0.0126845000000000
-0.00466227000000000
0.00145788000000000
0.00426653000000000
0.00389879000000000
0.00172011000000000
-0.000265008000000000
-0.000527372000000000
0.00155023000000000
0.00528945000000000
0.00882251000000000
0.0101161000000000
0.00791463000000000
0.00258069000000000
-0.00424984000000000
-0.0105380000000000
-0.0143193000000000
-0.0141739000000000
-0.00949237000000000
-0.000656238000000000
0.0114115000000000
0.0255835000000000
0.0404677000000000
0.0542033000000000
0.0645523000000000
0.0695473000000000
0.0681185000000000
0.0606601000000000
0.0495781000000000
0.0388496000000000
0.0322196000000000
0.0316852000000000
0.0373514000000000
0.0475718000000000
0.0593873000000000
0.0689780000000000
0.0729955000000000
0.0699999000000000
0.0603402000000000
0.0457777000000000
0.0294625000000000
0.0149569000000000
0.00472423000000000
-7.01592000000000e-05
0.000644428000000000
0.00552409000000000
0.0121469000000000
0.0181467000000000
0.0221088000000000
0.0233155000000000
0.0218995000000000
0.0187339000000000
0.0145079000000000
0.00952623000000000
0.00395162000000000
-0.00200822000000000
-0.00803865000000000
-0.0137687000000000
-0.0188982000000000
-0.0231126000000000
-0.0262644000000000
-0.0285842000000000
-0.0300587000000000
-0.0301427000000000
-0.0285858000000000
-0.0256650000000000
-0.0218935000000000
-0.0179607000000000
-0.0143291000000000
-0.0112196000000000
-0.00890710000000000
-0.00734555000000000
-0.00608366000000000
-0.00501139000000000
-0.00469566000000000
-0.00582551000000000
-0.00844460000000000
-0.0118049000000000
-0.0148292000000000
-0.0163030000000000
-0.0154864000000000
-0.0127061000000000
-0.00876993000000000
-0.00466563000000000
-0.00163483000000000
-0.000600735000000000
-0.00195477000000000
-0.00575879000000000
-0.0111990000000000
-0.0167627000000000
-0.0213758000000000
-0.0245259000000000
-0.0257931000000000
-0.0248958000000000
-0.0221785000000000
-0.0184030000000000
-0.0143020000000000
-0.0106180000000000
-0.00820314000000000
-0.00775024000000000
-0.00945554000000000
-0.0127136000000000
-0.0166446000000000
-0.0206665000000000
-0.0242737000000000
-0.0265843000000000
-0.0266726000000000
-0.0240414000000000
-0.0189733000000000
-0.0127041000000000
-0.00652203000000000
-0.00109326000000000
0.00314375000000000
0.00613112000000000
0.00813215000000000
0.00947483000000000
0.0104509000000000
0.0113150000000000
0.0121800000000000
0.0130526000000000
0.0141701000000000
0.0159535000000000
0.0187057000000000
0.0225188000000000
0.0269396000000000
0.0306894000000000
0.0318973000000000
0.0290937000000000
0.0216143000000000
0.00975464000000000
-0.00482880000000000
-0.0195632000000000
-0.0319998000000000
-0.0405600000000000
-0.0450223000000000
-0.0461238000000000
-0.0451115000000000
-0.0432386000000000
-0.0415273000000000
-0.0404799000000000
-0.0396751000000000
-0.0383456000000000
-0.0364096000000000
-0.0342520000000000
-0.0321120000000000
-0.0305536000000000
-0.0298219000000000
-0.0295441000000000
-0.0287760000000000
-0.0265389000000000
-0.0222712000000000
-0.0159517000000000
-0.00783017000000000
0.00180554000000000
0.0126396000000000
0.0239872000000000
0.0346325000000000
0.0432743000000000
0.0491762000000000
0.0521702000000000
0.0523898000000000
0.0504640000000000
0.0472572000000000
0.0435517000000000
0.0398532000000000
0.0363830000000000
0.0333911000000000
0.0309551000000000
0.0285472000000000
0.0255236000000000
0.0219666000000000
0.0179786000000000
0.0133771000000000
0.00819252000000000
0.00316162000000000
-0.000543474000000000
-0.00236479000000000
-0.00255749000000000
-0.00147131000000000
0.000398305000000000
0.00245123000000000
0.00381032000000000
0.00345288000000000
0.000927558000000000
-0.00360282000000000
-0.00946741000000000
-0.0152953000000000
-0.0192848000000000
-0.0199814000000000
-0.0171702000000000
-0.0122295000000000
-0.00756707000000000
-0.00564098000000000
-0.00774730000000000
-0.0136513000000000
-0.0218413000000000
-0.0299621000000000
-0.0358373000000000
-0.0382258000000000
-0.0370631000000000
-0.0334043000000000
-0.0291492000000000
-0.0264027000000000
-0.0266612000000000
-0.0301676000000000
-0.0360262000000000
-0.0424985000000000
-0.0474964000000000
-0.0491330000000000
-0.0462025000000000
-0.0388368000000000
-0.0289452000000000
-0.0195924000000000
-0.0133818000000000
-0.0120106000000000
-0.0163214000000000
-0.0252504000000000
-0.0362247000000000
-0.0463288000000000
-0.0529830000000000
-0.0542539000000000
-0.0495036000000000
-0.0397464000000000
-0.0273782000000000
-0.0153463000000000
-0.00605981000000000
-0.000946213000000000
-0.000535348000000000
-0.00431963000000000
-0.0104810000000000
-0.0166210000000000
-0.0210945000000000
-0.0235402000000000
-0.0241281000000000
-0.0233466000000000
-0.0219970000000000
-0.0204508000000000
-0.0182973000000000
-0.0144742000000000
-0.00795978000000000
0.00110657000000000
0.0110815000000000
0.0193975000000000
0.0237901000000000
0.0230544000000000
0.0170372000000000
0.00723687000000000
-0.00350138000000000
-0.0121234000000000
-0.0160098000000000
-0.0137545000000000
-0.00570310000000000
0.00664977000000000
0.0212594000000000
0.0355317000000000
0.0470271000000000
0.0541655000000000
0.0560261000000000
0.0523138000000000
0.0439613000000000
0.0336065000000000
0.0236785000000000
0.0154982000000000
0.00975412000000000
0.00667274000000000
0.00574634000000000
0.00592717000000000
0.00637894000000000
0.00688303000000000
0.00750665000000000
0.00827712000000000
0.00893336000000000
0.00859968000000000
0.00613763000000000
0.000938322000000000
-0.00642336000000000
-0.0143970000000000
-0.0208569000000000
-0.0236938000000000
-0.0216715000000000
-0.0146708000000000
-0.00399390000000000
0.00812270000000000
0.0193934000000000
0.0280040000000000
0.0329178000000000
0.0341800000000000
0.0325202000000000
0.0289943000000000
0.0248503000000000
0.0213420000000000
0.0196501000000000
0.0204935000000000
0.0240992000000000
0.0301029000000000
0.0375357000000000
0.0451598000000000
0.0517192000000000
0.0560723000000000
0.0577250000000000
0.0569453000000000
0.0543089000000000
0.0505085000000000
0.0463057000000000
0.0424628000000000
0.0394007000000000
0.0372343000000000
0.0361990000000000
0.0363448000000000
0.0375099000000000
0.0395532000000000
0.0422913000000000
0.0455632000000000
0.0488941000000000
0.0519060000000000
0.0544467000000000
0.0563122000000000
0.0572479000000000
0.0570633000000000
0.0555624000000000
0.0526090000000000
0.0483825000000000
0.0433478000000000
0.0379427000000000
0.0328795000000000
0.0292069000000000
0.0276280000000000
0.0283459000000000
0.0311687000000000
0.0351567000000000
0.0385179000000000
0.0391456000000000
0.0354230000000000
0.0270526000000000
0.0152755000000000
0.00211111000000000
-0.0101114000000000
-0.0189615000000000
-0.0233474000000000
-0.0237964000000000
-0.0218245000000000
-0.0192034000000000
-0.0172692000000000
-0.0166554000000000
-0.0175735000000000
-0.0198529000000000
-0.0226740000000000
-0.0251480000000000
-0.0268235000000000
-0.0273326000000000
-0.0262069000000000
-0.0233059000000000
-0.0189415000000000
-0.0141686000000000
-0.0104263000000000
-0.00879372000000000
-0.00978886000000000
-0.0131599000000000
-0.0178089000000000
-0.0219977000000000
-0.0238763000000000
-0.0222662000000000
-0.0173174000000000
-0.00989478000000000
-0.00133836000000000
0.00662904000000000
0.0125171000000000
0.0156127000000000
0.0157610000000000
0.0132560000000000
0.00889232000000000
0.00383712000000000
-0.000902710000000000
-0.00454531000000000
-0.00667026000000000
-0.00725841000000000
-0.00674532000000000
-0.00584314000000000
-0.00530663000000000
-0.00584260000000000
-0.00771333000000000
-0.0109871000000000
-0.0154192000000000
-0.0202837000000000
-0.0247178000000000
-0.0280267000000000
-0.0299232000000000
-0.0306396000000000
-0.0307582000000000
-0.0311104000000000
-0.0326166000000000
-0.0357149000000000
-0.0402391000000000
-0.0453324000000000
-0.0497814000000000
-0.0522249000000000
-0.0517657000000000
-0.0482544000000000
-0.0423323000000000
-0.0355232000000000
-0.0299482000000000
-0.0272842000000000
-0.0279556000000000
-0.0315237000000000
-0.0365167000000000
-0.0402127000000000
-0.0397624000000000
-0.0337357000000000
-0.0225558000000000
-0.00834562000000000
0.00592751000000000
0.0173823000000000
0.0241744000000000
0.0255903000000000
0.0227923000000000
0.0182961000000000
0.0143776000000000
0.0123119000000000
0.0120560000000000
0.0125786000000000
0.0126632000000000
0.0114995000000000
0.00909897000000000
0.00639589000000000
0.00483949000000000
0.00551061000000000
0.00837929000000000
0.0125205000000000
0.0165163000000000
0.0186765000000000
0.0179416000000000
0.0141797000000000
0.00822693000000000
0.00184640000000000
-0.00266326000000000
-0.00351929000000000
-0.000201618000000000
0.00630725000000000
0.0139093000000000
0.0199089000000000
0.0218773000000000
0.0186353000000000
0.0109359000000000
0.000853147000000000
-0.00912173000000000
-0.0167322000000000
-0.0209050000000000
-0.0221283000000000
-0.0217762000000000
-0.0209406000000000
-0.0203887000000000
-0.0205206000000000
-0.0211340000000000
-0.0217219000000000
-0.0217192000000000
-0.0208285000000000
-0.0191535000000000
-0.0168111000000000
-0.0138405000000000
-0.0104215000000000
-0.00686288000000000
-0.00364165000000000
-0.00115769000000000
0.000761070000000000
0.00249075000000000
0.00403157000000000
0.00515238000000000
0.00586393000000000
0.00625791000000000
0.00648306000000000
0.00672761000000000
0.00699636000000000
0.00718902000000000
0.00695112000000000
0.00572851000000000
0.00314120000000000
-0.000445241000000000
-0.00398740000000000
-0.00636253000000000
-0.00657935000000000
-0.00426023000000000
-0.000156978000000000
0.00419968000000000
0.00742236000000000
0.00835873000000000
0.00660704000000000
0.00300705000000000
-0.000836136000000000
-0.00334988000000000
-0.00319562000000000
0.000273123000000000
0.00631507000000000
0.0129592000000000
0.0178836000000000
0.0191453000000000
0.0158369000000000
0.00852377000000000
-0.000969451000000000
-0.0102948000000000
-0.0175146000000000
-0.0214603000000000
-0.0216146000000000
-0.0186090000000000
-0.0140288000000000
-0.00949059000000000
-0.00596272000000000
-0.00398373000000000
-0.00361204000000000
-0.00467115000000000
-0.00696905000000000
-0.0100629000000000
-0.0132643000000000
-0.0158045000000000
-0.0169160000000000
-0.0158293000000000
-0.0120423000000000
-0.00607204000000000
0.000727919000000000
0.00672451000000000
0.0104307000000000
0.0110242000000000
0.00841244000000000
0.00342697000000000
-0.00224634000000000
-0.00689375000000000
-0.00942400000000000
-0.00974274000000000
-0.00810489000000000
-0.00507917000000000
-0.00162412000000000
0.00155638000000000
0.00430372000000000
0.00688497000000000
0.00968543000000000
0.0131983000000000
0.0176905000000000
0.0230068000000000
0.0285751000000000
0.0335810000000000
0.0372732000000000
0.0394595000000000
0.0400228000000000
0.0390266000000000
0.0370695000000000
0.0348330000000000
0.0329196000000000
0.0314767000000000
0.0305300000000000
0.0301651000000000
0.0303675000000000
0.0308443000000000
0.0309285000000000
0.0301923000000000
0.0286973000000000
0.0267231000000000
0.0246160000000000
0.0225406000000000
0.0204570000000000
0.0182216000000000
0.0156874000000000
0.0127335000000000
0.00933136000000000
0.00573686000000000
0.00229635000000000
-0.000503680000000000
-0.00248823000000000
-0.00379360000000000
-0.00434535000000000
-0.00402642000000000
-0.00292964000000000
-0.000779068000000000
0.00221790000000000
0.00515028000000000
0.00720928000000000
0.00788406000000000
0.00695523000000000
0.00455685000000000
0.00109425000000000
-0.00288157000000000
-0.00660893000000000
-0.00940188000000000
-0.0110091000000000
-0.0116983000000000
-0.0118643000000000
-0.0117642000000000
-0.0115133000000000
-0.0112847000000000
-0.0113828000000000
-0.0120099000000000
-0.0134083000000000
-0.0158360000000000
-0.0190037000000000
-0.0222642000000000
-0.0248973000000000
-0.0261715000000000
-0.0257598000000000
-0.0237671000000000
-0.0207514000000000
-0.0176503000000000
-0.0153484000000000
-0.0145160000000000
-0.0154949000000000
-0.0180736000000000
-0.0215536000000000
-0.0248019000000000
-0.0263759000000000
-0.0251966000000000
-0.0209549000000000
-0.0139184000000000
-0.00521108000000000
0.00343260000000000
0.0100111000000000
0.0130905000000000
0.0120858000000000
0.00722308000000000
-0.000465742000000000
-0.00929825000000000
-0.0174534000000000
-0.0235245000000000
-0.0269632000000000
-0.0276857000000000
-0.0261355000000000
-0.0236475000000000
-0.0216215000000000
-0.0211401000000000
-0.0226796000000000
-0.0261375000000000
-0.0309275000000000
-0.0362041000000000
-0.0411844000000000
-0.0453719000000000
-0.0486775000000000
-0.0511104000000000
-0.0527729000000000
-0.0536443000000000
-0.0538124000000000
-0.0532163000000000
-0.0516190000000000
-0.0489202000000000
-0.0449079000000000
-0.0396123000000000
-0.0334096000000000
-0.0267482000000000
-0.0201923000000000
-0.0145636000000000
-0.0108447000000000
-0.00947726000000000
-0.0102291000000000
-0.0124663000000000
-0.0150830000000000
-0.0166632000000000
-0.0159058000000000
-0.0120103000000000
-0.00503889000000000
0.00407039000000000
0.0137923000000000
0.0222681000000000
0.0278117000000000
0.0297605000000000
0.0291248000000000
0.0274280000000000
0.0261457000000000
0.0263706000000000
0.0285882000000000
0.0325955000000000
0.0371964000000000
0.0408721000000000
0.0426114000000000
0.0420020000000000
0.0392997000000000
0.0353738000000000
0.0311903000000000
0.0274077000000000
0.0242307000000000
0.0214440000000000
0.0185211000000000
0.0149462000000000
0.0105404000000000
0.00546595000000000
9.66193000000000e-05
-0.00494465000000000
-0.00867236000000000
-0.00999624000000000
-0.00832954000000000
-0.00383692000000000
0.00289433000000000
0.0108551000000000
0.0186106000000000
0.0247967000000000
0.0284092000000000
0.0289989000000000
0.0265159000000000
0.0217477000000000
0.0162648000000000
0.0118547000000000
0.0100411000000000
0.0114431000000000
0.0162824000000000
0.0238536000000000
0.0321302000000000
0.0390329000000000
0.0428837000000000
0.0425400000000000
0.0375735000000000
0.0284575000000000
0.0170518000000000
0.00603569000000000
-0.00221274000000000
-0.00637975000000000
-0.00620090000000000
-0.00232926000000000
0.00380123000000000
0.0102299000000000
0.0150787000000000
0.0171210000000000
0.0158998000000000
0.0120218000000000
0.00689951000000000
0.00188998000000000
-0.00190396000000000
-0.00365882000000000
-0.00335945000000000
-0.00172104000000000
0.000163550000000000
0.000916976000000000
-0.000192330000000000
-0.00256046000000000
-0.00507108000000000
-0.00684884000000000
-0.00716026000000000
-0.00560401000000000
-0.00239128000000000
0.00170644000000000
0.00575915000000000
0.00878482000000000
0.0102915000000000
0.0105402000000000
0.00981909000000000
0.00822722000000000
0.00599169000000000
0.00379678000000000
0.00238783000000000
0.00201921000000000
0.00278869000000000
0.00474607000000000
0.00756295000000000
0.0104579000000000
0.0121961000000000
0.0115310000000000
0.00791443000000000
0.00180388000000000
-0.00576027000000000
-0.0133577000000000
-0.0191384000000000
-0.0219927000000000
-0.0220194000000000
-0.0198839000000000
-0.0164924000000000
-0.0130369000000000
-0.0105193000000000
-0.00945217000000000
-0.00978335000000000
-0.0112292000000000
-0.0136650000000000
-0.0165229000000000
-0.0186290000000000
-0.0189392000000000
-0.0168576000000000
-0.0122485000000000
-0.00570136000000000
0.00154568000000000
0.00765597000000000
0.0107923000000000
0.0101170000000000
0.00605292000000000
-0.000127797000000000
-0.00657252000000000
-0.0112849000000000
-0.0128691000000000
-0.0109324000000000
-0.00618766000000000
-0.000158407000000000
0.00566000000000000
0.0101394000000000
0.0124704000000000
0.0121062000000000
0.00938763000000000
0.00569526000000000
0.00241311000000000
0.000627764000000000
0.00113342000000000
0.00409556000000000
0.00891277000000000
0.0141344000000000
0.0177869000000000
0.0187324000000000
0.0170023000000000
0.0131643000000000
0.00821124000000000
0.00346601000000000
-7.78622000000000e-05
-0.00209203000000000
-0.00304865000000000
-0.00394687000000000
-0.00577832000000000
-0.00908916000000000
-0.0141214000000000
-0.0207696000000000
-0.0281375000000000
-0.0349010000000000
-0.0398849000000000
-0.0423813000000000
-0.0420639000000000
-0.0390554000000000
-0.0339530000000000
-0.0280721000000000
-0.0229958000000000
-0.0197984000000000
-0.0188670000000000
-0.0199139000000000
-0.0221613000000000
-0.0243945000000000
-0.0253019000000000
-0.0240647000000000
-0.0207304000000000
-0.0159191000000000
-0.0102288000000000
-0.00441546000000000
0.000649535000000000
0.00431532000000000
0.00658227000000000
0.00735276000000000
0.00655091000000000
0.00458209000000000
0.00237766000000000
0.000666332000000000
-0.000320937000000000
-0.000234442000000000
0.00112634000000000
0.00327280000000000
0.00524428000000000
0.00633270000000000
0.00627135000000000
0.00527253000000000
0.00380213000000000
0.00229787000000000
0.00140410000000000
0.00116384000000000
0.00104469000000000
0.000508354000000000
-0.000579211000000000
-0.00204605000000000
-0.00357780000000000
-0.00465975000000000
-0.00463222000000000
-0.00302673000000000
0.000117429000000000
0.00445525000000000
0.00928384000000000
0.0136660000000000
0.0169050000000000
0.0186879000000000
0.0190934000000000
0.0187428000000000
0.0180418000000000
0.0172823000000000
0.0169977000000000
0.0175450000000000
0.0188511000000000
0.0206461000000000
0.0224696000000000
0.0238308000000000
0.0245556000000000
0.0245597000000000
0.0237930000000000
0.0224046000000000
0.0205585000000000
0.0183452000000000
0.0158750000000000
0.0131890000000000
0.0102877000000000
0.00743210000000000
0.00499252000000000
0.00321174000000000
0.00219244000000000
0.00199532000000000
0.00242644000000000
0.00278466000000000
0.00248022000000000
0.00140125000000000
-0.000594434000000000
-0.00373663000000000
-0.00769920000000000
-0.0115816000000000
-0.0144363000000000
-0.0160472000000000
-0.0164931000000000
-0.0157485000000000
-0.0139264000000000
-0.0114708000000000
-0.00920502000000000
-0.00782196000000000
-0.00751009000000000
-0.00813687000000000
-0.00926668000000000
-0.0104000000000000
-0.0110001000000000
-0.0104955000000000
-0.00856107000000000
-0.00531476000000000
-0.00107644000000000
0.00362115000000000
0.00805495000000000
0.0114457000000000
0.0131061000000000
0.0126834000000000
0.0104879000000000
0.00706443000000000
0.00293195000000000
-0.00113766000000000
-0.00440745000000000
-0.00641919000000000
-0.00707049000000000
-0.00638646000000000
-0.00463394000000000
-0.00255485000000000
-0.000701159000000000
0.000717366000000000
0.00148991000000000
0.00127800000000000
1.12147000000000e-05
-0.00173987000000000
-0.00309159000000000
-0.00312392000000000
-0.00164596000000000
0.000934891000000000
0.00420711000000000
0.00750898000000000
0.00977386000000000
0.0102005000000000
0.00882216000000000
0.00579257000000000
0.00160875000000000
-0.00271441000000000
-0.00610507000000000
-0.00793394000000000
-0.00817093000000000
-0.00720985000000000
-0.00563887000000000
-0.00396620000000000
-0.00267597000000000
-0.00203426000000000
-0.00151640000000000
-0.000730818000000000
0.000336464000000000
0.00177040000000000
0.00356199000000000
0.00565019000000000
0.00767562000000000
0.00906460000000000
0.00940728000000000
0.00859317000000000
0.00679722000000000
0.00449786000000000
0.00232221000000000
0.000797224000000000
0.000299693000000000
0.000720951000000000
0.00162219000000000
0.00244703000000000
0.00268629000000000
0.00208284000000000
0.000633704000000000
-0.00113385000000000
-0.00233509000000000
-0.00222019000000000
-0.000426875000000000
0.00298048000000000
0.00755011000000000
0.0126625000000000
0.0173719000000000
0.0205711000000000
0.0215325000000000
0.0203881000000000
0.0177352000000000
0.0140516000000000
0.00986004000000000
0.00585338000000000
0.00272500000000000
0.000634350000000000
-0.000545140000000000
-0.000802168000000000
-0.000234198000000000
0.000799403000000000
0.00160916000000000
0.00160794000000000
0.000542528000000000
-0.00154466000000000
-0.00444941000000000
-0.00775905000000000
-0.0107424000000000
-0.0126215000000000
-0.0131273000000000
-0.0123336000000000
-0.0104271000000000
-0.00785870000000000
-0.00518845000000000
-0.00279574000000000
-0.000741244000000000
0.000966319000000000
0.00234771000000000
0.00383500000000000
0.00568144000000000
0.00769386000000000
0.00987432000000000
0.0123277000000000
0.0146113000000000
0.0159503000000000
0.0158026000000000
0.0139481000000000
0.0103672000000000
0.00548997000000000
0.000300314000000000
-0.00467210000000000
-0.00923024000000000
-0.0130335000000000
-0.0159374000000000
-0.0181802000000000
-0.0200785000000000
-0.0217322000000000
-0.0229374000000000
-0.0236431000000000
-0.0239615000000000
-0.0238560000000000
-0.0233074000000000
-0.0227290000000000
-0.0226143000000000
-0.0226639000000000
-0.0224699000000000
-0.0219044000000000
-0.0208521000000000
-0.0191486000000000
-0.0166890000000000
-0.0139968000000000
-0.0120041000000000
-0.0110763000000000
-0.0108732000000000
-0.0108354000000000
-0.0103536000000000
-0.00900467000000000
-0.00653896000000000
-0.00293304000000000
0.00114052000000000
0.00467458000000000
0.00694713000000000
0.00781101000000000
0.00732217000000000
0.00567230000000000
0.00367065000000000
0.00271836000000000
0.00354171000000000
0.00582035000000000
0.00909738000000000
0.0126438000000000
0.0154004000000000
0.0164492000000000
0.0153692000000000
0.0122177000000000
0.00774916000000000
0.00291362000000000
-0.00168768000000000
-0.00552511000000000
-0.00829127000000000
-0.00987350000000000
-0.0103850000000000
-0.00992884000000000
-0.00851096000000000
-0.00641315000000000
-0.00428123000000000
-0.00261451000000000
-0.00158110000000000
-0.00116701000000000
-0.00120742000000000
-0.00144458000000000
-0.00151547000000000
-0.000893105000000000
0.000937355000000000
0.00386437000000000
0.00733333000000000
0.0109573000000000
0.0143224000000000
0.0169628000000000
0.0185951000000000
0.0192158000000000
0.0190046000000000
0.0181366000000000
0.0168841000000000
0.0156907000000000
0.0147586000000000
0.0140690000000000
0.0134529000000000
0.0127034000000000
0.0118617000000000
0.0110950000000000
0.0104833000000000
0.00982195000000000
0.00888826000000000
0.00735040000000000
0.00498238000000000
0.00200209000000000
-0.00137044000000000
-0.00489383000000000
-0.00794166000000000
-0.00966560000000000
-0.00946449000000000
-0.00755150000000000
-0.00442380000000000
-0.000518808000000000
0.00331538000000000
0.00634891000000000
0.00832010000000000
0.00910690000000000
0.00859431000000000
0.00759556000000000
0.00706321000000000
0.00716385000000000
0.00784433000000000
0.00931077000000000
0.0113633000000000
0.0134213000000000
0.0149244000000000
0.0154618000000000
0.0149599000000000
0.0135572000000000
0.0115219000000000
0.00922883000000000
0.00702338000000000
0.00495318000000000
0.00277982000000000
0.000334190000000000
-0.00221062000000000
-0.00462624000000000
-0.00696272000000000
-0.00909292000000000
-0.0107421000000000
-0.0117951000000000
-0.0121870000000000
-0.0120435000000000
-0.0113005000000000
-0.00975514000000000
-0.00743669000000000
-0.00459097000000000
-0.00146089000000000
0.00178721000000000
0.00472532000000000
0.00697239000000000
0.00855771000000000
0.00961713000000000
0.0100490000000000
0.00986816000000000
0.00926523000000000
0.00836783000000000
0.00721869000000000
0.00558860000000000
0.00312259000000000
-0.000141732000000000
-0.00392710000000000
-0.00781402000000000
-0.0115892000000000
-0.0152374000000000
-0.0183385000000000
-0.0203517000000000
-0.0210220000000000
-0.0207294000000000
-0.0197363000000000
-0.0180506000000000
-0.0157341000000000
-0.0130022000000000
-0.00970259000000000
-0.00558492000000000
-0.000732235000000000
0.00453952000000000
0.00963235000000000
0.0141050000000000
0.0174163000000000
0.0190925000000000
0.0192018000000000
0.0181307000000000
0.0163560000000000
0.0143373000000000
0.0124256000000000
0.0110810000000000
0.0104127000000000
0.0101201000000000
0.00987510000000000
0.00951721000000000
0.00898484000000000
0.00825586000000000
0.00726938000000000
0.00594753000000000
0.00447546000000000
0.00318804000000000
0.00217920000000000
0.00127417000000000
0.000478461000000000
-4.98211000000000e-05
-0.000338953000000000
-0.000416713000000000
-0.000400045000000000
-0.000491342000000000
-0.000647867000000000
-0.000881554000000000
-0.00132094000000000
-0.00167191000000000
-0.00144848000000000
-0.000549738000000000
0.000740510000000000
0.00248143000000000
0.00441928000000000
0.00587789000000000
0.00636705000000000
0.00571487000000000
0.00411618000000000
0.00210131000000000
0.000344475000000000
-0.000540820000000000
-2.37885000000000e-05
0.00198847000000000
0.00495665000000000
0.00823955000000000
0.0113496000000000
0.0137509000000000
0.0148184000000000
0.0144280000000000
0.0131383000000000
0.0115719000000000
0.0100468000000000
0.00848416000000000
0.00696580000000000
0.00583855000000000
0.00509238000000000
0.00430038000000000
0.00321813000000000
0.00180380000000000
-5.19451000000000e-05
-0.00273772000000000
-0.00621852000000000
-0.0100163000000000
-0.0137841000000000
-0.0171498000000000
-0.0198055000000000
-0.0217035000000000
-0.0226242000000000
-0.0223829000000000
-0.0210631000000000
-0.0190022000000000
-0.0164841000000000
-0.0137390000000000
-0.0111226000000000
-0.00900737000000000
-0.00743522000000000
-0.00626067000000000
-0.00541572000000000
-0.00469368000000000
-0.00381235000000000
-0.00255157000000000
-0.000811980000000000
0.00118907000000000
0.00299834000000000
0.00427367000000000
0.00481722000000000
0.00452863000000000
0.00323591000000000
0.00107052000000000
-0.00154798000000000
-0.00401943000000000
-0.00613511000000000
-0.00771362000000000
-0.00839770000000000
-0.00839765000000000
-0.00831072000000000
-0.00842308000000000
-0.00886980000000000
-0.00985646000000000
-0.0113675000000000
-0.0129664000000000
-0.0141815000000000
-0.0146190000000000
-0.0140924000000000
-0.0126469000000000
-0.0105533000000000
-0.00824411000000000
-0.00597127000000000
-0.00404283000000000
-0.00268899000000000
-0.00192230000000000
-0.00151122000000000
-0.00112772000000000
-0.000548262000000000
0.000448429000000000
0.00209913000000000
0.00436852000000000
0.00687522000000000
0.00934544000000000
0.0118320000000000
0.0141633000000000
0.0157414000000000
0.0159739000000000
0.0147581000000000
0.0123529000000000
0.00888361000000000
0.00482388000000000
0.000742000000000000
-0.00298985000000000
-0.00603317000000000
-0.00810659000000000
-0.00917419000000000
-0.00969576000000000
-0.0102287000000000
-0.0113252000000000
-0.0129743000000000
-0.0149951000000000
-0.0172862000000000
-0.0196446000000000
-0.0216114000000000
-0.0227985000000000
-0.0232483000000000
-0.0231515000000000
-0.0223693000000000
-0.0205439000000000
-0.0175095000000000
-0.0133508000000000
-0.00825200000000000
-0.00268767000000000
0.00259768000000000
0.00677287000000000
0.00932818000000000
0.0102453000000000
0.00996960000000000
0.00929023000000000
0.00903504000000000
0.00987545000000000
0.0121992000000000
0.0156473000000000
0.0192510000000000
0.0218261000000000
0.0227693000000000
0.0219529000000000
0.0193692000000000
0.0153498000000000
0.0106176000000000
0.00598373000000000
0.00232375000000000
0.000346615000000000
0.000155493000000000
0.00154341000000000
0.00396501000000000
0.00629608000000000
0.00761492000000000
0.00777507000000000
0.00681269000000000
0.00476630000000000
0.00208641000000000
-0.000420321000000000
-0.00186019000000000
-0.00169011000000000
-9.16524000000000e-05
0.00246009000000000
0.00526864000000000
0.00745873000000000
0.00805091000000000
0.00662121000000000
0.00364329000000000
-4.51753000000000e-05
-0.00366552000000000
-0.00634736000000000
-0.00699069000000000
-0.00541808000000000
-0.00237354000000000
0.00124028000000000
0.00458490000000000
0.00672763000000000
0.00697311000000000
0.00522036000000000
0.00185559000000000
-0.00236263000000000
-0.00643019000000000
-0.00939145000000000
-0.0106324000000000
-0.0100979000000000
-0.00824766000000000
-0.00598744000000000
-0.00421627000000000
-0.00357348000000000
-0.00427839000000000
-0.00640622000000000
-0.00989112000000000
-0.0138503000000000
-0.0169446000000000
-0.0182195000000000
-0.0174676000000000
-0.0149564000000000
-0.0108910000000000
-0.00589012000000000
-0.000997318000000000
0.00274880000000000
0.00479112000000000
0.00501489000000000
0.00354949000000000
0.00109789000000000
-0.00145071000000000
-0.00334537000000000
-0.00412316000000000
-0.00360318000000000
-0.00191787000000000
0.000515021000000000
0.00297962000000000
0.00461512000000000
0.00474316000000000
0.00326112000000000
0.000270665000000000
-0.00400678000000000
-0.00885604000000000
-0.0132963000000000
-0.0166245000000000
-0.0183605000000000
-0.0182653000000000
-0.0164630000000000
-0.0134830000000000
-0.0100027000000000
-0.00673826000000000
-0.00426107000000000
-0.00284424000000000
-0.00241890000000000
-0.00272265000000000
-0.00339100000000000
-0.00360946000000000
-0.00277299000000000
-0.00103029000000000
0.00147557000000000
0.00477513000000000
0.00800682000000000
0.0100165000000000
0.0101958000000000
0.00859887000000000
0.00576088000000000
0.00234803000000000
-0.000997092000000000
-0.00335726000000000
-0.00398771000000000
-0.00294368000000000
-0.00100123000000000
0.00112920000000000
0.00292172000000000
0.00383178000000000
0.00355682000000000
0.00200168000000000
-0.000450966000000000
-0.00318314000000000
-0.00580620000000000
-0.00784831000000000
-0.00881722000000000
-0.00854500000000000
-0.00712433000000000
-0.00471371000000000
-0.00173501000000000
0.00119014000000000
0.00354212000000000
0.00498906000000000
0.00547026000000000
0.00520867000000000
0.00477774000000000
0.00474388000000000
0.00553869000000000
0.00719105000000000
0.00956409000000000
0.0123169000000000
0.0146386000000000
0.0159979000000000
0.0165810000000000
0.0162836000000000
0.0150628000000000
0.0134250000000000
0.0119473000000000
0.0108034000000000
0.00993702000000000
0.00931606000000000
0.00870850000000000
0.00779178000000000
0.00633686000000000
0.00442311000000000
0.00236584000000000
0.000675106000000000
-0.000238563000000000
-0.000209671000000000
0.000555796000000000
0.00172519000000000
0.00304947000000000
0.00408233000000000
0.00437413000000000
0.00365786000000000
0.00188538000000000
-0.000468682000000000
-0.00273580000000000
-0.00449381000000000
-0.00558164000000000
-0.00591667000000000
-0.00550344000000000
-0.00479039000000000
-0.00403959000000000
-0.00328555000000000
-0.00285854000000000
-0.00302752000000000
-0.00364954000000000
-0.00457268000000000
-0.00572717000000000
-0.00670719000000000
-0.00709792000000000
-0.00688937000000000
-0.00625901000000000
-0.00530791000000000
-0.00413772000000000
-0.00309765000000000
-0.00257489000000000
-0.00274192000000000
-0.00348549000000000
-0.00449602000000000
-0.00545412000000000
-0.00627725000000000
-0.00684564000000000
-0.00700122000000000
-0.00688566000000000
-0.00673858000000000
-0.00679217000000000
-0.00707545000000000
-0.00743947000000000
-0.00764468000000000
-0.00751400000000000
-0.00713364000000000
-0.00669436000000000
-0.00639460000000000
-0.00657735000000000
-0.00739460000000000
-0.00828920000000000
-0.00899421000000000
-0.00957380000000000
-0.00985126000000000
-0.00957248000000000
-0.00884936000000000
-0.00797288000000000
-0.00701710000000000
-0.00593430000000000
-0.00464008000000000
-0.00309447000000000
-0.00158853000000000
-0.000357511000000000
0.000545695000000000
0.00115960000000000
0.00151387000000000
0.00166107000000000
0.00178863000000000
0.00223626000000000
0.00307293000000000
0.00406717000000000
0.00506240000000000
0.00600468000000000
0.00697534000000000
0.00769831000000000
0.00786294000000000
0.00752874000000000
0.00696221000000000
0.00643131000000000
0.00602907000000000
0.00564896000000000
0.00527917000000000
0.00506143000000000
0.00482885000000000
0.00431911000000000
0.00356615000000000
0.00278999000000000
0.00216379000000000
0.00174927000000000
0.00185973000000000
0.00258272000000000
0.00364773000000000
0.00479428000000000
0.00598014000000000
0.00699947000000000
0.00771227000000000
0.00809206000000000
0.00799665000000000
0.00746131000000000
0.00674291000000000
0.00598003000000000
0.00524632000000000
0.00473335000000000
0.00460328000000000
0.00496828000000000
0.00577892000000000
0.00665270000000000
0.00715185000000000
0.00684198000000000
0.00572935000000000
0.00442242000000000
0.00345658000000000
0.00317523000000000
0.00393293000000000
0.00571429000000000
0.00807001000000000
0.0102089000000000
0.0111854000000000
0.0105328000000000
0.00836803000000000
0.00517072000000000
0.00152047000000000
-0.00172540000000000
-0.00378163000000000
-0.00437715000000000
-0.00414052000000000
-0.00392950000000000
-0.00413076000000000
-0.00481575000000000
-0.00583642000000000
-0.00685217000000000
-0.00770622000000000
-0.00801406000000000
-0.00735279000000000
-0.00611136000000000
-0.00497381000000000
-0.00403674000000000
-0.00341128000000000
-0.00340778000000000
-0.00388505000000000
-0.00453859000000000
-0.00531346000000000
-0.00600643000000000
-0.00631630000000000
-0.00608477000000000
-0.00521967000000000
-0.00381216000000000
-0.00219000000000000
-0.000933099000000000
-0.000338268000000000
-0.000258998000000000
-0.000607224000000000
-0.00138560000000000
-0.00230122000000000
-0.00299849000000000
-0.00319140000000000
-0.00291589000000000
-0.00254822000000000
-0.00205355000000000
-0.00146077000000000
-0.000940935000000000
-0.000321883000000000
0.000500876000000000
0.00144548000000000
0.00225282000000000
0.00262192000000000
0.00251954000000000
0.00186985000000000
0.000559535000000000
-0.00119572000000000
-0.00296225000000000
-0.00430276000000000
-0.00477623000000000
-0.00416451000000000
-0.00272622000000000
-0.000727381000000000
0.00133960000000000
0.00280947000000000
0.00351321000000000
0.00358536000000000
0.00333127000000000
0.00325308000000000
0.00366720000000000
0.00458267000000000
0.00576206000000000
0.00694720000000000
0.00782831000000000
0.00837128000000000
0.00887860000000000
0.00963165000000000
0.0107666000000000
0.0123551000000000
0.0141671000000000
0.0156286000000000
0.0163645000000000
0.0163429000000000
0.0157647000000000
0.0148885000000000
0.0139400000000000
0.0132073000000000
0.0128987000000000
0.0127379000000000
0.0123271000000000
0.0114708000000000
0.0101769000000000
0.00848991000000000
0.00644922000000000
0.00446099000000000
0.00307120000000000
0.00246318000000000
0.00251858000000000
0.00286614000000000
0.00320397000000000
0.00344523000000000
0.00354272000000000
0.00333709000000000
0.00268279000000000
0.00213650000000000
0.00195131000000000
0.00154333000000000
0.000889255000000000
0.000587392000000000
0.000759184000000000
0.00112109000000000
0.00135983000000000
0.00135843000000000
0.00118811000000000
0.000733983000000000
-0.000282946000000000
-0.00192073000000000
-0.00390572000000000
-0.00592909000000000
-0.00787538000000000
-0.00973047000000000
-0.0113702000000000
-0.0122500000000000
-0.0122290000000000
-0.0117338000000000
-0.0112429000000000
-0.0109014000000000
-0.0106802000000000
-0.0106778000000000
-0.0108703000000000
-0.0110901000000000
-0.0109897000000000
-0.0103454000000000
-0.00923211000000000
-0.00782138000000000
-0.00627769000000000
-0.00481930000000000
-0.00367908000000000
-0.00315090000000000
-0.00322658000000000
-0.00353033000000000
-0.00374861000000000
-0.00393184000000000
-0.00416975000000000
-0.00447852000000000
-0.00500747000000000
-0.00576177000000000
-0.00657226000000000
-0.00720998000000000
-0.00736446000000000
-0.00692873000000000
-0.00612466000000000
-0.00500797000000000
-0.00375214000000000
-0.00297392000000000
-0.00290746000000000
-0.00347395000000000
-0.00455299000000000
-0.00594895000000000
-0.00735983000000000
-0.00846890000000000
-0.00907245000000000
-0.00905518000000000
-0.00855622000000000
-0.00760753000000000
-0.00632535000000000
-0.00496031000000000
-0.00367340000000000
-0.00254307000000000
-0.00137646000000000
-3.78669000000000e-05
0.00120975000000000
0.00211481000000000
0.00281972000000000
0.00352908000000000
0.00423660000000000
0.00479772000000000
0.00519110000000000
0.00540194000000000
0.00533429000000000
0.00506334000000000
0.00471273000000000
0.00418901000000000
0.00359420000000000
0.00301498000000000
0.00240715000000000
0.00181078000000000
0.00120871000000000
0.000321788000000000
-0.000864686000000000
-0.00205541000000000
-0.00312410000000000
-0.00403743000000000
-0.00457783000000000
-0.00472019000000000
-0.00460324000000000
-0.00426276000000000
-0.00386395000000000
-0.00352327000000000
-0.00325064000000000
-0.00296775000000000
-0.00257058000000000
-0.00198189000000000
-0.00116542000000000
1.47193000000000e-05
0.00141587000000000
0.00287371000000000
0.00423156000000000
0.00532101000000000
0.00594442000000000
0.00606986000000000
0.00573535000000000
0.00527673000000000
0.00501873000000000
0.00493353000000000
0.00547391000000000
0.00683240000000000
0.00872916000000000
0.0107591000000000
0.0125832000000000
0.0139219000000000
0.0143221000000000
0.0136393000000000
0.0119797000000000
0.00950874000000000
0.00672481000000000
0.00424456000000000
0.00245441000000000
0.00142782000000000
0.00104774000000000
0.00123398000000000
0.00157672000000000
0.00145481000000000
0.000917167000000000
-0.000162706000000000
-0.00198822000000000
-0.00426890000000000
-0.00625211000000000
-0.00776470000000000
-0.00832561000000000
-0.00802003000000000
-0.00675333000000000
-0.00486575000000000
-0.00315268000000000
-0.00220026000000000
-0.00209031000000000
-0.00242724000000000
-0.00286330000000000
-0.00320528000000000
-0.00333311000000000
-0.00316636000000000
-0.00260668000000000
-0.00155923000000000
-0.000124149000000000
0.00137532000000000
0.00266509000000000
0.00379096000000000
0.00481169000000000
0.00567687000000000
0.00646184000000000
0.00713775000000000
0.00767544000000000
0.00803742000000000
0.00812672000000000
0.00803289000000000
0.00787518000000000
0.00751277000000000
0.00694792000000000
0.00653532000000000
0.00648973000000000
0.00680771000000000
0.00753464000000000
0.00865353000000000
0.0100012000000000
0.0110897000000000
0.0112835000000000
0.0105195000000000
0.00901102000000000
0.00696217000000000
0.00468125000000000
0.00263027000000000
0.00119736000000000
0.000501511000000000
0.000494078000000000
0.000913766000000000
0.00128732000000000
0.00127607000000000
0.000831593000000000
7.82369000000000e-05
-0.000878202000000000
-0.00179597000000000
-0.00263656000000000
-0.00364182000000000
-0.00447215000000000
-0.00477173000000000
-0.00472402000000000
-0.00434866000000000
-0.00354211000000000
-0.00259309000000000
-0.00168768000000000
-0.000887972000000000
-0.000442003000000000
-0.000506098000000000
-0.00100273000000000
-0.00191323000000000
-0.00308617000000000
-0.00415215000000000
-0.00480167000000000
-0.00474012000000000
-0.00383412000000000
-0.00229146000000000
-0.000557590000000000
0.000910624000000000
0.00163936000000000
0.00134291000000000
0.000155520000000000
-0.00149478000000000
-0.00319837000000000
-0.00455157000000000
-0.00516665000000000
-0.00481192000000000
-0.00362334000000000
-0.00214766000000000
-0.000886914000000000
-0.000253903000000000
-0.000535652000000000
-0.00177794000000000
-0.00374404000000000
-0.00591329000000000
-0.00765539000000000
-0.00872815000000000
-0.00902547000000000
-0.00846328000000000
-0.00727344000000000
-0.00580624000000000
-0.00429089000000000
-0.00291260000000000
-0.00194499000000000
-0.00165403000000000
-0.00180497000000000
-0.00224419000000000
-0.00301763000000000
-0.00396803000000000
-0.00475016000000000
-0.00512301000000000
-0.00496715000000000
-0.00412030000000000
-0.00254169000000000
-0.000539701000000000
0.00135103000000000
0.00260883000000000
0.00279955000000000
0.00186735000000000
0.000203785000000000
-0.00152931000000000
-0.00275237000000000
-0.00302198000000000
-0.00207259000000000
-0.000177181000000000
0.00203477000000000
0.00393291000000000
0.00495178000000000
0.00479573000000000
0.00359882000000000
0.00179027000000000
-8.93486000000000e-05
-0.00140728000000000
-0.00178594000000000
-0.00123492000000000
1.38063000000000e-05
0.00148466000000000
0.00274988000000000
0.00342158000000000
0.00349867000000000
0.00311603000000000
0.00228625000000000
0.00113814000000000
-7.47909000000000e-05
-0.00101800000000000
-0.00137147000000000
-0.00113271000000000
-0.000474724000000000
0.000396302000000000
0.00118396000000000
0.00150974000000000
0.00121407000000000
0.000343566000000000
-0.000943292000000000
-0.00247214000000000
-0.00395751000000000
-0.00512494000000000
-0.00586419000000000
-0.00617906000000000
-0.00614033000000000
-0.00594708000000000
-0.00581230000000000
-0.00590711000000000
-0.00631180000000000
-0.00690955000000000
-0.00744024000000000
-0.00774436000000000
-0.00780728000000000
-0.00754211000000000
-0.00679411000000000
-0.00557826000000000
-0.00424129000000000
-0.00308610000000000
-0.00208147000000000
-0.00123307000000000
-0.000701363000000000
-0.000454715000000000
-0.000263990000000000
-3.66909000000000e-05
0.000203981000000000
0.000462935000000000
0.000650415000000000
0.000663818000000000
0.000606253000000000
0.000584661000000000
0.000424242000000000
0.000103280000000000
-0.000118645000000000
-9.98003000000000e-05
9.84780000000000e-05
0.000349417000000000
0.000752295000000000
0.00149179000000000
0.00247248000000000
0.00347648000000000
0.00434536000000000
0.00507681000000000
0.00576838000000000
0.00628820000000000
0.00643795000000000
0.00632407000000000
0.00614621000000000
0.00578460000000000
0.00519850000000000
0.00470747000000000
0.00432102000000000
0.00386168000000000
0.00333973000000000
0.00285944000000000
0.00252796000000000
0.00223844000000000
0.00179485000000000
0.00123285000000000
0.000719633000000000
0.000347823000000000
0.000165084000000000
0.000196754000000000
0.000421450000000000
0.000711701000000000
0.000945350000000000
0.00105419000000000
0.00103083000000000
0.000910366000000000
0.000674752000000000
0.000328703000000000
-8.41982000000000e-06
-0.000184599000000000
-0.000155420000000000
-2.74501000000000e-05
0.000124745000000000
0.000259883000000000
0.000245344000000000
-1.10442000000000e-05
-0.000480192000000000
-0.000967970000000000
-0.00127597000000000
-0.00146131000000000
-0.00159952000000000
-0.00165201000000000
-0.00159889000000000
-0.00141673000000000
-0.00112399000000000
-0.000804413000000000
-0.000449406000000000
-8.32571000000000e-05
0.000245589000000000
0.000530522000000000
0.000788759000000000
0.00105057000000000
0.00134278000000000
0.00160439000000000
0.00180661000000000
0.00204938000000000
0.00235353000000000
0.00263071000000000
0.00280425000000000
0.00284335000000000
0.00272234000000000
0.00244995000000000
0.00207917000000000
0.00166847000000000
0.00125707000000000
0.000909285000000000
0.000669707000000000
0.000551003000000000
0.000530769000000000
0.000551546000000000
0.000556643000000000
0.000537340000000000
0.000486332000000000
0.000385841000000000
0.000205353000000000
-4.28510000000000e-05
-0.000279927000000000
-0.000439211000000000
-0.000501940000000000
-0.000482126000000000
-0.000361846000000000
-0.000159629000000000
4.49495000000000e-05
0.000179308000000000
0.000195352000000000
0.000106593000000000
-6.08248000000000e-05
-0.000284979000000000
-0.000526008000000000
-0.000731364000000000
-0.000847125000000000
-0.000876880000000000
-0.000866047000000000
-0.000848172000000000
-0.000828006000000000
-0.000803372000000000
-0.000777299000000000
-0.000760645000000000
-0.000759100000000000
-0.000762344000000000
-0.000770100000000000
-0.000770020000000000
-0.000743668000000000
-0.000688661000000000
-0.000618757000000000
-0.000544973000000000
-0.000464429000000000
-0.000363323000000000
-0.000252921000000000
-0.000147528000000000
-6.06107000000000e-05
-4.75179000000000e-06
1.83541000000000e-05
3.23134000000000e-05
6.48570000000000e-05
0.000126830000000000
0.000213628000000000
0.000305139000000000
0.000385495000000000
0.000438851000000000
0.000451685000000000
0.000425308000000000
0.000373799000000000
0.000316101000000000
0.000266485000000000
0.000230722000000000
0.000209876000000000
0.000194751000000000
0.000174997000000000
0.000133014000000000
5.98810000000000e-05
-3.36102000000000e-05
-0.000131392000000000
-0.000222243000000000
-0.000296774000000000
-0.000343071000000000
-0.000360738000000000
-0.000358975000000000
-0.000350448000000000
-0.000345897000000000
-0.000347328000000000
-0.000348494000000000
-0.000346420000000000
-0.000343281000000000
-0.000337264000000000
-0.000321304000000000
-0.000298528000000000
-0.000277567000000000
-0.000261494000000000
-0.000250467000000000
-0.000242688000000000
-0.000235699000000000
-0.000225714000000000
-0.000211769000000000
-0.000197085000000000
-0.000186034000000000
-0.000180345000000000
-0.000180749000000000
-0.000186136000000000
-0.000194751000000000
-0.000204550000000000
-0.000213518000000000
-0.000220858000000000
-0.000225392000000000
-0.000226542000000000
-0.000224726000000000
-0.000219502000000000
-0.000210706000000000
-0.000200936000000000
-0.000191663000000000
-0.000182779000000000
-0.000174252000000000
-0.000165683000000000
-0.000156922000000000
-0.000148108000000000
-0.000138836000000000
-0.000128858000000000
-0.000118517000000000
-0.000108546000000000
-9.90103000000000e-05
-8.99613000000000e-05
-8.18169000000000e-05
-7.47228000000000e-05
-6.84467000000000e-05
-6.28032000000000e-05
-5.76140000000000e-05
-5.25875000000000e-05
-4.76320000000000e-05
-4.28869000000000e-05
-3.83607000000000e-05
-3.39286000000000e-05
-2.94975000000000e-05
-2.49733000000000e-05
-2.03124000000000e-05
-1.55142000000000e-05
-1.06215000000000e-05
-5.71240000000000e-06
-8.63268000000000e-07
3.88541000000000e-06
8.53964000000000e-06
1.31493000000000e-05
1.77233000000000e-05
2.22640000000000e-05
2.68028000000000e-05
3.13651000000000e-05
3.59429000000000e-05
4.05088000000000e-05
4.50385000000000e-05
4.95168000000000e-05
5.39348000000000e-05
5.82867000000000e-05
6.25696000000000e-05
6.67816000000000e-05
7.09217000000000e-05
7.49889000000000e-05
0
0
0
0