4.99036000000000e-06
4.98183000000000e-06
4.99769000000000e-06
5.00469000000000e-06
4.97294000000000e-06
4.98681000000000e-06
5.09403000000000e-06
5.16000000000000e-06
4.91259000000000e-06
4.60635000000000e-06
4.89383000000000e-06
5.63409000000000e-06
5.74880000000000e-06
5.10078000000000e-06
4.38376000000000e-06
4.42357000000000e-06
4.47954000000000e-06
3.57422000000000e-06
3.41896000000000e-06
4.83732000000000e-06
6.05905000000000e-06
6.24615000000000e-06
5.23601000000000e-06
4.58940000000000e-06
9.22583000000000e-07
-7.29684000000000e-06
-7.58125000000000e-06
1.01251000000000e-06
8.53966000000000e-06
9.51653000000000e-06
2.84072000000000e-06
3.12054000000000e-06
1.31851000000000e-05
1.13735000000000e-05
3.31183000000000e-06
7.56418000000000e-06
1.69939000000000e-05
1.62883000000000e-05
7.25188000000000e-06
1.87190000000000e-06
7.29618000000000e-06
1.50216000000000e-05
7.71148000000000e-06
-4.15944000000000e-06
-7.05600000000000e-07
9.91852000000000e-06
7.99029000000000e-06
-5.02407000000000e-06
-6.12703000000000e-06
4.35987000000000e-06
7.80144000000000e-06
-1.63019000000000e-07
-1.07444000000000e-05
-1.19231000000000e-05
1.04315000000000e-05
1.92428000000000e-05
1.20236000000000e-06
-1.56617000000000e-05
-6.32106000000000e-06
1.84228000000000e-05
1.96903000000000e-05
2.53593000000000e-06
-3.74876000000000e-06
9.92352000000000e-06
1.55822000000000e-05
-2.29488000000000e-05
-3.22871000000000e-05
8.64743000000000e-06
3.33805000000000e-05
2.88848000000000e-05
5.02874000000000e-06
-1.03071000000000e-05
-6.57056000000000e-06
-1.87216000000000e-05
-2.53564000000000e-05
-2.22450000000000e-05
-1.11307000000000e-05
-1.78780000000000e-05
-8.37136000000000e-05
-0.000107896000000000
-1.99922000000000e-05
5.64874000000000e-05
3.76583000000000e-05
-6.43044000000000e-06
-4.16337000000000e-05
-2.63188000000000e-05
-1.89955000000000e-06
-1.58629000000000e-05
-1.34651000000000e-05
5.00816000000000e-06
-1.99782000000000e-05
-7.97685000000000e-05
-6.92145000000000e-05
1.47725000000000e-05
7.74502000000000e-05
8.09809000000000e-05
4.99270000000000e-05
4.31667000000000e-05
8.18955000000000e-05
3.21776000000000e-05
-7.67141000000000e-05
-6.88484000000000e-05
9.24137000000000e-06
4.81883000000000e-06
-5.26360000000000e-05
-3.88058000000000e-05
2.71232000000000e-05
7.44179000000000e-05
3.45437000000000e-05
-3.24722000000000e-05
-5.60733000000000e-05
-1.09658000000000e-05
2.68941000000000e-05
9.91826000000000e-06
-6.47630000000000e-06
-8.87486000000000e-06
-1.01115000000000e-05
1.84699000000000e-05
7.21735000000000e-05
8.78503000000000e-05
8.48669000000000e-05
0.000109561000000000
0.000108013000000000
3.02433000000000e-05
-3.41407000000000e-05
-4.69298000000000e-05
-2.08900000000000e-05
4.64676000000000e-05
8.25643000000000e-05
4.16546000000000e-05
-2.08431000000000e-05
-2.22608000000000e-05
6.26676000000000e-05
0.000132695000000000
0.000117636000000000
1.81743000000000e-05
-5.25051000000000e-05
-4.93829000000000e-05
-5.55071000000000e-06
4.29811000000000e-05
7.58426000000000e-05
8.14717000000000e-05
6.81757000000000e-05
0.000146723000000000
0.000177310000000000
9.31346000000000e-05
3.45564000000000e-05
2.43961000000000e-05
4.97818000000000e-07
-7.63487000000000e-05
-9.26116000000000e-05
-2.60433000000000e-05
1.35434000000000e-05
1.60957000000000e-05
5.30096000000000e-06
2.91937000000000e-05
2.67112000000000e-05
-5.48843000000000e-06
-6.06412000000000e-06
-1.03696000000000e-06
-9.81309000000000e-06
-5.53564000000000e-05
-6.76828000000000e-05
-2.70698000000000e-05
-8.97409000000000e-06
-2.84325000000000e-05
-4.09176000000000e-05
-5.68866000000000e-05
-4.37861000000000e-05
1.82307000000000e-05
1.19327000000000e-05
-3.37276000000000e-05
-1.51786000000000e-05
2.69574000000000e-07
-2.33819000000000e-05
-5.93915000000000e-05
-6.11915000000000e-05
-1.64576000000000e-05
-7.01574000000000e-06
-4.60144000000000e-05
-8.34407000000000e-05
-0.000131321000000000
-0.000191298000000000
-9.40432000000000e-05
4.90779000000000e-05
3.90455000000000e-05
-2.97837000000000e-06
1.94178000000000e-05
2.90495000000000e-05
4.25753000000000e-06
2.99647000000000e-05
6.64381000000000e-05
6.28771000000000e-05
8.18415000000000e-06
-2.82165000000000e-05
-6.74883000000000e-06
4.75304000000000e-05
0.000110195000000000
0.000203146000000000
0.000198338000000000
-4.83804000000000e-05
-0.000273115000000000
-0.000225819000000000
1.86288000000000e-05
0.000182781000000000
0.000129971000000000
3.96923000000000e-05
4.42725000000000e-05
5.91326000000000e-05
-2.90595000000000e-06
-9.61117000000000e-05
-6.65012000000000e-05
9.23855000000000e-06
-4.92184000000000e-05
-0.000159676000000000
-7.96795000000000e-05
7.76185000000000e-05
3.95424000000000e-05
-6.88757000000000e-05
-0.000130680000000000
-0.000104085000000000
-3.52315000000000e-05
-2.92201000000000e-05
-5.83563000000000e-05
-0.000101055000000000
-0.000124236000000000
-0.000162033000000000
-0.000202263000000000
-9.73799000000000e-05
6.41960000000000e-05
6.11030000000000e-05
-7.05591000000000e-05
-0.000176436000000000
-4.56406000000000e-05
0.000121106000000000
0.000145993000000000
9.52769000000000e-05
7.69822000000000e-05
0.000120987000000000
0.000124293000000000
2.73697000000000e-05
4.42272000000000e-06
0.000145717000000000
0.000178303000000000
0.000117962000000000
7.24710000000000e-05
8.51831000000000e-05
7.70996000000000e-05
3.40717000000000e-05
1.12349000000000e-05
-3.53041000000000e-05
-7.53241000000000e-05
-4.22013000000000e-05
-2.56639000000000e-05
-0.000118837000000000
-0.000186680000000000
-8.16637000000000e-05
-3.03303000000000e-05
-7.29000000000000e-05
-3.18973000000000e-06
8.09380000000000e-05
1.26742000000000e-05
-6.17133000000000e-05
9.13837000000000e-05
0.000203126000000000
1.69459000000000e-05
-0.000153297000000000
-0.000145049000000000
-0.000145452000000000
-0.000271892000000000
-0.000227112000000000
-8.89932000000000e-06
5.35280000000000e-05
-1.30823000000000e-05
-8.82501000000000e-06
7.74820000000000e-05
9.95323000000000e-05
9.29947000000000e-05
0.000108547000000000
3.99564000000000e-05
-7.88925000000000e-05
-9.62847000000000e-05
-2.29358000000000e-05
7.04276000000000e-05
0.000137296000000000
0.000170031000000000
0.000154683000000000
0.000104835000000000
6.18744000000000e-05
4.65230000000000e-07
-1.95925000000000e-05
3.21492000000000e-05
6.78902000000000e-05
7.15830000000000e-05
-4.24413000000000e-05
-0.000330892000000000
-0.000326617000000000
-3.04593000000000e-05
0.000127670000000000
8.41386000000000e-05
6.24658000000000e-05
0.000103713000000000
6.42086000000000e-05
-6.67401000000000e-05
-0.000143663000000000
-0.000159735000000000
-9.78616000000000e-05
1.33695000000000e-05
9.95183000000000e-05
0.000151550000000000
8.25739000000000e-05
-1.98843000000000e-05
-1.79837000000000e-05
1.52887000000000e-05
2.21008000000000e-05
2.87008000000000e-05
3.98445000000000e-05
-3.93787000000000e-06
-3.02570000000000e-05
-4.75069000000000e-05
-6.33485000000000e-05
9.23459000000000e-06
5.07148000000000e-05
-1.30829000000000e-05
-9.70604000000000e-05
-8.93819000000000e-05
-1.20233000000000e-05
7.37343000000000e-05
0.000153879000000000
0.000224215000000000
0.000161683000000000
-0.000100020000000000
-0.000281450000000000
-0.000172821000000000
8.12537000000000e-06
-5.56825000000000e-06
-0.000119819000000000
-0.000141609000000000
-3.75110000000000e-05
1.92072000000000e-05
1.81429000000000e-05
0.000138737000000000
0.000203805000000000
0.000134033000000000
4.47836000000000e-07
-0.000126442000000000
-0.000125190000000000
-4.25225000000000e-05
-1.08785000000000e-05
-6.59121000000000e-06
2.16407000000000e-06
4.28642000000000e-05
7.29009000000000e-05
0.000119366000000000
0.000224480000000000
0.000217610000000000
5.69673000000000e-05
-7.00909000000000e-05
-8.46677000000000e-05
6.75020000000000e-06
9.17780000000000e-05
-4.28784000000000e-05
-0.000182290000000000
-0.000136253000000000
-3.40764000000000e-05
-3.63891000000000e-05
-2.13359000000000e-05
0.000103504000000000
0.000222848000000000
0.000161070000000000
6.38166000000000e-05
8.12403000000000e-06
-9.52689000000000e-05
-0.000145163000000000
-6.50582000000000e-05
2.26721000000000e-06
-0.000105843000000000
-0.000120107000000000
3.61806000000000e-05
9.48131000000000e-05
-4.89161000000000e-05
-0.000170284000000000
-7.98214000000000e-05
7.57532000000000e-05
0.000143969000000000
0.000115031000000000
3.54843000000000e-05
-8.29991000000000e-06
4.79374000000000e-05
8.49471000000000e-05
9.72193000000000e-07
-6.83076000000000e-05
2.19084000000000e-05
0.000134281000000000
8.90649000000000e-05
2.64472000000000e-05
-9.97681000000000e-06
-5.11978000000000e-05
-6.21384000000000e-05
-5.86781000000000e-05
-2.63958000000000e-05
3.11464000000000e-05
0.000153492000000000
0.000167087000000000
1.03254000000000e-05
-7.10353000000000e-05
6.75101000000000e-05
0.000261513000000000
0.000229838000000000
-1.48586000000000e-05
-0.000137125000000000
-4.96151000000000e-05
0.000123491000000000
0.000179320000000000
5.99124000000000e-05
-6.48344000000000e-05
-0.000102244000000000
-4.14328000000000e-05
7.27908000000000e-05
0.000143145000000000
0.000141086000000000
8.83513000000000e-05
2.74925000000000e-05
1.66886000000000e-05
2.59852000000000e-05
6.70191000000000e-05
1.06999000000000e-05
-7.65056000000000e-05
1.04143000000000e-05
0.000128501000000000
0.000108752000000000
-1.32497000000000e-05
-9.23100000000000e-05
-3.66400000000000e-05
6.31971000000000e-05
4.59021000000000e-05
-2.72672000000000e-05
4.23984000000000e-05
0.000218815000000000
0.000244060000000000
5.22527000000000e-06
-0.000217286000000000
-0.000191932000000000
-0.000137667000000000
-0.000284167000000000
-0.000199810000000000
0.000114466000000000
0.000184449000000000
2.40626000000000e-06
-0.000168661000000000
-0.000182236000000000
-6.50781000000000e-05
4.85498000000000e-05
5.49641000000000e-05
5.82699000000000e-06
3.47852000000000e-05
3.28259000000000e-05
-6.97461000000000e-05
-8.93925000000000e-05
-3.09081000000000e-05
-4.70370000000000e-05
-0.000156867000000000
-0.000222602000000000
-9.27727000000000e-05
5.71650000000000e-05
0.000103229000000000
3.29226000000000e-05
-4.81185000000000e-05
-7.11539000000000e-05
-5.58349000000000e-05
-2.04504000000000e-05
-9.05979000000000e-05
-0.000155193000000000
-0.000122274000000000
-4.73452000000000e-05
-1.63851000000000e-05
-6.63320000000000e-05
-2.19311000000000e-05
8.43469000000000e-05
4.72698000000000e-05
2.49913000000000e-06
1.61572000000000e-05
6.50966000000000e-06
-1.88334000000000e-05
-7.88636000000000e-05
-8.75098000000000e-05
3.19395000000000e-05
9.81544000000000e-05
-9.91632000000000e-05
-0.000356339000000000
-0.000289867000000000
-8.96018000000000e-05
-3.91925000000000e-05
-7.20156000000000e-05
1.47346000000000e-05
0.000153526000000000
6.82139000000000e-05
-3.02920000000000e-05
7.40765000000000e-05
0.000193838000000000
9.32531000000000e-05
-6.17137000000000e-05
5.23905000000000e-05
0.000274268000000000
0.000293950000000000
0.000112305000000000
-3.08122000000000e-05
1.00490000000000e-05
7.55265000000000e-05
3.61267000000000e-05
-3.96982000000000e-05
-5.23195000000000e-05
-6.18376000000000e-05
-0.000103081000000000
-0.000101578000000000
-5.74944000000000e-05
-3.87499000000000e-06
3.63689000000000e-05
1.83891000000000e-06
-4.60576000000000e-05
-5.99737000000000e-05
-7.26075000000000e-05
-0.000149221000000000
-0.000357746000000000
-0.000548043000000000
-0.000608594000000000
-0.000631731000000000
-0.000633577000000000
-0.000506101000000000
-0.000310760000000000
-0.000224950000000000
-0.000216604000000000
-0.000115100000000000
8.87918000000000e-05
0.000160073000000000
2.75461000000000e-05
-6.21349000000000e-05
2.57009000000000e-05
0.000196582000000000
0.000319466000000000
0.000472431000000000
0.000666958000000000
0.000617865000000000
3.56680000000000e-05
-0.000660562000000000
-0.000983757000000000
-0.000965230000000000
-0.000842155000000000
-0.000715069000000000
-0.000324156000000000
0.000200081000000000
0.000360549000000000
-4.09421000000000e-05
-0.000561229000000000
-0.000864409000000000
-0.00102043000000000
-0.00109718000000000
-0.00109166000000000
-0.00100408000000000
-0.000920093000000000
-0.000817773000000000
-0.000555959000000000
-0.000237025000000000
-0.000161847000000000
-0.000351823000000000
-0.000745920000000000
-0.00132787000000000
-0.00176762000000000
-0.00177792000000000
-0.00116967000000000
-0.000275540000000000
0.000287894000000000
0.000297258000000000
2.06677000000000e-05
-0.000110269000000000
7.25663000000000e-05
0.000231663000000000
0.000127907000000000
-0.000227064000000000
-0.000924492000000000
-0.00202426000000000
-0.00312765000000000
-0.00364614000000000
-0.00344217000000000
-0.00305642000000000
-0.00314937000000000
-0.00386619000000000
-0.00480017000000000
-0.00550252000000000
-0.00569503000000000
-0.00516346000000000
-0.00403190000000000
-0.00271159000000000
-0.00160295000000000
-0.000996470000000000
-0.000948060000000000
-0.00123206000000000
-0.00152590000000000
-0.00171953000000000
-0.00203162000000000
-0.00265328000000000
-0.00337741000000000
-0.00359261000000000
-0.00282950000000000
-0.00128273000000000
0.000396662000000000
0.00160044000000000
0.00206055000000000
0.00170080000000000
0.000663551000000000
-0.000409807000000000
-0.00101635000000000
-0.00105344000000000
-0.000573723000000000
0.000314167000000000
0.00146450000000000
0.00269435000000000
0.00382332000000000
0.00471321000000000
0.00545414000000000
0.00628143000000000
0.00715663000000000
0.00759359000000000
0.00728568000000000
0.00670476000000000
0.00646116000000000
0.00628849000000000
0.00554893000000000
0.00426673000000000
0.00277888000000000
0.00158155000000000
0.00132422000000000
0.00224301000000000
0.00428740000000000
0.00681686000000000
0.00870604000000000
0.00931810000000000
0.00874616000000000
0.00781962000000000
0.00705757000000000
0.00653541000000000
0.00624564000000000
0.00583970000000000
0.00500399000000000
0.00369479000000000
0.00224122000000000
0.00106390000000000
0.000458375000000000
0.000448843000000000
0.000679610000000000
0.000940356000000000
0.00142929000000000
0.00220471000000000
0.00279059000000000
0.00242762000000000
0.000762299000000000
-0.00175307000000000
-0.00426950000000000
-0.00591409000000000
-0.00600492000000000
-0.00437122000000000
-0.00163591000000000
0.00130201000000000
0.00374734000000000
0.00528012000000000
0.00561746000000000
0.00454704000000000
0.00218587000000000
-0.000796761000000000
-0.00330145000000000
-0.00432935000000000
-0.00361425000000000
-0.00163913000000000
0.000524930000000000
0.00158550000000000
0.000841874000000000
-0.00165082000000000
-0.00518870000000000
-0.00881308000000000
-0.0115919000000000
-0.0128553000000000
-0.0125971000000000
-0.0112462000000000
-0.00966540000000000
-0.00869528000000000
-0.00895806000000000
-0.0105385000000000
-0.0125838000000000
-0.0133638000000000
-0.0119104000000000
-0.00865554000000000
-0.00474423000000000
-0.00137988000000000
0.000877022000000000
0.00191878000000000
0.00184275000000000
0.000741908000000000
-0.00138458000000000
-0.00447619000000000
-0.00829286000000000
-0.0121882000000000
-0.0152600000000000
-0.0164647000000000
-0.0151446000000000
-0.0116497000000000
-0.00701487000000000
-0.00269102000000000
-2.08360000000000e-05
0.000509108000000000
-0.000617197000000000
-0.00228995000000000
-0.00345590000000000
-0.00352852000000000
-0.00263334000000000
-0.00101894000000000
0.00113909000000000
0.00318743000000000
0.00463813000000000
0.00581531000000000
0.00695721000000000
0.00798613000000000
0.00863313000000000
0.00854793000000000
0.00779949000000000
0.00709070000000000
0.00725118000000000
0.00862489000000000
0.0105163000000000
0.0118020000000000
0.0117533000000000
0.00996424000000000
0.00674852000000000
0.00366050000000000
0.00256058000000000
0.00464606000000000
0.0101549000000000
0.0181685000000000
0.0267059000000000
0.0336308000000000
0.0372945000000000
0.0369613000000000
0.0331796000000000
0.0274435000000000
0.0218351000000000
0.0182196000000000
0.0171356000000000
0.0180044000000000
0.0197144000000000
0.0211863000000000
0.0211941000000000
0.0186151000000000
0.0135123000000000
0.00734822000000000
0.00184520000000000
-0.00215133000000000
-0.00477121000000000
-0.00675491000000000
-0.00862446000000000
-0.0103210000000000
-0.0117884000000000
-0.0133901000000000
-0.0152095000000000
-0.0165602000000000
-0.0165975000000000
-0.0148526000000000
-0.0113065000000000
-0.00623231000000000
-0.000296220000000000
0.00538928000000000
0.00951264000000000
0.0112528000000000
0.0107409000000000
0.00868308000000000
0.00592811000000000
0.00326020000000000
0.00150337000000000
0.00110536000000000
0.00143418000000000
0.00133691000000000
0.000481809000000000
-0.000240302000000000
0.000425472000000000
0.00288942000000000
0.00666451000000000
0.0107858000000000
0.0137756000000000
0.0137510000000000
0.00957150000000000
0.00213359000000000
-0.00604344000000000
-0.0126496000000000
-0.0170880000000000
-0.0198953000000000
-0.0212936000000000
-0.0212098000000000
-0.0199356000000000
-0.0179736000000000
-0.0159036000000000
-0.0142492000000000
-0.0135704000000000
-0.0146629000000000
-0.0176705000000000
-0.0216296000000000
-0.0249376000000000
-0.0261746000000000
-0.0245982000000000
-0.0205131000000000
-0.0148580000000000
-0.00881383000000000
-0.00369312000000000
-0.000270039000000000
0.00207717000000000
0.00491682000000000
0.00905374000000000
0.0135729000000000
0.0167201000000000
0.0172025000000000
0.0145469000000000
0.00923490000000000
0.00270892000000000
-0.00306093000000000
-0.00663661000000000
-0.00778205000000000
-0.00704602000000000
-0.00551692000000000
-0.00447559000000000
-0.00469983000000000
-0.00634806000000000
-0.00928017000000000
-0.0134031000000000
-0.0185168000000000
-0.0240232000000000
-0.0289237000000000
-0.0321523000000000
-0.0329605000000000
-0.0312249000000000
-0.0275368000000000
-0.0230700000000000
-0.0188867000000000
-0.0150446000000000
-0.0111745000000000
-0.00740196000000000
-0.00399971000000000
-0.00122274000000000
0.000492837000000000
0.000941566000000000
0.000575622000000000
9.80476000000000e-05
0.000147012000000000
0.00105098000000000
0.00212760000000000
0.00246376000000000
0.00212407000000000
0.00209928000000000
0.00315747000000000
0.00465572000000000
0.00465696000000000
0.00164522000000000
-0.00423199000000000
-0.0113044000000000
-0.0172087000000000
-0.0198152000000000
-0.0179342000000000
-0.0125162000000000
-0.00649636000000000
-0.00276824000000000
-0.00262352000000000
-0.00539201000000000
-0.00905935000000000
-0.0118352000000000
-0.0127301000000000
-0.0113457000000000
-0.00739430000000000
-0.00127452000000000
0.00549280000000000
0.0110562000000000
0.0135370000000000
0.0123163000000000
0.00851593000000000
0.00442297000000000
0.00249531000000000
0.00416063000000000
0.00943359000000000
0.0170345000000000
0.0248871000000000
0.0306322000000000
0.0326049000000000
0.0307352000000000
0.0264488000000000
0.0216319000000000
0.0175955000000000
0.0149715000000000
0.0136226000000000
0.0131517000000000
0.0132234000000000
0.0134623000000000
0.0137367000000000
0.0138380000000000
0.0130531000000000
0.0109144000000000
0.00781005000000000
0.00450617000000000
0.00141001000000000
-0.00196055000000000
-0.00615992000000000
-0.0107102000000000
-0.0140880000000000
-0.0147423000000000
-0.0117842000000000
-0.00534744000000000
0.00347680000000000
0.0125761000000000
0.0194116000000000
0.0226151000000000
0.0230618000000000
0.0228122000000000
0.0229633000000000
0.0230525000000000
0.0218932000000000
0.0183439000000000
0.0120814000000000
0.00394207000000000
-0.00405215000000000
-0.00912915000000000
-0.00917160000000000
-0.00438903000000000
0.00233092000000000
0.00734102000000000
0.00790062000000000
0.00352080000000000
-0.00369107000000000
-0.0107436000000000
-0.0157438000000000
-0.0184106000000000
-0.0193600000000000
-0.0194808000000000
-0.0193530000000000
-0.0186755000000000
-0.0165680000000000
-0.0126219000000000
-0.00757125000000000
-0.00300686000000000
-0.000116641000000000
0.000977547000000000
0.000754571000000000
0.000246316000000000
0.000246666000000000
0.000812267000000000
0.00120182000000000
0.000335792000000000
-0.00175602000000000
-0.00309569000000000
-0.00140750000000000
0.00365996000000000
0.00979787000000000
0.0136900000000000
0.0134587000000000
0.0101545000000000
0.00656499000000000
0.00457245000000000
0.00432417000000000
0.00450787000000000
0.00326731000000000
-0.000166128000000000
-0.00481107000000000
-0.00905594000000000
-0.0117705000000000
-0.0128090000000000
-0.0133115000000000
-0.0145397000000000
-0.0167794000000000
-0.0194755000000000
-0.0217784000000000
-0.0228901000000000
-0.0222745000000000
-0.0199770000000000
-0.0170506000000000
-0.0152631000000000
-0.0153476000000000
-0.0163453000000000
-0.0167019000000000
-0.0153073000000000
-0.0120764000000000
-0.00810338000000000
-0.00457958000000000
-0.00157603000000000
0.00179290000000000
0.00682881000000000
0.0144460000000000
0.0240505000000000
0.0334803000000000
0.0396595000000000
0.0399142000000000
0.0336553000000000
0.0227886000000000
0.0104420000000000
-0.000860195000000000
-0.0102684000000000
-0.0182279000000000
-0.0250020000000000
-0.0295518000000000
-0.0300968000000000
-0.0257085000000000
-0.0171169000000000
-0.00680997000000000
0.00192407000000000
0.00674455000000000
0.00736366000000000
0.00542737000000000
0.00344567000000000
0.00277633000000000
0.00302462000000000
0.00330460000000000
0.00347793000000000
0.00455634000000000
0.00844139000000000
0.0164078000000000
0.0274678000000000
0.0384162000000000
0.0455059000000000
0.0462707000000000
0.0405259000000000
0.0304898000000000
0.0198815000000000
0.0123427000000000
0.0101582000000000
0.0132157000000000
0.0191435000000000
0.0248766000000000
0.0283907000000000
0.0291697000000000
0.0275642000000000
0.0240479000000000
0.0191707000000000
0.0137443000000000
0.00889978000000000
0.00595268000000000
0.00560398000000000
0.00767729000000000
0.0110834000000000
0.0137104000000000
0.0130294000000000
0.00760879000000000
-0.00160833000000000
-0.0117280000000000
-0.0195441000000000
-0.0233633000000000
-0.0232397000000000
-0.0200757000000000
-0.0149455000000000
-0.00867021000000000
-0.00197834000000000
0.00437101000000000
0.00940985000000000
0.0118220000000000
0.0105870000000000
0.00624120000000000
0.000662458000000000
-0.00335472000000000
-0.00314092000000000
0.00224826000000000
0.0111865000000000
0.0202254000000000
0.0261382000000000
0.0272974000000000
0.0235355000000000
0.0163378000000000
0.00866719000000000
0.00333946000000000
0.00123547000000000
0.000978621000000000
0.000175168000000000
-0.00249317000000000
-0.00660199000000000
-0.0111204000000000
-0.0156062000000000
-0.0205187000000000
-0.0262656000000000
-0.0320152000000000
-0.0359636000000000
-0.0361301000000000
-0.0312181000000000
-0.0216074000000000
-0.00989724000000000
6.85258000000000e-05
0.00488765000000000
0.00347516000000000
-0.00276896000000000
-0.0111005000000000
-0.0187011000000000
-0.0237059000000000
-0.0257480000000000
-0.0255681000000000
-0.0239726000000000
-0.0216003000000000
-0.0192521000000000
-0.0177508000000000
-0.0174807000000000
-0.0184274000000000
-0.0205079000000000
-0.0237208000000000
-0.0277465000000000
-0.0317630000000000
-0.0347259000000000
-0.0358773000000000
-0.0350917000000000
-0.0330914000000000
-0.0310547000000000
-0.0300615000000000
-0.0305550000000000
-0.0318777000000000
-0.0325332000000000
-0.0311257000000000
-0.0272683000000000
-0.0216523000000000
-0.0155439000000000
-0.0102555000000000
-0.00678989000000000
-0.00575729000000000
-0.00684078000000000
-0.00898284000000000
-0.0108882000000000
-0.0111804000000000
-0.00887587000000000
-0.00392374000000000
0.00244839000000000
0.00831555000000000
0.0118619000000000
0.0115785000000000
0.00684581000000000
-0.00124176000000000
-0.00997268000000000
-0.0160193000000000
-0.0167781000000000
-0.0117187000000000
-0.00274737000000000
0.00732766000000000
0.0163760000000000
0.0237606000000000
0.0296580000000000
0.0337153000000000
0.0348823000000000
0.0325622000000000
0.0276279000000000
0.0223272000000000
0.0194682000000000
0.0212370000000000
0.0284864000000000
0.0395486000000000
0.0505138000000000
0.0569049000000000
0.0556627000000000
0.0462987000000000
0.0306947000000000
0.0122896000000000
-0.00466978000000000
-0.0158250000000000
-0.0180349000000000
-0.0107051000000000
0.00407147000000000
0.0220222000000000
0.0381332000000000
0.0480139000000000
0.0494466000000000
0.0430211000000000
0.0311725000000000
0.0173336000000000
0.00472071000000000
-0.00465736000000000
-0.0104566000000000
-0.0135713000000000
-0.0153395000000000
-0.0168984000000000
-0.0183091000000000
-0.0189132000000000
-0.0186331000000000
-0.0184388000000000
-0.0199154000000000
-0.0244848000000000
-0.0323517000000000
-0.0424004000000000
-0.0524252000000000
-0.0594674000000000
-0.0611118000000000
-0.0568482000000000
-0.0481901000000000
-0.0376354000000000
-0.0272813000000000
-0.0187103000000000
-0.0126842000000000
-0.00839695000000000
-0.00418226000000000
0.00132974000000000
0.00866521000000000
0.0172448000000000
0.0258530000000000
0.0338635000000000
0.0414105000000000
0.0485253000000000
0.0547294000000000
0.0592661000000000
0.0617251000000000
0.0624285000000000
0.0621513000000000
0.0613999000000000
0.0600877000000000
0.0576592000000000
0.0536010000000000
0.0477232000000000
0.0402273000000000
0.0317315000000000
0.0228451000000000
0.0139796000000000
0.00539270000000000
-0.00332572000000000
-0.0130617000000000
-0.0242134000000000
-0.0357301000000000
-0.0451113000000000
-0.0497679000000000
-0.0483111000000000
-0.0413815000000000
-0.0315492000000000
-0.0218321000000000
-0.0141029000000000
-0.00819609000000000
-0.00199962000000000
0.00698909000000000
0.0201897000000000
0.0370627000000000
0.0550430000000000
0.0707596000000000
0.0815355000000000
0.0863766000000000
0.0862629000000000
0.0838655000000000
0.0820871000000000
0.0827175000000000
0.0861399000000000
0.0915246000000000
0.0974443000000000
0.101966000000000
0.103063000000000
0.0997444000000000
0.0923139000000000
0.0814628000000000
0.0682847000000000
0.0542470000000000
0.0411376000000000
0.0308087000000000
0.0246557000000000
0.0231680000000000
0.0254350000000000
0.0287957000000000
0.0295711000000000
0.0246415000000000
0.0132468000000000
-0.00260746000000000
-0.0194183000000000
-0.0339726000000000
-0.0444354000000000
-0.0500856000000000
-0.0509415000000000
-0.0481061000000000
-0.0440095000000000
-0.0419121000000000
-0.0446149000000000
-0.0532601000000000
-0.0676716000000000
-0.0866648000000000
-0.108285000000000
-0.129892000000000
-0.147897000000000
-0.158084000000000
-0.156806000000000
-0.142666000000000
-0.117969000000000
-0.0882278000000000
-0.0604051000000000
-0.0408140000000000
-0.0330088000000000
-0.0368250000000000
-0.0483805000000000
-0.0613751000000000
-0.0703465000000000
-0.0733257000000000
-0.0716144000000000
-0.0686479000000000
-0.0675720000000000
-0.0692348000000000
-0.0713672000000000
-0.0695810000000000
-0.0599970000000000
-0.0408455000000000
-0.0130629000000000
0.0196358000000000
0.0516908000000000
0.0778246000000000
0.0948599000000000
0.102123000000000
0.100723000000000
0.0925461000000000
0.0800063000000000
0.0660944000000000
0.0536136000000000
0.0442586000000000
0.0384666000000000
0.0355689000000000
0.0339552000000000
0.0321544000000000
0.0293983000000000
0.0261237000000000
0.0242830000000000
0.0260148000000000
0.0316892000000000
0.0393139000000000
0.0459825000000000
0.0495454000000000
0.0488937000000000
0.0442069000000000
0.0372156000000000
0.0303305000000000
0.0254217000000000
0.0230045000000000
0.0221779000000000
0.0214076000000000
0.0188965000000000
0.0124393000000000
-0.000378365000000000
-0.0212056000000000
-0.0497913000000000
-0.0834810000000000
-0.118247000000000
-0.149930000000000
-0.174964000000000
-0.190913000000000
-0.197174000000000
-0.195486000000000
-0.189610000000000
-0.183766000000000
-0.180726000000000
-0.181330000000000
-0.184970000000000
-0.190537000000000
-0.197075000000000
-0.203659000000000
-0.207897000000000
-0.204506000000000
-0.187885000000000
-0.156112000000000
-0.112707000000000
-0.0653070000000000
-0.0222547000000000
0.0104201000000000
0.0301240000000000
0.0381845000000000
0.0387412000000000
0.0368087000000000
0.0370263000000000
0.0429026000000000
0.0563129000000000
0.0769746000000000
0.102669000000000
0.130287000000000
0.156617000000000
0.178978000000000
0.195779000000000
0.206386000000000
0.211357000000000
0.211916000000000
0.209138000000000
0.203361000000000
0.194217000000000
0.181194000000000
0.164588000000000
0.146165000000000
0.129089000000000
0.116618000000000
0.110898000000000
0.112095000000000
0.118118000000000
0.125752000000000
0.132232000000000
0.134983000000000
0.131992000000000
0.122941000000000
0.108742000000000
0.0909141000000000
0.0712485000000000
0.0516399000000000
0.0334711000000000
0.0174376000000000
0.00364735000000000
-0.00852210000000000
-0.0203084000000000
-0.0327889000000000
-0.0466511000000000
-0.0616843000000000
-0.0759992000000000
-0.0868660000000000
-0.0924190000000000
-0.0925083000000000
-0.0885183000000000
-0.0826465000000000
-0.0766894000000000
-0.0710972000000000
-0.0650919000000000
-0.0576501000000000
-0.0481718000000000
-0.0369303000000000
-0.0255583000000000
-0.0164730000000000
-0.0117902000000000
-0.0124349000000000
-0.0170675000000000
-0.0223675000000000
-0.0246664000000000
-0.0209065000000000
-0.0100023000000000
0.00634417000000000
0.0245694000000000
0.0407303000000000
0.0513743000000000
0.0537635000000000
0.0460495000000000
0.0277240000000000
0.000371318000000000
-0.0322009000000000
-0.0648317000000000
-0.0922956000000000
-0.110624000000000
-0.117895000000000
-0.114521000000000
-0.102885000000000
-0.0867168000000000
-0.0704693000000000
-0.0586304000000000
-0.0541482000000000
-0.0570504000000000
-0.0649490000000000
-0.0745049000000000
-0.0825918000000000
-0.0869415000000000
-0.0869184000000000
-0.0835030000000000
-0.0783495000000000
-0.0728115000000000
-0.0674574000000000
-0.0622776000000000
-0.0572814000000000
-0.0527687000000000
-0.0494829000000000
-0.0481421000000000
-0.0491550000000000
-0.0524680000000000
-0.0575827000000000
-0.0639644000000000
-0.0710419000000000
-0.0779436000000000
-0.0837347000000000
-0.0867933000000000
-0.0839260000000000
-0.0713354000000000
-0.0473182000000000
-0.0139194000000000
0.0233697000000000
0.0573611000000000
0.0817636000000000
0.0932284000000000
0.0918646000000000
0.0804413000000000
0.0635485000000000
0.0463024000000000
0.0328251000000000
0.0250612000000000
0.0230592000000000
0.0256674000000000
0.0309384000000000
0.0364524000000000
0.0398146000000000
0.0388822000000000
0.0324112000000000
0.0198920000000000
0.00160410000000000
-0.0208169000000000
-0.0446755000000000
-0.0672208000000000
-0.0857877000000000
-0.0982906000000000
-0.103764000000000
-0.102555000000000
-0.0962248000000000
-0.0873295000000000
-0.0788651000000000
-0.0728268000000000
-0.0691972000000000
-0.0662138000000000
-0.0612888000000000
-0.0523246000000000
-0.0385745000000000
-0.0206997000000000
-0.000277369000000000
0.0210337000000000
0.0418324000000000
0.0611986000000000
0.0791153000000000
0.0962498000000000
0.113177000000000
0.129487000000000
0.144057000000000
0.155654000000000
0.163224000000000
0.166073000000000
0.163964000000000
0.157212000000000
0.147499000000000
0.137360000000000
0.129051000000000
0.123615000000000
0.120676000000000
0.118724000000000
0.115697000000000
0.109058000000000
0.0969269000000000
0.0787663000000000
0.0552505000000000
0.0282750000000000
0.000311788000000000
-0.0264210000000000
-0.0502691000000000
-0.0699495000000000
-0.0842375000000000
-0.0919396000000000
-0.0922610000000000
-0.0856874000000000
-0.0740739000000000
-0.0599977000000000
-0.0462312000000000
-0.0350958000000000
-0.0271721000000000
-0.0208965000000000
-0.0135100000000000
-0.00231438000000000
0.0142793000000000
0.0359378000000000
0.0603044000000000
0.0838484000000000
0.102890000000000
0.114065000000000
0.115293000000000
0.107079000000000
0.0916032000000000
0.0718689000000000
0.0511449000000000
0.0321636000000000
0.0166959000000000
0.00566443000000000
-0.000677828000000000
-0.00265490000000000
-0.000961899000000000
0.00330561000000000
0.00824727000000000
0.0115366000000000
0.0110335000000000
0.00540449000000000
-0.00520382000000000
-0.0194606000000000
-0.0351302000000000
-0.0495173000000000
-0.0602565000000000
-0.0658767000000000
-0.0662397000000000
-0.0621341000000000
-0.0545154000000000
-0.0444162000000000
-0.0329703000000000
-0.0214394000000000
-0.0113993000000000
-0.00422865000000000
-0.000489555000000000
0.000202931000000000
-0.000760497000000000
-0.00157469000000000
-0.000305992000000000
0.00471359000000000
0.0137642000000000
0.0252908000000000
0.0363683000000000
0.0434911000000000
0.0434436000000000
0.0345298000000000
0.0177210000000000
-0.00355913000000000
-0.0247009000000000
-0.0418049000000000
-0.0531031000000000
-0.0584526000000000
-0.0583951000000000
-0.0541309000000000
-0.0473794000000000
-0.0398434000000000
-0.0331121000000000
-0.0284746000000000
-0.0269252000000000
-0.0288877000000000
-0.0336911000000000
-0.0393877000000000
-0.0435887000000000
-0.0439122000000000
-0.0379104000000000
-0.0239728000000000
-0.00223235000000000
0.0249848000000000
0.0537514000000000
0.0793259000000000
0.0973678000000000
0.105318000000000
0.103329000000000
0.0941423000000000
0.0818971000000000
0.0706583000000000
0.0636079000000000
0.0624640000000000
0.0669360000000000
0.0747199000000000
0.0823506000000000
0.0864427000000000
0.0846462000000000
0.0760982000000000
0.0613434000000000
0.0419108000000000
0.0197263000000000
-0.00276566000000000
-0.0228517000000000
-0.0380521000000000
-0.0464748000000000
-0.0471496000000000
-0.0411736000000000
-0.0318905000000000
-0.0236574000000000
-0.0202075000000000
-0.0232140000000000
-0.0315743000000000
-0.0420536000000000
-0.0504302000000000
-0.0529336000000000
-0.0483184000000000
-0.0381816000000000
-0.0251385000000000
-0.0119260000000000
-0.000523855000000000
0.00849741000000000
0.0161922000000000
0.0241452000000000
0.0330258000000000
0.0422050000000000
0.0499618000000000
0.0544214000000000
0.0548642000000000
0.0521207000000000
0.0480143000000000
0.0447364000000000
0.0443346000000000
0.0478754000000000
0.0550448000000000
0.0643953000000000
0.0738180000000000
0.0808893000000000
0.0831345000000000
0.0787653000000000
0.0673428000000000
0.0497535000000000
0.0280404000000000
0.00485710000000000
-0.0170786000000000
-0.0350304000000000
-0.0472058000000000
-0.0534842000000000
-0.0551026000000000
-0.0541756000000000
-0.0532890000000000
-0.0546682000000000
-0.0595135000000000
-0.0676386000000000
-0.0771457000000000
-0.0851461000000000
-0.0894130000000000
-0.0892431000000000
-0.0852943000000000
-0.0789005000000000
-0.0716379000000000
-0.0650482000000000
-0.0596951000000000
-0.0554222000000000
-0.0520069000000000
-0.0494727000000000
-0.0481186000000000
-0.0480754000000000
-0.0494135000000000
-0.0518756000000000
-0.0544278000000000
-0.0552583000000000
-0.0525910000000000
-0.0456439000000000
-0.0353217000000000
-0.0237780000000000
-0.0136961000000000
-0.00787460000000000
-0.00806587000000000
-0.0140456000000000
-0.0239582000000000
-0.0351446000000000
-0.0449794000000000
-0.0516510000000000
-0.0544180000000000
-0.0533343000000000
-0.0491975000000000
-0.0427021000000000
-0.0339020000000000
-0.0229636000000000
-0.0107385000000000
0.00127986000000000
0.0114582000000000
0.0184380000000000
0.0215899000000000
0.0213675000000000
0.0193174000000000
0.0176507000000000
0.0180778000000000
0.0211903000000000
0.0264328000000000
0.0321618000000000
0.0366457000000000
0.0386166000000000
0.0376201000000000
0.0342314000000000
0.0299540000000000
0.0263814000000000
0.0247879000000000
0.0259774000000000
0.0298655000000000
0.0353646000000000
0.0410239000000000
0.0454906000000000
0.0481804000000000
0.0493631000000000
0.0495271000000000
0.0490146000000000
0.0479899000000000
0.0463942000000000
0.0444706000000000
0.0432048000000000
0.0440905000000000
0.0481873000000000
0.0555860000000000
0.0653825000000000
0.0760167000000000
0.0853832000000000
0.0913692000000000
0.0925543000000000
0.0887430000000000
0.0810604000000000
0.0714014000000000
0.0617780000000000
0.0539269000000000
0.0490880000000000
0.0478306000000000
0.0501411000000000
0.0553691000000000
0.0625602000000000
0.0703187000000000
0.0770758000000000
0.0814458000000000
0.0822680000000000
0.0789621000000000
0.0711889000000000
0.0584322000000000
0.0404424000000000
0.0182987000000000
-0.00512636000000000
-0.0261434000000000
-0.0411282000000000
-0.0474554000000000
-0.0452039000000000
-0.0372744000000000
-0.0277966000000000
-0.0202772000000000
-0.0171960000000000
-0.0198285000000000
-0.0274693000000000
-0.0379449000000000
-0.0482475000000000
-0.0554030000000000
-0.0579029000000000
-0.0557085000000000
-0.0500845000000000
-0.0432021000000000
-0.0373706000000000
-0.0343716000000000
-0.0349208000000000
-0.0386877000000000
-0.0446788000000000
-0.0513956000000000
-0.0574446000000000
-0.0620437000000000
-0.0649661000000000
-0.0663885000000000
-0.0668193000000000
-0.0667495000000000
-0.0666344000000000
-0.0665802000000000
-0.0664720000000000
-0.0660638000000000
-0.0645998000000000
-0.0614247000000000
-0.0563847000000000
-0.0495831000000000
-0.0417134000000000
-0.0340685000000000
-0.0281542000000000
-0.0249581000000000
-0.0245332000000000
-0.0260865000000000
-0.0285613000000000
-0.0314180000000000
-0.0342675000000000
-0.0366517000000000
-0.0382543000000000
-0.0386216000000000
-0.0368907000000000
-0.0323334000000000
-0.0254042000000000
-0.0174745000000000
-0.0103530000000000
-0.00567955000000000
-0.00430545000000000
-0.00606521000000000
-0.00971661000000000
-0.0132698000000000
-0.0149151000000000
-0.0138163000000000
-0.0103891000000000
-0.00603515000000000
-0.00275284000000000
-0.00259995000000000
-0.00650204000000000
-0.0135546000000000
-0.0220333000000000
-0.0295432000000000
-0.0334432000000000
-0.0320068000000000
-0.0250619000000000
-0.0142334000000000
-0.00195852000000000
0.00972589000000000
0.0194635000000000
0.0268116000000000
0.0320838000000000
0.0360780000000000
0.0397833000000000
0.0439090000000000
0.0488097000000000
0.0543643000000000
0.0601039000000000
0.0655860000000000
0.0702652000000000
0.0730648000000000
0.0732137000000000
0.0706006000000000
0.0653301000000000
0.0580381000000000
0.0498522000000000
0.0418487000000000
0.0349780000000000
0.0297299000000000
0.0263525000000000
0.0247790000000000
0.0249602000000000
0.0264480000000000
0.0281846000000000
0.0289371000000000
0.0278160000000000
0.0246353000000000
0.0198729000000000
0.0142575000000000
0.00860895000000000
0.00411001000000000
0.00184887000000000
0.00255032000000000
0.00648415000000000
0.0130172000000000
0.0210735000000000
0.0297046000000000
0.0378992000000000
0.0442724000000000
0.0471950000000000
0.0453306000000000
0.0382959000000000
0.0270418000000000
0.0137460000000000
0.000895787000000000
-0.00950297000000000
-0.0160393000000000
-0.0182055000000000
-0.0170494000000000
-0.0144242000000000
-0.0120785000000000
-0.0112756000000000
-0.0126157000000000
-0.0156787000000000
-0.0192073000000000
-0.0221423000000000
-0.0243377000000000
-0.0261742000000000
-0.0280636000000000
-0.0306891000000000
-0.0346252000000000
-0.0397622000000000
-0.0454929000000000
-0.0506951000000000
-0.0540566000000000
-0.0549765000000000
-0.0538804000000000
-0.0522124000000000
-0.0517727000000000
-0.0539131000000000
-0.0588738000000000
-0.0658722000000000
-0.0731669000000000
-0.0784552000000000
-0.0798721000000000
-0.0765457000000000
-0.0689161000000000
-0.0584955000000000
-0.0472733000000000
-0.0372296000000000
-0.0302136000000000
-0.0273653000000000
-0.0283596000000000
-0.0317226000000000
-0.0353566000000000
-0.0372583000000000
-0.0363355000000000
-0.0326821000000000
-0.0271696000000000
-0.0208636000000000
-0.0146022000000000
-0.00865898000000000
-0.00263859000000000
0.00412201000000000
0.0115885000000000
0.0185658000000000
0.0233522000000000
0.0247769000000000
0.0226766000000000
0.0179690000000000
0.0123806000000000
0.00816359000000000
0.00717161000000000
0.00986666000000000
0.0155763000000000
0.0232817000000000
0.0316613000000000
0.0393065000000000
0.0448314000000000
0.0468971000000000
0.0446553000000000
0.0374954000000000
0.0256263000000000
0.0110611000000000
-0.00275042000000000
-0.0122415000000000
-0.0150980000000000
-0.0109930000000000
-0.00178326000000000
0.00890296000000000
0.0166523000000000
0.0181410000000000
0.0124577000000000
0.00103774000000000
-0.0130852000000000
-0.0264014000000000
-0.0357883000000000
-0.0394138000000000
-0.0374910000000000
-0.0318213000000000
-0.0244874000000000
-0.0171543000000000
-0.0107623000000000
-0.00571045000000000
-0.00193834000000000
0.00100187000000000
0.00381086000000000
0.00699994000000000
0.0108673000000000
0.0152090000000000
0.0191950000000000
0.0219425000000000
0.0230742000000000
0.0228736000000000
0.0222737000000000
0.0226663000000000
0.0249484000000000
0.0291137000000000
0.0342143000000000
0.0384010000000000
0.0396048000000000
0.0361968000000000
0.0277798000000000
0.0157561000000000
0.00323678000000000
-0.00617365000000000
-0.00987909000000000
-0.00686731000000000
0.00155849000000000
0.0121058000000000
0.0212559000000000
0.0264166000000000
0.0262703000000000
0.0210273000000000
0.0121520000000000
0.00166963000000000
-0.00838971000000000
-0.0165130000000000
-0.0223245000000000
-0.0260973000000000
-0.0283212000000000
-0.0295117000000000
-0.0297653000000000
-0.0289382000000000
-0.0271948000000000
-0.0249635000000000
-0.0226819000000000
-0.0202665000000000
-0.0173831000000000
-0.0140625000000000
-0.0106316000000000
-0.00769365000000000
-0.00585644000000000
-0.00592622000000000
-0.00828050000000000
-0.0120829000000000
-0.0157049000000000
-0.0175024000000000
-0.0168111000000000
-0.0143304000000000
-0.0115717000000000
-0.0100828000000000
-0.0108259000000000
-0.0138168000000000
-0.0179756000000000
-0.0216346000000000
-0.0234596000000000
-0.0230508000000000
-0.0208156000000000
-0.0176321000000000
-0.0139480000000000
-0.00951784000000000
-0.00388812000000000
0.00336400000000000
0.0118205000000000
0.0203183000000000
0.0273622000000000
0.0316873000000000
0.0328389000000000
0.0312933000000000
0.0283400000000000
0.0259671000000000
0.0261569000000000
0.0298710000000000
0.0367203000000000
0.0451737000000000
0.0533810000000000
0.0599215000000000
0.0642206000000000
0.0660178000000000
0.0653729000000000
0.0624965000000000
0.0575483000000000
0.0510353000000000
0.0436013000000000
0.0357315000000000
0.0277014000000000
0.0197588000000000
0.0123089000000000
0.00598468000000000
0.00154755000000000
-0.000720096000000000
-0.00156795000000000
-0.00209632000000000
-0.00323832000000000
-0.00565203000000000
-0.00967953000000000
-0.0149438000000000
-0.0204552000000000
-0.0251615000000000
-0.0281509000000000
-0.0291018000000000
-0.0286979000000000
-0.0278194000000000
-0.0268318000000000
-0.0257515000000000
-0.0238501000000000
-0.0204059000000000
-0.0155010000000000
-0.00958130000000000
-0.00327493000000000
0.00270548000000000
0.00774340000000000
0.0118911000000000
0.0155858000000000
0.0190670000000000
0.0226273000000000
0.0263897000000000
0.0300118000000000
0.0332364000000000
0.0361665000000000
0.0384319000000000
0.0394977000000000
0.0393250000000000
0.0380262000000000
0.0354737000000000
0.0317224000000000
0.0270399000000000
0.0213173000000000
0.0146170000000000
0.00771930000000000
0.00154391000000000
-0.00309111000000000
-0.00559244000000000
-0.00596558000000000
-0.00509245000000000
-0.00439968000000000
-0.00501415000000000
-0.00759397000000000
-0.0124232000000000
-0.0188968000000000
-0.0254255000000000
-0.0304941000000000
-0.0333349000000000
-0.0338682000000000
-0.0324694000000000
-0.0295462000000000
-0.0254539000000000
-0.0207343000000000
-0.0159896000000000
-0.0121096000000000
-0.0102406000000000
-0.0112169000000000
-0.0152758000000000
-0.0217459000000000
-0.0292217000000000
-0.0361809000000000
-0.0411830000000000
-0.0429819000000000
-0.0409213000000000
-0.0354092000000000
-0.0281242000000000
-0.0210732000000000
-0.0156892000000000
-0.0129189000000000
-0.0128284000000000
-0.0145253000000000
-0.0167824000000000
-0.0187834000000000
-0.0201039000000000
-0.0203519000000000
-0.0192068000000000
-0.0164856000000000
-0.0119876000000000
-0.00585757000000000
0.00137282000000000
0.00885130000000000
0.0151240000000000
0.0187430000000000
0.0193598000000000
0.0178179000000000
0.0154760000000000
0.0136686000000000
0.0133198000000000
0.0144989000000000
0.0162783000000000
0.0174749000000000
0.0174554000000000
0.0164175000000000
0.0153411000000000
0.0154042000000000
0.0172145000000000
0.0204957000000000
0.0243044000000000
0.0275049000000000
0.0288032000000000
0.0271605000000000
0.0227686000000000
0.0169456000000000
0.0117259000000000
0.00888098000000000
0.00934868000000000
0.0130476000000000
0.0186363000000000
0.0236592000000000
0.0258302000000000
0.0240656000000000
0.0184946000000000
0.0104164000000000
0.00188314000000000
-0.00496316000000000
-0.00896148000000000
-0.0100982000000000
-0.00892338000000000
-0.00625044000000000
-0.00304231000000000
-0.000135738000000000
0.00177355000000000
0.00243416000000000
0.00165716000000000
-0.000830481000000000
-0.00504664000000000
-0.0107395000000000
-0.0173945000000000
-0.0243506000000000
-0.0306638000000000
-0.0351587000000000
-0.0368168000000000
-0.0351137000000000
-0.0304956000000000
-0.0240621000000000
-0.0168508000000000
-0.0103244000000000
-0.00611913000000000
-0.00518966000000000
-0.00743772000000000
-0.0119252000000000
-0.0173194000000000
-0.0223487000000000
-0.0257327000000000
-0.0265365000000000
-0.0247463000000000
-0.0212341000000000
-0.0172691000000000
-0.0137734000000000
-0.0113667000000000
-0.0104653000000000
-0.0111217000000000
-0.0126258000000000
-0.0138235000000000
-0.0138851000000000
-0.0124926000000000
-0.00972228000000000
-0.00606297000000000
-0.00234775000000000
0.000292602000000000
0.000883941000000000
-0.000870345000000000
-0.00407530000000000
-0.00736477000000000
-0.00989467000000000
-0.0116354000000000
-0.0127466000000000
-0.0133188000000000
-0.0134314000000000
-0.0128148000000000
-0.0107031000000000
-0.00628178000000000
0.000268694000000000
0.00756093000000000
0.0138044000000000
0.0174698000000000
0.0177755000000000
0.0153056000000000
0.0118446000000000
0.00961831000000000
0.0102909000000000
0.0142498000000000
0.0206385000000000
0.0278087000000000
0.0339624000000000
0.0379661000000000
0.0392936000000000
0.0380666000000000
0.0350448000000000
0.0310152000000000
0.0262497000000000
0.0210709000000000
0.0162232000000000
0.0128310000000000
0.0119562000000000
0.0139334000000000
0.0181392000000000
0.0229622000000000
0.0263933000000000
0.0267358000000000
0.0230712000000000
0.0158171000000000
0.00681794000000000
-0.00179001000000000
-0.00823554000000000
-0.0114624000000000
-0.0114121000000000
-0.00856701000000000
-0.00381707000000000
0.00158669000000000
0.00634847000000000
0.00933519000000000
0.00985204000000000
0.00771124000000000
0.00329483000000000
-0.00254786000000000
-0.00860820000000000
-0.0132321000000000
-0.0144046000000000
-0.0111938000000000
-0.00429378000000000
0.00457943000000000
0.0130264000000000
0.0185244000000000
0.0193027000000000
0.0150303000000000
0.00727550000000000
-0.00106387000000000
-0.00732472000000000
-0.0102695000000000
-0.0104108000000000
-0.00944121000000000
-0.00902071000000000
-0.0101311000000000
-0.0127755000000000
-0.0161690000000000
-0.0194639000000000
-0.0221357000000000
-0.0242792000000000
-0.0267911000000000
-0.0304773000000000
-0.0354097000000000
-0.0408306000000000
-0.0450496000000000
-0.0468532000000000
-0.0458351000000000
-0.0420896000000000
-0.0363195000000000
-0.0298299000000000
-0.0240181000000000
-0.0197764000000000
-0.0173149000000000
-0.0160070000000000
-0.0150937000000000
-0.0141660000000000
-0.0132419000000000
-0.0124364000000000
-0.0118700000000000
-0.0116507000000000
-0.0115300000000000
-0.0108163000000000
-0.00892405000000000
-0.00594905000000000
-0.00273191000000000
-0.000220761000000000
0.00108342000000000
0.000626685000000000
-0.00170738000000000
-0.00500002000000000
-0.00801647000000000
-0.00991356000000000
-0.0103483000000000
-0.00969262000000000
-0.00874865000000000
-0.00812667000000000
-0.00814164000000000
-0.00879621000000000
-0.00958882000000000
-0.00973414000000000
-0.00865780000000000
-0.00613880000000000
-0.00219562000000000
0.00293156000000000
0.00885296000000000
0.0147067000000000
0.0193555000000000
0.0220688000000000
0.0228514000000000
0.0218284000000000
0.0193093000000000
0.0159899000000000
0.0129262000000000
0.0110386000000000
0.0108017000000000
0.0124753000000000
0.0161785000000000
0.0213213000000000
0.0265587000000000
0.0304322000000000
0.0319963000000000
0.0309377000000000
0.0276573000000000
0.0233513000000000
0.0195496000000000
0.0174373000000000
0.0173582000000000
0.0188186000000000
0.0208471000000000
0.0223889000000000
0.0228022000000000
0.0220564000000000
0.0207474000000000
0.0198198000000000
0.0199239000000000
0.0211256000000000
0.0229262000000000
0.0246459000000000
0.0258430000000000
0.0263010000000000
0.0258837000000000
0.0244964000000000
0.0222450000000000
0.0192310000000000
0.0155977000000000
0.0119169000000000
0.00894680000000000
0.00743188000000000
0.00752983000000000
0.00862159000000000
0.00973533000000000
0.00979789000000000
0.00797032000000000
0.00390017000000000
-0.00205742000000000
-0.00886130000000000
-0.0151860000000000
-0.0198956000000000
-0.0223110000000000
-0.0221141000000000
-0.0195764000000000
-0.0156740000000000
-0.0111859000000000
-0.00668143000000000
-0.00279605000000000
-0.000202712000000000
0.000761899000000000
0.000317196000000000
-0.00113918000000000
-0.00279358000000000
-0.00393151000000000
-0.00389712000000000
-0.00220179000000000
0.000960904000000000
0.00490533000000000
0.00884048000000000
0.0120998000000000
0.0140756000000000
0.0144036000000000
0.0131158000000000
0.0102974000000000
0.00607013000000000
0.000915043000000000
-0.00455832000000000
-0.00971530000000000
-0.0138942000000000
-0.0165206000000000
-0.0173895000000000
-0.0169315000000000
-0.0157859000000000
-0.0147332000000000
-0.0147408000000000
-0.0163326000000000
-0.0192103000000000
-0.0226322000000000
-0.0259150000000000
-0.0283694000000000
-0.0294764000000000
-0.0290175000000000
-0.0269923000000000
-0.0239247000000000
-0.0203010000000000
-0.0161074000000000
-0.0114517000000000
-0.00673110000000000
-0.00207653000000000
0.00222492000000000
0.00534443000000000
0.00640306000000000
0.00497913000000000
0.00146308000000000
-0.00343248000000000
-0.00868505000000000
-0.0130745000000000
-0.0156659000000000
-0.0159416000000000
-0.0135253000000000
-0.00854179000000000
-0.00185128000000000
0.00526241000000000
0.0114884000000000
0.0157020000000000
0.0171844000000000
0.0157622000000000
0.0117963000000000
0.00635422000000000
0.000893748000000000
-0.00333878000000000
-0.00532202000000000
-0.00441722000000000
-0.000721336000000000
0.00502322000000000
0.0115606000000000
0.0173882000000000
0.0212043000000000
0.0222388000000000
0.0203964000000000
0.0163419000000000
0.0115309000000000
0.00733978000000000
0.00466370000000000
0.00403189000000000
0.00501889000000000
0.00675699000000000
0.00860061000000000
0.0101729000000000
0.0112932000000000
0.0118371000000000
0.0119116000000000
0.0117133000000000
0.0113405000000000
0.0111677000000000
0.0117669000000000
0.0133167000000000
0.0159791000000000
0.0196929000000000
0.0237811000000000
0.0274783000000000
0.0301848000000000
0.0315507000000000
0.0316893000000000
0.0311684000000000
0.0306766000000000
0.0306487000000000
0.0313352000000000
0.0327431000000000
0.0343755000000000
0.0356287000000000
0.0361743000000000
0.0357347000000000
0.0343202000000000
0.0320163000000000
0.0288752000000000
0.0252955000000000
0.0219216000000000
0.0192470000000000
0.0173561000000000
0.0159906000000000
0.0149667000000000
0.0140539000000000
0.0126496000000000
0.0102976000000000
0.00701412000000000
0.00312848000000000
-0.00100568000000000
-0.00499944000000000
-0.00812383000000000
-0.00976904000000000
-0.00994988000000000
-0.00912325000000000
-0.00771160000000000
-0.00593390000000000
-0.00408326000000000
-0.00305892000000000
-0.00356708000000000
-0.00548330000000000
-0.00838649000000000
-0.0117646000000000
-0.0147686000000000
-0.0164942000000000
-0.0161552000000000
-0.0133323000000000
-0.00863072000000000
-0.00352465000000000
0.000392184000000000
0.00188469000000000
0.000418550000000000
-0.00379358000000000
-0.00994569000000000
-0.0168062000000000
-0.0229990000000000
-0.0270168000000000
-0.0278679000000000
-0.0256700000000000
-0.0213822000000000
-0.0161823000000000
-0.0112640000000000
-0.00793257000000000
-0.00693321000000000
-0.00793586000000000
-0.00986997000000000
-0.0118017000000000
-0.0130939000000000
-0.0130575000000000
-0.0113656000000000
-0.00832414000000000
-0.00431780000000000
1.92878000000000e-05
0.00395677000000000
0.00718112000000000
0.00944748000000000
0.0104153000000000
0.00994634000000000
0.00811915000000000
0.00544791000000000
0.00289333000000000
0.00101649000000000
-0.000247933000000000
-0.00116709000000000
-0.00211442000000000
-0.00361597000000000
-0.00599806000000000
-0.00912040000000000
-0.0124334000000000
-0.0152478000000000
-0.0170534000000000
-0.0177715000000000
-0.0176842000000000
-0.0174911000000000
-0.0178739000000000
-0.0189388000000000
-0.0202255000000000
-0.0212864000000000
-0.0219119000000000
-0.0222570000000000
-0.0226522000000000
-0.0230571000000000
-0.0233335000000000
-0.0237390000000000
-0.0244852000000000
-0.0253655000000000
-0.0261991000000000
-0.0270005000000000
-0.0274273000000000
-0.0269868000000000
-0.0255982000000000
-0.0234662000000000
-0.0209529000000000
-0.0183087000000000
-0.0157423000000000
-0.0135589000000000
-0.0117862000000000
-0.0102641000000000
-0.00887501000000000
-0.00754116000000000
-0.00632539000000000
-0.00540324000000000
-0.00479735000000000
-0.00432328000000000
-0.00360399000000000
-0.00236723000000000
-0.000865035000000000
0.000175249000000000
2.22257000000000e-05
-0.00161142000000000
-0.00461017000000000
-0.00849973000000000
-0.0125968000000000
-0.0159818000000000
-0.0179526000000000
-0.0184177000000000
-0.0177903000000000
-0.0162718000000000
-0.0140804000000000
-0.0117812000000000
-0.00986362000000000
-0.00868894000000000
-0.00845719000000000
-0.00911845000000000
-0.0106561000000000
-0.0130680000000000
-0.0161065000000000
-0.0191754000000000
-0.0215849000000000
-0.0228296000000000
-0.0228718000000000
-0.0218823000000000
-0.0200862000000000
-0.0180275000000000
-0.0162676000000000
-0.0151946000000000
-0.0149861000000000
-0.0156927000000000
-0.0169076000000000
-0.0179404000000000
-0.0180853000000000
-0.0170025000000000
-0.0148491000000000
-0.0121037000000000
-0.00941003000000000
-0.00748112000000000
-0.00698728000000000
-0.00800557000000000
-0.0100142000000000
-0.0123977000000000
-0.0143138000000000
-0.0148952000000000
-0.0137863000000000
-0.0113509000000000
-0.00860274000000000
-0.00683222000000000
-0.00678375000000000
-0.00850892000000000
-0.0115469000000000
-0.0150991000000000
-0.0183505000000000
-0.0203612000000000
-0.0204127000000000
-0.0184074000000000
-0.0146870000000000
-0.00975381000000000
-0.00430461000000000
0.000703854000000000
0.00440648000000000
0.00641873000000000
0.00696385000000000
0.00666753000000000
0.00642725000000000
0.00713180000000000
0.00934736000000000
0.0129399000000000
0.0172306000000000
0.0215405000000000
0.0255463000000000
0.0291239000000000
0.0322874000000000
0.0353927000000000
0.0388914000000000
0.0427845000000000
0.0464966000000000
0.0494313000000000
0.0512795000000000
0.0519131000000000
0.0513660000000000
0.0498684000000000
0.0477875000000000
0.0457026000000000
0.0440197000000000
0.0428547000000000
0.0421359000000000
0.0417244000000000
0.0413594000000000
0.0407171000000000
0.0398753000000000
0.0389100000000000
0.0380243000000000
0.0373177000000000
0.0366095000000000
0.0359587000000000
0.0355432000000000
0.0353521000000000
0.0351554000000000
0.0345092000000000
0.0330282000000000
0.0304351000000000
0.0266266000000000
0.0217559000000000
0.0164016000000000
0.0115576000000000
0.00818646000000000
0.00710493000000000
0.00862540000000000
0.0120012000000000
0.0159392000000000
0.0191392000000000
0.0205430000000000
0.0195932000000000
0.0164522000000000
0.0119143000000000
0.00720162000000000
0.00354331000000000
0.00163843000000000
0.00180002000000000
0.00406435000000000
0.00781315000000000
0.0118540000000000
0.0148562000000000
0.0160392000000000
0.0154180000000000
0.0134157000000000
0.0104380000000000
0.00711997000000000
0.00460970000000000
0.00334688000000000
0.00297215000000000
0.00312616000000000
0.00358727000000000
0.00402790000000000
0.00381514000000000
0.00241515000000000
-0.000172684000000000
-0.00353022000000000
-0.00710903000000000
-0.0104688000000000
-0.0127975000000000
-0.0136010000000000
-0.0134596000000000
-0.0132030000000000
-0.0133355000000000
-0.0140501000000000
-0.0152419000000000
-0.0168198000000000
-0.0184803000000000
-0.0197876000000000
-0.0205418000000000
-0.0207808000000000
-0.0205453000000000
-0.0198980000000000
-0.0189792000000000
-0.0177829000000000
-0.0162821000000000
-0.0145250000000000
-0.0125645000000000
-0.0105848000000000
-0.00910828000000000
-0.00846159000000000
-0.00852661000000000
-0.00915528000000000
-0.0102721000000000
-0.0118154000000000
-0.0134269000000000
-0.0146150000000000
-0.0151404000000000
-0.0150277000000000
-0.0142903000000000
-0.0127738000000000
-0.0107514000000000
-0.00872880000000000
-0.00714276000000000
-0.00609703000000000
-0.00551354000000000
-0.00516902000000000
-0.00465320000000000
-0.00338452000000000
-0.000828587000000000
0.00292811000000000
0.00689309000000000
0.0100487000000000
0.0115689000000000
0.0108836000000000
0.00801570000000000
0.00381638000000000
-0.000590800000000000
-0.00455800000000000
-0.00778953000000000
-0.0100624000000000
-0.0112262000000000
-0.0113797000000000
-0.0108304000000000
-0.00997337000000000
-0.00923168000000000
-0.00896510000000000
-0.00918383000000000
-0.00975389000000000
-0.0104023000000000
-0.0108452000000000
-0.0109791000000000
-0.0107086000000000
-0.00994640000000000
-0.00884352000000000
-0.00773934000000000
-0.00681043000000000
-0.00588536000000000
-0.00456094000000000
-0.00247694000000000
0.000298993000000000
0.00333977000000000
0.00612887000000000
0.00800328000000000
0.00842800000000000
0.00710252000000000
0.00420708000000000
0.000528347000000000
-0.00302276000000000
-0.00534898000000000
-0.00541573000000000
-0.00299190000000000
0.00132927000000000
0.00649447000000000
0.0112932000000000
0.0147557000000000
0.0162531000000000
0.0154568000000000
0.0129934000000000
0.00983193000000000
0.00679250000000000
0.00459733000000000
0.00395067000000000
0.00517183000000000
0.00790826000000000
0.0112912000000000
0.0143171000000000
0.0162609000000000
0.0167846000000000
0.0157600000000000
0.0133135000000000
0.00993836000000000
0.00647502000000000
0.00347592000000000
0.000998854000000000
-0.00108459000000000
-0.00273219000000000
-0.00395702000000000
-0.00489798000000000
-0.00549619000000000
-0.00548784000000000
-0.00490935000000000
-0.00409159000000000
-0.00341628000000000
-0.00324618000000000
-0.00404217000000000
-0.00593481000000000
-0.00857542000000000
-0.0113422000000000
-0.0135029000000000
-0.0144339000000000
-0.0136831000000000
-0.0113822000000000
-0.00807131000000000
-0.00458408000000000
-0.00184404000000000
-0.000574104000000000
-0.00102831000000000
-0.00291200000000000
-0.00571423000000000
-0.00875706000000000
-0.0110793000000000
-0.0121122000000000
-0.0118751000000000
-0.0107348000000000
-0.00896214000000000
-0.00676625000000000
-0.00461100000000000
-0.00309622000000000
-0.00254025000000000
-0.00296582000000000
-0.00445468000000000
-0.00668047000000000
-0.00883003000000000
-0.0102159000000000
-0.0101993000000000
-0.00861506000000000
-0.00594514000000000
-0.00272527000000000
0.000537504000000000
0.00364845000000000
0.00642271000000000
0.00861530000000000
0.0103200000000000
0.0115185000000000
0.0120092000000000
0.0116846000000000
0.0105003000000000
0.00867343000000000
0.00648872000000000
0.00441771000000000
0.00327271000000000
0.00329816000000000
0.00404059000000000
0.00497456000000000
0.00577831000000000
0.00629936000000000
0.00663559000000000
0.00689242000000000
0.00710920000000000
0.00753252000000000
0.00840122000000000
0.00957675000000000
0.0107108000000000
0.0117571000000000
0.0126442000000000
0.0131533000000000
0.0131187000000000
0.0127434000000000
0.0121429000000000
0.0112140000000000
0.00984549000000000
0.00801825000000000
0.00581964000000000
0.00328302000000000
0.000558667000000000
-0.00184764000000000
-0.00340574000000000
-0.00392228000000000
-0.00341611000000000
-0.00213948000000000
-0.000683234000000000
0.000302956000000000
0.000199544000000000
-0.00128212000000000
-0.00367087000000000
-0.00614653000000000
-0.00806887000000000
-0.00902722000000000
-0.00882126000000000
-0.00736116000000000
-0.00488239000000000
-0.00199463000000000
0.000800552000000000
0.00299712000000000
0.00418332000000000
0.00416052000000000
0.00309257000000000
0.00136048000000000
-0.000654898000000000
-0.00246263000000000
-0.00392952000000000
-0.00516222000000000
-0.00600684000000000
-0.00614323000000000
-0.00561943000000000
-0.00461659000000000
-0.00342827000000000
-0.00269802000000000
-0.00270151000000000
-0.00335192000000000
-0.00436078000000000
-0.00517947000000000
-0.00504426000000000
-0.00355001000000000
-0.00101620000000000
0.00198165000000000
0.00496852000000000
0.00727631000000000
0.00834824000000000
0.00811228000000000
0.00653174000000000
0.00359266000000000
-0.000261506000000000
-0.00434497000000000
-0.00804017000000000
-0.0106723000000000
-0.0118042000000000
-0.0115435000000000
-0.0104123000000000
-0.00932848000000000
-0.00918134000000000
-0.0104507000000000
-0.0131750000000000
-0.0167009000000000
-0.0202297000000000
-0.0230472000000000
-0.0241880000000000
-0.0232785000000000
-0.0208796000000000
-0.0176623000000000
-0.0140633000000000
-0.0106180000000000
-0.00783644000000000
-0.00600994000000000
-0.00472960000000000
-0.00387800000000000
-0.00368107000000000
-0.00379009000000000
-0.00350251000000000
-0.00275240000000000
-0.00172329000000000
-0.000552084000000000
0.000410625000000000
0.000919728000000000
0.00105618000000000
0.00106893000000000
0.00112733000000000
0.00127624000000000
0.00157674000000000
0.00190751000000000
0.00197786000000000
0.00149115000000000
0.000502298000000000
-0.000619979000000000
-0.00168500000000000
-0.00270341000000000
-0.00388732000000000
-0.00519200000000000
-0.00641704000000000
-0.00763375000000000
-0.00861558000000000
-0.00932276000000000
-0.0100321000000000
-0.0105249000000000
-0.0105902000000000
-0.0100125000000000
-0.00872445000000000
-0.00717866000000000
-0.00587960000000000
-0.00487917000000000
-0.00391252000000000
-0.00287018000000000
-0.00192374000000000
-0.00111548000000000
-0.000519026000000000
-0.000276692000000000
-0.000432813000000000
-0.000779219000000000
-0.000838206000000000
-0.000537201000000000
2.29961000000000e-06
0.000916496000000000
0.00215202000000000
0.00349059000000000
0.00464285000000000
0.00537858000000000
0.00591824000000000
0.00614881000000000
0.00578153000000000
0.00494033000000000
0.00402341000000000
0.00345134000000000
0.00359523000000000
0.00479364000000000
0.00693677000000000
0.00961507000000000
0.0123790000000000
0.0145167000000000
0.0154572000000000
0.0149167000000000
0.0131027000000000
0.0104670000000000
0.00736795000000000
0.00422580000000000
0.00177645000000000
0.000576376000000000
0.000495214000000000
0.00124546000000000
0.00260189000000000
0.00420356000000000
0.00557707000000000
0.00637316000000000
0.00645046000000000
0.00568620000000000
0.00396351000000000
0.00120281000000000
-0.00203965000000000
-0.00484504000000000
-0.00663137000000000
-0.00721575000000000
-0.00661059000000000
-0.00506758000000000
-0.00310905000000000
-0.00153495000000000
-0.000987578000000000
-0.00163003000000000
-0.00319877000000000
-0.00525988000000000
-0.00729816000000000
-0.00868843000000000
-0.00913505000000000
-0.00877775000000000
-0.00773979000000000
-0.00606715000000000
-0.00407465000000000
-0.00233257000000000
-0.00119107000000000
-0.000970002000000000
-0.00208790000000000
-0.00414151000000000
-0.00637972000000000
-0.00832355000000000
-0.00956743000000000
-0.00956505000000000
-0.00814217000000000
-0.00566450000000000
-0.00267419000000000
0.000205815000000000
0.00234029000000000
0.00350452000000000
0.00379968000000000
0.00333043000000000
0.00233232000000000
0.00125850000000000
0.000395343000000000
9.40792000000000e-05
0.000550515000000000
0.00158579000000000
0.00312477000000000
0.00546654000000000
0.00836295000000000
0.0111873000000000
0.0137219000000000
0.0157604000000000
0.0169675000000000
0.0170281000000000
0.0158684000000000
0.0140003000000000
0.0122996000000000
0.0113027000000000
0.0110920000000000
0.0115980000000000
0.0125135000000000
0.0133020000000000
0.0134583000000000
0.0126229000000000
0.0107645000000000
0.00819989000000000
0.00535759000000000
0.00262009000000000
0.000205371000000000
-0.00180132000000000
-0.00348066000000000
-0.00512645000000000
-0.00679651000000000
-0.00824223000000000
-0.00946428000000000
-0.0106224000000000
-0.0116006000000000
-0.0119296000000000
-0.0114576000000000
-0.0105271000000000
-0.00948808000000000
-0.00845943000000000
-0.00750203000000000
-0.00677218000000000
-0.00623602000000000
-0.00580764000000000
-0.00540578000000000
-0.00496067000000000
-0.00446288000000000
-0.00376496000000000
-0.00285955000000000
-0.00196705000000000
-0.00133488000000000
-0.00104633000000000
-0.00101445000000000
-0.00110878000000000
-0.00126265000000000
-0.00148203000000000
-0.00145442000000000
-0.00105151000000000
-0.000494189000000000
3.07499000000000e-05
0.000406817000000000
0.000536994000000000
0.000348315000000000
-0.000316440000000000
-0.00156928000000000
-0.00314522000000000
-0.00453249000000000
-0.00548850000000000
-0.00587398000000000
-0.00560568000000000
-0.00458412000000000
-0.00282163000000000
-0.000668039000000000
0.00134972000000000
0.00282247000000000
0.00335821000000000
0.00269260000000000
0.000837712000000000
-0.00172481000000000
-0.00417040000000000
-0.00577752000000000
-0.00621845000000000
-0.00552181000000000
-0.00375822000000000
-0.00138900000000000
0.000574193000000000
0.00160946000000000
0.00168518000000000
0.000947724000000000
-0.000191819000000000
-0.00114717000000000
-0.00145340000000000
-0.00112687000000000
-0.000285051000000000
0.000925868000000000
0.00204264000000000
0.00244938000000000
0.00187626000000000
0.000719332000000000
-0.000545119000000000
-0.00165367000000000
-0.00227750000000000
-0.00212972000000000
-0.00109137000000000
0.000753323000000000
0.00294304000000000
0.00486049000000000
0.00608773000000000
0.00644443000000000
0.00573565000000000
0.00392131000000000
0.00143169000000000
-0.00116764000000000
-0.00336728000000000
-0.00463658000000000
-0.00492914000000000
-0.00473553000000000
-0.00454854000000000
-0.00459694000000000
-0.00498611000000000
-0.00573448000000000
-0.00679084000000000
-0.00792425000000000
-0.00882971000000000
-0.00926506000000000
-0.00891982000000000
-0.00772129000000000
-0.00582193000000000
-0.00351931000000000
-0.00115751000000000
0.00112194000000000
0.00293494000000000
0.00374412000000000
0.00322727000000000
0.00192206000000000
0.000491767000000000
-0.000840390000000000
-0.00174226000000000
-0.00172567000000000
-0.000596203000000000
0.00133119000000000
0.00343555000000000
0.00515181000000000
0.00599999000000000
0.00560258000000000
0.00389348000000000
0.00125884000000000
-0.00174269000000000
-0.00448341000000000
-0.00659899000000000
-0.00790393000000000
-0.00830992000000000
-0.00807343000000000
-0.00756858000000000
-0.00665284000000000
-0.00545783000000000
-0.00454331000000000
-0.00418269000000000
-0.00429724000000000
-0.00477989000000000
-0.00532081000000000
-0.00552755000000000
-0.00504180000000000
-0.00340692000000000
-0.000830493000000000
0.00215363000000000
0.00524831000000000
0.00829564000000000
0.0111536000000000
0.0138256000000000
0.0162898000000000
0.0186300000000000
0.0208329000000000
0.0225875000000000
0.0233870000000000
0.0230954000000000
0.0219923000000000
0.0203243000000000
0.0184574000000000
0.0167458000000000
0.0153310000000000
0.0144052000000000
0.0140459000000000
0.0139506000000000
0.0141168000000000
0.0144125000000000
0.0141774000000000
0.0129621000000000
0.0109106000000000
0.00843813000000000
0.00612108000000000
0.00458893000000000
0.00421618000000000
0.00502548000000000
0.00668490000000000
0.00849267000000000
0.00987941000000000
0.0105343000000000
0.0103748000000000
0.00954580000000000
0.00832601000000000
0.00698444000000000
0.00572527000000000
0.00479283000000000
0.00440163000000000
0.00445604000000000
0.00470606000000000
0.00512934000000000
0.00564481000000000
0.00616800000000000
0.00659594000000000
0.00662955000000000
0.00624870000000000
0.00554473000000000
0.00459137000000000
0.00359852000000000
0.00275501000000000
0.00218295000000000
0.00199085000000000
0.00215089000000000
0.00248722000000000
0.00287976000000000
0.00311206000000000
0.00291610000000000
0.00224292000000000
0.00108579000000000
-0.000583860000000000
-0.00216520000000000
-0.00315065000000000
-0.00350990000000000
-0.00334072000000000
-0.00266818000000000
-0.00165899000000000
-0.000750059000000000
-0.000608142000000000
-0.00179374000000000
-0.00416644000000000
-0.00721067000000000
-0.0101987000000000
-0.0125218000000000
-0.0138540000000000
-0.0137290000000000
-0.0119844000000000
-0.00912126000000000
-0.00576649000000000
-0.00242594000000000
0.000249478000000000
0.00178219000000000
0.00203691000000000
0.00133488000000000
-9.50239000000000e-05
-0.00181375000000000
-0.00310280000000000
-0.00353383000000000
-0.00319714000000000
-0.00223218000000000
-0.000977210000000000
0.000200480000000000
0.00124526000000000
0.00199113000000000
0.00237716000000000
0.00265542000000000
0.00300010000000000
0.00337911000000000
0.00353846000000000
0.00321867000000000
0.00251486000000000
0.00153790000000000
0.000213775000000000
-0.00127646000000000
-0.00258017000000000
-0.00363309000000000
-0.00457205000000000
-0.00546815000000000
-0.00628220000000000
-0.00700771000000000
-0.00798226000000000
-0.00957969000000000
-0.0115453000000000
-0.0134729000000000
-0.0150451000000000
-0.0159780000000000
-0.0162587000000000
-0.0159977000000000
-0.0152529000000000
-0.0140039000000000
-0.0122038000000000
-0.00982331000000000
-0.00693036000000000
-0.00394159000000000
-0.00123535000000000
0.00102014000000000
0.00268543000000000
0.00368274000000000
0.00421344000000000
0.00470251000000000
0.00539549000000000
0.00638693000000000
0.00740766000000000
0.00790441000000000
0.00755231000000000
0.00642049000000000
0.00490200000000000
0.00344659000000000
0.00207777000000000
0.000654318000000000
-0.000678710000000000
-0.00178457000000000
-0.00266144000000000
-0.00337744000000000
-0.00403606000000000
-0.00460173000000000
-0.00517639000000000
-0.00596147000000000
-0.00703730000000000
-0.00824451000000000
-0.00951676000000000
-0.0107515000000000
-0.0114392000000000
-0.0111859000000000
-0.0101876000000000
-0.00887154000000000
-0.00741005000000000
-0.00604960000000000
-0.00520283000000000
-0.00497882000000000
-0.00541157000000000
-0.00642806000000000
-0.00758684000000000
-0.00828210000000000
-0.00797315000000000
-0.00645109000000000
-0.00396385000000000
-0.00108782000000000
0.00153776000000000
0.00355787000000000
0.00491047000000000
0.00562625000000000
0.00577401000000000
0.00555699000000000
0.00534561000000000
0.00539329000000000
0.00570839000000000
0.00602205000000000
0.00580747000000000
0.00477996000000000
0.00297855000000000
0.000621675000000000
-0.00196728000000000
-0.00429405000000000
-0.00578169000000000
-0.00640792000000000
-0.00652817000000000
-0.00659778000000000
-0.00699608000000000
-0.00765134000000000
-0.00815041000000000
-0.00801148000000000
-0.00705746000000000
-0.00547602000000000
-0.00358067000000000
-0.00172873000000000
-0.000251348000000000
0.000560107000000000
0.000632972000000000
0.000393153000000000
0.000226644000000000
0.000155454000000000
2.83814000000000e-05
-0.000166263000000000
-0.000143127000000000
0.000225333000000000
0.000705669000000000
0.00103554000000000
0.00110066000000000
0.000852477000000000
5.84117000000000e-05
-0.00159965000000000
-0.00382763000000000
-0.00592934000000000
-0.00743680000000000
-0.00809663000000000
-0.00796193000000000
-0.00726190000000000
-0.00617489000000000
-0.00518797000000000
-0.00473147000000000
-0.00483560000000000
-0.00532930000000000
-0.00605592000000000
-0.00666368000000000
-0.00677815000000000
-0.00615591000000000
-0.00472639000000000
-0.00268895000000000
-0.000204043000000000
0.00249229000000000
0.00498988000000000
0.00707516000000000
0.00859903000000000
0.00942267000000000
0.00978305000000000
0.0100533000000000
0.0102879000000000
0.0102207000000000
0.00993343000000000
0.00968956000000000
0.00944601000000000
0.00896387000000000
0.00810094000000000
0.00706623000000000
0.00612333000000000
0.00542511000000000
0.00495296000000000
0.00445034000000000
0.00392264000000000
0.00341988000000000
0.00287083000000000
0.00229053000000000
0.00159345000000000
0.000896106000000000
0.000622162000000000
0.000753004000000000
0.000927782000000000
0.000785602000000000
0.000273083000000000
-0.000400064000000000
-0.00107841000000000
-0.00140665000000000
-0.00147489000000000
-0.00147520000000000
-0.00124331000000000
-0.000586652000000000
0.000357520000000000
0.00140855000000000
0.00252707000000000
0.00367186000000000
0.00469467000000000
0.00558968000000000
0.00648322000000000
0.00724069000000000
0.00780999000000000
0.00824024000000000
0.00848579000000000
0.00840574000000000
0.00789580000000000
0.00708515000000000
0.00631877000000000
0.00572250000000000
0.00524972000000000
0.00469765000000000
0.00402370000000000
0.00338584000000000
0.00277457000000000
0.00200510000000000
0.00101045000000000
-0.000186483000000000
-0.00163892000000000
-0.00330905000000000
-0.00506520000000000
-0.00671146000000000
-0.00809324000000000
-0.00898698000000000
-0.00913178000000000
-0.00849789000000000
-0.00731538000000000
-0.00592382000000000
-0.00441964000000000
-0.00280683000000000
-0.00112146000000000
0.000341843000000000
0.00117523000000000
0.00145918000000000
0.00132828000000000
0.000880367000000000
0.000260494000000000
-0.000259323000000000
-0.000387883000000000
-0.000100346000000000
0.000585420000000000
0.00155808000000000
0.00264996000000000
0.00369722000000000
0.00473777000000000
0.00572472000000000
0.00633953000000000
0.00643500000000000
0.00617999000000000
0.00569773000000000
0.00500200000000000
0.00425516000000000
0.00368486000000000
0.00346492000000000
0.00380481000000000
0.00485106000000000
0.00625242000000000
0.00753395000000000
0.00843669000000000
0.00887749000000000
0.00886389000000000
0.00841949000000000
0.00759548000000000
0.00679769000000000
0.00656627000000000
0.00697912000000000
0.00764777000000000
0.00843413000000000
0.00937926000000000
0.0103301000000000
0.0110216000000000
0.0113127000000000
0.0112165000000000
0.0108207000000000
0.0101650000000000
0.00927906000000000
0.00835351000000000
0.00756389000000000
0.00643970000000000
0.00517690000000000
0.00385598000000000
0.00250422000000000
0.00103487000000000
-0.000342970000000000
-0.00138650000000000
-0.00196346000000000
-0.00212134000000000
-0.00204192000000000
-0.00169477000000000
-0.000919758000000000
0.000213017000000000
0.00139981000000000
0.00243993000000000
0.00336222000000000
0.00410183000000000
0.00441383000000000
0.00433325000000000
0.00424712000000000
0.00427094000000000
0.00434646000000000
0.00448967000000000
0.00468278000000000
0.00485233000000000
0.00476723000000000
0.00431196000000000
0.00345844000000000
0.00227709000000000
0.000851966000000000
-0.000843711000000000
-0.00270493000000000
-0.00438506000000000
-0.00585108000000000
-0.00715608000000000
-0.00806923000000000
-0.00827654000000000
-0.00787108000000000
-0.00718251000000000
-0.00641850000000000
-0.00582079000000000
-0.00548992000000000
-0.00542913000000000
-0.00574231000000000
-0.00623764000000000
-0.00661737000000000
-0.00669281000000000
-0.00632859000000000
-0.00551443000000000
-0.00430517000000000
-0.00289542000000000
-0.00120165000000000
0.000727439000000000
0.00235319000000000
0.00334817000000000
0.00369951000000000
0.00340021000000000
0.00251177000000000
0.00129311000000000
-0.000163923000000000
-0.00186637000000000
-0.00359779000000000
-0.00509850000000000
-0.00635647000000000
-0.00759770000000000
-0.00899182000000000
-0.0105298000000000
-0.0121014000000000
-0.0135931000000000
-0.0149275000000000
-0.0161281000000000
-0.0171311000000000
-0.0177999000000000
-0.0180523000000000
-0.0177367000000000
-0.0166604000000000
-0.0148461000000000
-0.0125920000000000
-0.0102973000000000
-0.00839015000000000
-0.00718573000000000
-0.00686972000000000
-0.00738557000000000
-0.00846014000000000
-0.00967530000000000
-0.0106673000000000
-0.0112414000000000
-0.0111156000000000
-0.00999583000000000
-0.00798091000000000
-0.00555884000000000
-0.00328844000000000
-0.00137168000000000
-7.22832000000000e-05
0.000209551000000000
-0.000383872000000000
-0.00143955000000000
-0.00247301000000000
-0.00305241000000000
-0.00313217000000000
-0.00284140000000000
-0.00229183000000000
-0.00161998000000000
-0.00115630000000000
-0.00106568000000000
-0.00125231000000000
-0.00161260000000000
-0.00192184000000000
-0.00207507000000000
-0.00188157000000000
-0.00111023000000000
0.000185884000000000
0.00182073000000000
0.00361206000000000
0.00539810000000000
0.00709505000000000
0.00852228000000000
0.00944376000000000
0.00980351000000000
0.00983420000000000
0.00969494000000000
0.00951379000000000
0.00931677000000000
0.00896393000000000
0.00856050000000000
0.00821906000000000
0.00785851000000000
0.00743698000000000
0.00698767000000000
0.00649814000000000
0.00593438000000000
0.00531218000000000
0.00478065000000000
0.00435909000000000
0.00383437000000000
0.00320333000000000
0.00265958000000000
0.00218153000000000
0.00165338000000000
0.00106035000000000
0.000490941000000000
-0.000146071000000000
-0.000968566000000000
-0.00187827000000000
-0.00268386000000000
-0.00328711000000000
-0.00365909000000000
-0.00380516000000000
-0.00374888000000000
-0.00358680000000000
-0.00346979000000000
-0.00353977000000000
-0.00394721000000000
-0.00457734000000000
-0.00519873000000000
-0.00569134000000000
-0.00603087000000000
-0.00623173000000000
-0.00636148000000000
-0.00658552000000000
-0.00673264000000000
-0.00656626000000000
-0.00633085000000000
-0.00627487000000000
-0.00638445000000000
-0.00655430000000000
-0.00675174000000000
-0.00688195000000000
-0.00672885000000000
-0.00609566000000000
-0.00493105000000000
-0.00342718000000000
-0.00177083000000000
-0.000135851000000000
0.00130810000000000
0.00251236000000000
0.00346836000000000
0.00414130000000000
0.00448747000000000
0.00453995000000000
0.00442692000000000
0.00431607000000000
0.00427666000000000
0.00428693000000000
0.00427336000000000
0.00420601000000000
0.00409410000000000
0.00385421000000000
0.00327860000000000
0.00233250000000000
0.00133779000000000
0.000471958000000000
-0.000301261000000000
-0.000994106000000000
-0.00154201000000000
-0.00182316000000000
-0.00177570000000000
-0.00152682000000000
-0.00122406000000000
-0.000893629000000000
-0.000543137000000000
-0.000203573000000000
6.19975000000000e-05
0.000220744000000000
0.000292985000000000
0.000264564000000000
0.000194319000000000
0.000204206000000000
0.000369790000000000
0.000645624000000000
0.000938573000000000
0.00129772000000000
0.00168171000000000
0.00191025000000000
0.00191023000000000
0.00172575000000000
0.00156080000000000
0.00146860000000000
0.00137810000000000
0.00137991000000000
0.00150548000000000
0.00165248000000000
0.00179093000000000
0.00199286000000000
0.00223739000000000
0.00249156000000000
0.00279601000000000
0.00308063000000000
0.00327096000000000
0.00337791000000000
0.00344383000000000
0.00347720000000000
0.00337433000000000
0.00306277000000000
0.00262194000000000
0.00216933000000000
0.00176916000000000
0.00155854000000000
0.00151231000000000
0.00149368000000000
0.00145594000000000
0.00139372000000000
0.00133594000000000
0.00129472000000000
0.00126066000000000
0.00124420000000000
0.00130929000000000
0.00147149000000000
0.00162587000000000
0.00174146000000000
0.00186251000000000
0.00197486000000000
0.00201131000000000
0.00193429000000000
0.00178506000000000
0.00162917000000000
0.00149663000000000
0.00138616000000000
0.00131879000000000
0.00133176000000000
0.00143732000000000
0.00156740000000000
0.00164074000000000
0.00162743000000000
0.00151868000000000
0.00130919000000000
0.00104892000000000
0.000781325000000000
0.000586976000000000
0.000518234000000000
0.000525741000000000
0.000511927000000000
0.000418334000000000
0.000235344000000000
-3.06160000000000e-05
-0.000335159000000000
-0.000597967000000000
-0.000764208000000000
-0.000816260000000000
-0.000786294000000000
-0.000723770000000000
-0.000643065000000000
-0.000562591000000000
-0.000554040000000000
-0.000652992000000000
-0.000806909000000000
-0.000948367000000000
-0.00108627000000000
-0.00125088000000000
-0.00137678000000000
-0.00142711000000000
-0.00146725000000000
-0.00152781000000000
-0.00157357000000000
-0.00159184000000000
-0.00160215000000000
-0.00161662000000000
-0.00161629000000000
-0.00158078000000000
-0.00149979000000000
-0.00137748000000000
-0.00120671000000000
-0.000995381000000000
-0.000782963000000000
-0.000601427000000000
-0.000458029000000000
-0.000340463000000000
-0.000233467000000000
-0.000135755000000000
-4.54144000000000e-05
4.97579000000000e-05
0.000154549000000000
0.000257829000000000
0.000338998000000000
0.000392526000000000
0.000420299000000000
0.000421346000000000
0.000403336000000000
0.000382355000000000
0.000375191000000000
0.000393707000000000
0.000428098000000000
0.000458142000000000
0.000469245000000000
0.000452504000000000
0.000415466000000000
0.000369316000000000
0.000327406000000000
0.000308862000000000
0.000324279000000000
0.000363832000000000
0.000410851000000000
0.000448200000000000
0.000463815000000000
0.000448524000000000
0.000396871000000000
0.000319494000000000
0.000237143000000000
0.000165159000000000
0.000106804000000000
6.29769000000000e-05
3.50446000000000e-05
1.77329000000000e-05
5.78791000000000e-06
-3.79676000000000e-06
-1.27256000000000e-05
-2.30694000000000e-05
-3.62362000000000e-05
-5.50899000000000e-05
-7.98003000000000e-05
-0.000103598000000000
-0.000120816000000000
-0.000130401000000000
-0.000132169000000000
-0.000126371000000000
-0.000116232000000000
-0.000105060000000000
-9.51137000000000e-05
-8.75520000000000e-05
-8.26944000000000e-05
-8.05178000000000e-05
-8.05925000000000e-05
-8.22135000000000e-05
-8.49508000000000e-05
-8.78217000000000e-05
-9.01086000000000e-05
-9.16104000000000e-05
-9.21880000000000e-05
-9.20474000000000e-05
-9.17270000000000e-05
-9.17955000000000e-05
-9.24326000000000e-05
-9.39225000000000e-05
-9.62882000000000e-05
-9.89750000000000e-05
-0.000101426000000000
-0.000103252000000000
-0.000104030000000000
-0.000103598000000000
-0.000102116000000000
-9.97873000000000e-05
-9.68519000000000e-05
-9.34822000000000e-05
-8.98738000000000e-05
-8.61895000000000e-05
-8.25166000000000e-05
-7.88967000000000e-05
-7.52910000000000e-05
-7.16955000000000e-05
-6.81242000000000e-05
-6.45766000000000e-05
-6.10207000000000e-05
-5.74172000000000e-05
-5.37874000000000e-05
-5.01743000000000e-05
-4.66008000000000e-05
-4.30720000000000e-05
-3.95875000000000e-05
-3.61418000000000e-05
-3.27220000000000e-05
-2.93131000000000e-05
-2.59072000000000e-05
-2.25050000000000e-05
-1.91093000000000e-05
-1.57219000000000e-05
-1.23440000000000e-05
-8.97556000000000e-06
-5.61691000000000e-06
0
0
0
0