-0.000335575000000000
0.000295665000000000
0.000958525000000000
-0.000275813000000000
-0.00169579000000000
0.00155889000000000
0.00330601000000000
0.00206862000000000
0.000677203000000000
0.00193983000000000
0.00392971000000000
0.00184572000000000
0.00218423000000000
0.00350296000000000
0.00266948000000000
0.000804794000000000
0.000525184000000000
0.00258342000000000
0.00419387000000000
0.00189466000000000
-0.00212427000000000
-0.00171130000000000
0.00207992000000000
0.00215935000000000
0.00232141000000000
0.00157056000000000
-0.000157438000000000
-0.000477841000000000
0.000371697000000000
0.00223410000000000
0.000301075000000000
-0.00152791000000000
-8.77840000000000e-05
0.00167772000000000
0.00282306000000000
0.00307590000000000
-0.00100116000000000
-0.00175097000000000
-0.000863686000000000
-8.55407000000000e-05
0.00193497000000000
-0.000892588000000000
-0.00342842000000000
0.000177167000000000
0.00349512000000000
0.00232710000000000
-0.00160205000000000
-0.00305362000000000
0.00230536000000000
0.00449111000000000
0.00113826000000000
0.000916813000000000
0.00237633000000000
-0.000463460000000000
-0.00228733000000000
-0.00184781000000000
0.000593967000000000
0.00408022000000000
0.00193710000000000
-0.00104752000000000
0.00102298000000000
0.00116976000000000
0.000510736000000000
-0.000276803000000000
0.00326250000000000
0.00368774000000000
-0.00218858000000000
-0.00159912000000000
-0.00131871000000000
0.00234707000000000
0.00266930000000000
-0.00142916000000000
0.000395528000000000
0.00327489000000000
0.00328908000000000
-0.00171411000000000
-0.00293718000000000
-0.00212127000000000
-0.00176437000000000
-0.00234687000000000
0.00324264000000000
0.00295083000000000
0.00113004000000000
-7.36488000000000e-05
-0.00352746000000000
0.00102370000000000
0.000437112000000000
-0.00115417000000000
-0.00251392000000000
0.00206070000000000
0.00304797000000000
0.00658219000000000
0.00466961000000000
-0.00118017000000000
-0.00105989000000000
0.000424125000000000
-0.000571475000000000
-0.000746994000000000
-9.01934000000000e-05
0.000737968000000000
0.00442723000000000
0.00427313000000000
0.00217696000000000
-0.00221932000000000
-0.00190218000000000
-0.000862871000000000
-0.000693625000000000
-0.00164842000000000
-0.00174029000000000
-0.00440766000000000
-0.00259418000000000
0.00182541000000000
0.00842984000000000
0.00423859000000000
-0.00514242000000000
0.00305831000000000
0.00693118000000000
0.00434541000000000
0.000229644000000000
-0.00663196000000000
-0.00899231000000000
0.00221538000000000
0.00833328000000000
0.00568937000000000
-0.000458232000000000
-0.0176178000000000
-0.0153881000000000
0.00637966000000000
0.0110308000000000
0.00359595000000000
-0.00740481000000000
-0.00570963000000000
-0.000662730000000000
0.00449331000000000
0.00896391000000000
-0.000364049000000000
-0.0117055000000000
-0.0111649000000000
0.00751426000000000
0.00869638000000000
0.000260925000000000
-0.00359269000000000
-0.00283591000000000
0.000461699000000000
0.00796272000000000
0.00326353000000000
-0.0199548000000000
-0.0260095000000000
-0.00792297000000000
0.0125657000000000
0.00938531000000000
-0.00486516000000000
-0.0161525000000000
-0.0122256000000000
0.00714111000000000
0.0188292000000000
0.00979913000000000
-0.00438300000000000
-0.0199778000000000
-0.0125788000000000
0.0170736000000000
0.0154375000000000
-0.00837449000000000
-0.0174750000000000
0.000618763000000000
0.0128822000000000
0.00841454000000000
-0.000482967000000000
-0.00338593000000000
-0.00389801000000000
-0.000128133000000000
0.00158849000000000
-0.00183876000000000
-0.00250179000000000
-0.00136658000000000
0.00709225000000000
0.00193509000000000
-0.00455317000000000
-0.00280391000000000
0.00610881000000000
0.00758268000000000
-0.00172282000000000
-0.00262351000000000
-0.00128021000000000
0.00709293000000000
0.00752028000000000
-0.00303573000000000
0.00450407000000000
0.00952244000000000
0.00179795000000000
-0.0125627000000000
-0.00723014000000000
0.00324931000000000
0.00173458000000000
0.00627457000000000
-0.000864441000000000
-0.00230777000000000
-0.00269030000000000
-0.000842089000000000
0.00730666000000000
0.00598369000000000
-0.00277405000000000
-0.00592078000000000
-0.00258949000000000
0.000879508000000000
-0.00319848000000000
0.00257776000000000
0.0118026000000000
0.00652817000000000
0.00599366000000000
0.00311928000000000
-0.00738266000000000
-0.00880661000000000
-0.00178801000000000
-0.00356793000000000
-0.0151990000000000
-0.00797845000000000
-0.00178095000000000
-0.00651173000000000
-0.00732877000000000
0.00107703000000000
0.00283345000000000
-0.00281125000000000
-0.0121473000000000
-0.0177727000000000
-0.000323523000000000
0.000981040000000000
-0.00151390000000000
-0.00293273000000000
-0.000339908000000000
0.00466522000000000
0.000621921000000000
-0.00981269000000000
-0.0118435000000000
-0.00362030000000000
0.00396951000000000
0.000134293000000000
-0.00132126000000000
0.00433157000000000
-0.00315116000000000
-0.00909063000000000
-0.00168137000000000
0.00717936000000000
0.00178967000000000
-0.00540644000000000
0.00445185000000000
0.0102148000000000
0.00388778000000000
-0.0103504000000000
-0.000501299000000000
0.0165225000000000
0.0120518000000000
0.0107687000000000
0.00352053000000000
-0.00932739000000000
-0.0133523000000000
0.00622964000000000
0.00864193000000000
-0.00282389000000000
-0.000976678000000000
0.00461700000000000
0.00392237000000000
0.00308699000000000
0.00589301000000000
-0.00156931000000000
-0.00670705000000000
-0.00884396000000000
-0.00788210000000000
0.00183544000000000
0.00697420000000000
0.00396928000000000
-0.00749858000000000
-0.00657242000000000
-0.00689474000000000
-0.00908366000000000
0.00104903000000000
0.000206507000000000
-0.00186205000000000
0.00367349000000000
0.00403254000000000
0.00133464000000000
-0.00986802000000000
-0.00742103000000000
0.00371125000000000
-0.00131429000000000
-0.00175696000000000
0.00369087000000000
0.00864501000000000
0.00510664000000000
0.00677842000000000
0.00903467000000000
0.0100251000000000
0.0138236000000000
0.00675397000000000
-0.00675796000000000
-0.00510249000000000
0.00290962000000000
-0.00273199000000000
-0.00455166000000000
0.000625866000000000
-0.00708328000000000
-0.0180789000000000
-0.0115988000000000
-0.00556957000000000
-0.00623460000000000
0.00207739000000000
0.00704786000000000
0.00583713000000000
0.00331163000000000
0.00354114000000000
-0.000369527000000000
-0.00581529000000000
-0.0108316000000000
-0.0145138000000000
-0.00961577000000000
-0.00568978000000000
0.00260590000000000
0.00646457000000000
0.0128610000000000
0.00802215000000000
-0.00505526000000000
-0.00181368000000000
0.00458582000000000
0.00400239000000000
-0.00614353000000000
-0.0188303000000000
-0.0255765000000000
-0.00183602000000000
0.0174389000000000
0.00476852000000000
-0.0137057000000000
-0.00750408000000000
0.00565598000000000
0.00304582000000000
0.00507768000000000
-0.000625120000000000
-0.00329240000000000
-0.00428586000000000
-0.00860248000000000
-0.0142267000000000
-0.000146633000000000
0.00157821000000000
-0.0102089000000000
-0.00918989000000000
-0.00531080000000000
0.00688638000000000
0.00262178000000000
-0.0113797000000000
-0.0110360000000000
0.000839917000000000
-0.00480576000000000
-0.00941001000000000
-0.00208741000000000
0.00878684000000000
0.0186125000000000
0.00488539000000000
-0.0166723000000000
-0.00925278000000000
0.0208954000000000
0.0165472000000000
-0.0112794000000000
-0.0178941000000000
2.52788000000000e-05
0.0146337000000000
0.000273195000000000
-0.0101308000000000
-0.0106254000000000
-0.00773984000000000
-0.00803255000000000
0.00684928000000000
0.0220065000000000
-0.00571604000000000
-0.0294728000000000
-0.0131701000000000
0.0154276000000000
0.0302809000000000
0.0168751000000000
0.000144047000000000
-0.00171844000000000
0.00168431000000000
0.00943532000000000
0.00133655000000000
0.00833481000000000
0.00836544000000000
-0.000106646000000000
0.000213667000000000
-0.00322676000000000
-0.00298907000000000
-0.0193141000000000
0.00153776000000000
0.0174365000000000
0.00292503000000000
-0.00593363000000000
-0.0222159000000000
-0.0357818000000000
-0.0244210000000000
-0.00480435000000000
0.00897589000000000
-0.00429020000000000
-0.00959008000000000
0.00620466000000000
0.0149389000000000
0.0233754000000000
0.00382001000000000
-0.0126703000000000
-0.00927672000000000
-0.00647678000000000
-0.00354016000000000
0.0104696000000000
0.0105584000000000
0.00641720000000000
0.0111347000000000
0.00368674000000000
-0.0103219000000000
-0.0240082000000000
-0.0128586000000000
-0.000598126000000000
-0.0115488000000000
0.000163895000000000
0.0229283000000000
0.0238076000000000
0.00162466000000000
-0.00898432000000000
0.00568740000000000
0.0110690000000000
0.00539270000000000
-0.00200123000000000
-0.00637291000000000
-0.00748977000000000
-0.0145542000000000
0.00305508000000000
0.00708616000000000
-0.0139615000000000
-0.0250295000000000
-0.0149426000000000
0.00175071000000000
-0.0111492000000000
-0.0151669000000000
-0.0205260000000000
-0.00786771000000000
0.0201048000000000
0.0307781000000000
0.0187340000000000
0.000821851000000000
-0.00948214000000000
-0.0110101000000000
0.00241829000000000
-0.00103131000000000
-0.0157529000000000
-0.00292943000000000
0.0170544000000000
0.00711460000000000
-0.00267735000000000
0.00211975000000000
0.0125075000000000
0.0131420000000000
0.00356727000000000
-0.00285664000000000
-0.00695699000000000
-0.00722724000000000
-0.00648769000000000
-0.00604497000000000
-0.00355816000000000
-0.0119201000000000
-0.00679146000000000
0.00254873000000000
-0.000563243000000000
0.00154311000000000
-0.000685544000000000
-0.00632915000000000
0.00476952000000000
0.00907600000000000
-0.00497853000000000
-0.0122429000000000
-0.00869429000000000
-0.00269358000000000
-0.0134688000000000
-0.00845851000000000
-0.0116347000000000
-0.00614811000000000
0.0124465000000000
0.000618670000000000
-0.0140479000000000
0.00766391000000000
0.0332976000000000
0.0238749000000000
0.000651568000000000
-0.00409138000000000
0.00809155000000000
0.00781722000000000
0.00898620000000000
0.0116413000000000
-0.000826098000000000
-0.00263756000000000
0.000775408000000000
-0.00841780000000000
-0.0169001000000000
-0.0144449000000000
-0.0108850000000000
-0.0218989000000000
-0.0122690000000000
0.00191614000000000
-0.00837968000000000
-0.00914463000000000
0.00247424000000000
0.00860246000000000
0.0122582000000000
0.0131538000000000
0.00473886000000000
-0.00833136000000000
-0.0151327000000000
-0.00164311000000000
0.0205797000000000
0.0339213000000000
0.0190059000000000
-0.0160963000000000
-0.0243052000000000
-0.00272296000000000
0.00697627000000000
-0.00757601000000000
-0.00749843000000000
0.00580956000000000
0.00475698000000000
0.00672971000000000
0.0197409000000000
0.0313965000000000
0.0247298000000000
-0.00745928000000000
-0.0328001000000000
-0.0312456000000000
-0.0191667000000000
-0.00201021000000000
0.00474837000000000
-0.00610948000000000
0.0127208000000000
0.0354424000000000
0.0368347000000000
0.00541267000000000
0.000590171000000000
0.000525969000000000
-0.00956279000000000
-0.00950358000000000
-0.0196525000000000
-0.0237447000000000
-0.0272596000000000
-0.0275533000000000
-0.0126010000000000
0.0173911000000000
0.0208663000000000
0.00501149000000000
-0.0105383000000000
0.00524009000000000
0.0108267000000000
0.0166214000000000
0.00692836000000000
0.0188920000000000
0.0334862000000000
0.0327590000000000
0.00823216000000000
-0.0233113000000000
-0.0180776000000000
-0.0150155000000000
-0.00288968000000000
-0.0108538000000000
0.00655972000000000
0.0118189000000000
-0.0136994000000000
-0.0176080000000000
-0.0140522000000000
-0.00514550000000000
0.00480568000000000
-0.0117876000000000
-0.0196895000000000
-0.000754159000000000
0.0139227000000000
-0.00700970000000000
0.000939222000000000
0.0145155000000000
-0.0105408000000000
-0.0223462000000000
-0.0325512000000000
-0.00993163000000000
-0.00499171000000000
-0.0268125000000000
-0.0269400000000000
-0.0103955000000000
-0.0146366000000000
-0.0316124000000000
-0.0392236000000000
-0.0199496000000000
-0.00486883000000000
-0.00428736000000000
0.0157843000000000
0.0357600000000000
0.0360079000000000
0.0477594000000000
0.0210140000000000
-0.0159997000000000
0.00728089000000000
0.0165201000000000
0.0282410000000000
0.0245384000000000
0.0238378000000000
0.0325435000000000
0.0445102000000000
0.0226415000000000
0.00518324000000000
0.0268440000000000
0.0282099000000000
-0.00154653000000000
-0.0232949000000000
-0.0184651000000000
-0.0230235000000000
-0.0349125000000000
-0.0601921000000000
-0.0510641000000000
0.00207898000000000
0.0501578000000000
0.0427934000000000
0.0294641000000000
0.0328628000000000
0.0211166000000000
0.000961435000000000
-0.0159399000000000
-0.00973212000000000
-0.00739626000000000
0.00502842000000000
0.0366281000000000
0.0295545000000000
0.00287131000000000
-0.0155284000000000
-0.0372339000000000
-0.0169410000000000
0.0253646000000000
0.0574528000000000
0.0610708000000000
0.0340735000000000
0.0151190000000000
0.00552693000000000
0.00346558000000000
0.0112860000000000
0.0177814000000000
0.0253121000000000
0.0502848000000000
0.0490589000000000
0.0295983000000000
0.0424871000000000
0.0572425000000000
0.0573844000000000
0.0645061000000000
0.0782149000000000
0.0819196000000000
0.0740902000000000
0.0640208000000000
0.0557680000000000
0.0332363000000000
-0.00856936000000000
-0.0358359000000000
-0.0308899000000000
-0.0125513000000000
0.00261825000000000
0.0114362000000000
0.0271667000000000
0.0464091000000000
0.0540214000000000
0.0452342000000000
0.0283920000000000
0.0116600000000000
-0.0128087000000000
-0.0371092000000000
-0.0408352000000000
-0.0386584000000000
-0.0278219000000000
-0.00146603000000000
0.0108220000000000
-0.00876401000000000
-0.0527504000000000
-0.0785961000000000
-0.0823007000000000
-0.0761399000000000
-0.0616476000000000
-0.0637508000000000
-0.0725564000000000
-0.0800034000000000
-0.0806724000000000
-0.0691780000000000
-0.0454303000000000
-0.0132380000000000
0.00428668000000000
-0.0114243000000000
-0.0288805000000000
-0.00957799000000000
0.0428542000000000
0.103716000000000
0.139602000000000
0.141125000000000
0.0838390000000000
0.0218047000000000
-0.00568932000000000
0.00260742000000000
0.0436798000000000
0.0752713000000000
0.111131000000000
0.138348000000000
0.146080000000000
0.148780000000000
0.121426000000000
0.0893069000000000
0.0499217000000000
0.00532736000000000
-0.00100168000000000
0.00360572000000000
-0.0185303000000000
-0.0670975000000000
-0.106668000000000
-0.118624000000000
-0.110429000000000
-0.0506610000000000
0.0150373000000000
0.0108462000000000
-0.0274007000000000
-0.0486738000000000
-0.00995757000000000
0.0552093000000000
0.0856584000000000
0.0919427000000000
0.0793804000000000
0.0616325000000000
0.0546741000000000
0.0671987000000000
0.104337000000000
0.119691000000000
0.0824000000000000
0.00890800000000000
-0.0552306000000000
-0.0900992000000000
-0.107566000000000
-0.115391000000000
-0.122934000000000
-0.131431000000000
-0.124917000000000
-0.113734000000000
-0.121531000000000
-0.124840000000000
-0.0979088000000000
-0.0773170000000000
-0.101010000000000
-0.140535000000000
-0.152735000000000
-0.116211000000000
-0.0339453000000000
0.0514594000000000
0.0955051000000000
0.0801368000000000
0.0336432000000000
0.00688462000000000
-0.00311847000000000
-0.00962295000000000
-0.00230949000000000
0.0213689000000000
0.0684021000000000
0.0824109000000000
0.0454502000000000
0.00835389000000000
-0.0266147000000000
-0.0250184000000000
0.0151391000000000
0.0521631000000000
0.0716013000000000
0.0880315000000000
0.104729000000000
0.0830765000000000
0.0231393000000000
-0.0137122000000000
-0.0105451000000000
-0.0115987000000000
-0.0237397000000000
0.00354131000000000
0.0745038000000000
0.105222000000000
0.0839838000000000
0.0712420000000000
0.0696927000000000
0.0657147000000000
0.0686810000000000
0.0419519000000000
0.0147027000000000
0.0249139000000000
0.0446367000000000
0.0392022000000000
0.0295765000000000
0.0435914000000000
0.0687681000000000
0.0963112000000000
0.0997211000000000
0.0943397000000000
0.0673617000000000
0.0444098000000000
0.0387121000000000
0.0372576000000000
0.0219526000000000
-0.0157741000000000
-0.0150662000000000
0.00605707000000000
0.0194977000000000
0.0371070000000000
0.0369918000000000
-0.000435007000000000
-0.0642992000000000
-0.120557000000000
-0.154397000000000
-0.180722000000000
-0.203999000000000
-0.222439000000000
-0.230100000000000
-0.241212000000000
-0.244803000000000
-0.225838000000000
-0.199112000000000
-0.181082000000000
-0.169700000000000
-0.149026000000000
-0.119631000000000
-0.0943751000000000
-0.0736313000000000
-0.0509801000000000
-0.0486331000000000
-0.0527916000000000
-0.0583444000000000
-0.0668634000000000
-0.0736769000000000
-0.0745071000000000
-0.0582330000000000
-0.0361132000000000
-0.0159110000000000
0.00247960000000000
0.0211477000000000
0.0431522000000000
0.0665847000000000
0.0901396000000000
0.111975000000000
0.138976000000000
0.157530000000000
0.168674000000000
0.168142000000000
0.136579000000000
0.0886702000000000
0.0399877000000000
0.0261024000000000
0.0285791000000000
0.0143134000000000
0.00792415000000000
0.0126417000000000
0.0297471000000000
0.0575177000000000
0.0707023000000000
0.0788603000000000
0.0801914000000000
0.0600465000000000
0.0291150000000000
0.00539601000000000
-0.00995698000000000
-0.0216502000000000
-0.0464596000000000
-0.0704694000000000
-0.0782947000000000
-0.0811079000000000
-0.0897411000000000
-0.112599000000000
-0.125533000000000
-0.133185000000000
-0.121262000000000
-0.0984537000000000
-0.0929946000000000
-0.0987290000000000
-0.111544000000000
-0.112195000000000
-0.106586000000000
-0.102443000000000
-0.0983861000000000
-0.0853983000000000
-0.0673137000000000
-0.0381519000000000
-0.00473049000000000
0.0188203000000000
0.0264632000000000
0.0166448000000000
-8.11500000000000e-05
-0.0122232000000000
-0.0123527000000000
-0.0212491000000000
-0.0303831000000000
-0.0454403000000000
-0.0677181000000000
-0.0855313000000000
-0.0738706000000000
-0.0245067000000000
0.0113290000000000
0.0209844000000000
0.0147900000000000
0.00769080000000000
0.00179014000000000
-0.0103611000000000
-0.0332508000000000
-0.0649504000000000
-0.0705307000000000
-0.0634601000000000
-0.0703766000000000
-0.0806337000000000
-0.0797840000000000
-0.0697992000000000
-0.0746085000000000
-0.0824022000000000
-0.0889577000000000
-0.0863842000000000
-0.0536106000000000
-0.00458321000000000
0.0367319000000000
0.0532274000000000
0.0665823000000000
0.0949475000000000
0.112939000000000
0.127697000000000
0.139218000000000
0.145570000000000
0.139968000000000
0.115594000000000
0.0900742000000000
0.0697406000000000
0.0590704000000000
0.0428994000000000
0.0175810000000000
-0.00837290000000000
-0.0302590000000000
-0.0440524000000000
-0.0535098000000000
-0.0565769000000000
-0.0485597000000000
-0.0348845000000000
-0.0237726000000000
-0.0109807000000000
0.0145907000000000
0.0463749000000000
0.0741302000000000
0.0800136000000000
0.0633632000000000
0.0364536000000000
0.0120134000000000
-0.0116802000000000
-0.0207041000000000
-0.00630164000000000
0.00127291000000000
-0.0103285000000000
-0.0273605000000000
-0.0355470000000000
-0.0407856000000000
-0.0432010000000000
-0.0403847000000000
-0.0361966000000000
-0.0208343000000000
-0.00332800000000000
0.0149545000000000
0.0379158000000000
0.0517021000000000
0.0592971000000000
0.0559566000000000
0.0493429000000000
0.0511851000000000
0.0607558000000000
0.0642677000000000
0.0623746000000000
0.0599093000000000
0.0458639000000000
0.0227130000000000
0.0193001000000000
0.0389525000000000
0.0510752000000000
0.0508570000000000
0.0457540000000000
0.0414934000000000
0.0407560000000000
0.0455817000000000
0.0476839000000000
0.0427961000000000
0.0315945000000000
0.0276645000000000
0.0292445000000000
0.0353298000000000
0.0476412000000000
0.0656443000000000
0.0792950000000000
0.0759606000000000
0.0728904000000000
0.0775100000000000
0.0731628000000000
0.0643592000000000
0.0573213000000000
0.0512890000000000
0.0620857000000000
0.0787709000000000
0.0799399000000000
0.0616268000000000
0.0266827000000000
-0.0207902000000000
-0.0594838000000000
-0.0779835000000000
-0.0796910000000000
-0.0609750000000000
-0.0317316000000000
-0.0200066000000000
-0.0196251000000000
-0.0154829000000000
-0.00593159000000000
-0.00145071000000000
0.00707651000000000
0.0218747000000000
0.0323644000000000
0.0289699000000000
0.0142115000000000
0.00499379000000000
-0.00405359000000000
-0.0141954000000000
-0.0216179000000000
-0.0173972000000000
-0.0155142000000000
-0.0175746000000000
-0.00865876000000000
0.0153153000000000
0.0366109000000000
0.0301135000000000
0.00735737000000000
-0.0256743000000000
-0.0468464000000000
-0.0309630000000000
-0.00927978000000000
-0.0180589000000000
-0.0359456000000000
-0.0404530000000000
-0.00777724000000000
0.0489888000000000
0.0705608000000000
0.0686789000000000
0.0687871000000000
0.0778080000000000
0.0808242000000000
0.0732527000000000
0.0771981000000000
0.0851796000000000
0.0868728000000000
0.0713953000000000
0.0422244000000000
0.0187032000000000
0.0112929000000000
0.0170437000000000
0.0220580000000000
0.0148375000000000
-0.00472000000000000
-0.0262308000000000
-0.0493154000000000
-0.0655201000000000
-0.0757486000000000
-0.0750020000000000
-0.0543531000000000
-0.0221333000000000
0.0140675000000000
0.0407732000000000
0.0443146000000000
0.0353672000000000
0.0245501000000000
0.0179986000000000
0.0256323000000000
0.0441178000000000
0.0651941000000000
0.0672147000000000
0.0358038000000000
0.00513141000000000
-0.0107653000000000
-0.0216711000000000
-0.0139068000000000
0.000657735000000000
0.0125050000000000
0.00315064000000000
-0.00595796000000000
0.0110424000000000
0.0326358000000000
0.0460682000000000
0.0337038000000000
0.000475230000000000
-0.0203593000000000
-0.0276757000000000
-0.0159080000000000
0.00357300000000000
-0.00356699000000000
-0.0268638000000000
-0.0486326000000000
-0.0636858000000000
-0.0722558000000000
-0.0683380000000000
-0.0588469000000000
-0.0600403000000000
-0.0670354000000000
-0.0601086000000000
-0.0517487000000000
-0.0523811000000000
-0.0525769000000000
-0.0485459000000000
-0.0498178000000000
-0.0523219000000000
-0.0516069000000000
-0.0585398000000000
-0.0739683000000000
-0.0776607000000000
-0.0631808000000000
-0.0398921000000000
-0.00166152000000000
0.0190802000000000
0.0196432000000000
0.0196697000000000
0.0184049000000000
0.0106693000000000
0.0113496000000000
0.0311988000000000
0.0582217000000000
0.0759615000000000
0.0765001000000000
0.0652036000000000
0.0534797000000000
0.0533043000000000
0.0582309000000000
0.0516080000000000
0.0321994000000000
0.00820393000000000
-0.00641573000000000
0.00276427000000000
0.0216853000000000
0.0344649000000000
0.0296402000000000
0.0186977000000000
0.00136584000000000
-0.0272013000000000
-0.0453440000000000
-0.0603962000000000
-0.0724924000000000
-0.0745150000000000
-0.0643426000000000
-0.0386845000000000
-0.0157977000000000
-0.00394227000000000
0.000448823000000000
-0.00256630000000000
-0.00286211000000000
-0.0114678000000000
-0.0220993000000000
-0.0128979000000000
-0.00239803000000000
0.00865468000000000
0.0190301000000000
0.00961959000000000
-0.00933508000000000
-0.0182315000000000
-0.0260039000000000
-0.0345220000000000
-0.0333459000000000
-0.0277869000000000
-0.00601911000000000
0.00129531000000000
0.00204194000000000
0.0119002000000000
-0.00157296000000000
-0.0175431000000000
-0.0150451000000000
0.00250293000000000
0.0117013000000000
-0.00184229000000000
0.00601884000000000
0.0361170000000000
0.0334660000000000
0.0113330000000000
-0.00698621000000000
-0.0224413000000000
-0.0444437000000000
-0.0444498000000000
-0.0387001000000000
-0.0448293000000000
-0.0237643000000000
-0.00472598000000000
-0.00159663000000000
0.00778225000000000
0.00202740000000000
-0.0205381000000000
-0.0487747000000000
-0.0489012000000000
-0.0329954000000000
-0.0368255000000000
-0.0404302000000000
-0.0444398000000000
-0.0345979000000000
-0.0132921000000000
-0.0116377000000000
-0.0283994000000000
-0.0423010000000000
-0.0448041000000000
-0.0251456000000000
-0.0222499000000000
-0.0318420000000000
-0.0216746000000000
-0.00632874000000000
0.00796655000000000
0.0251821000000000
0.0324639000000000
0.0131175000000000
-0.00274965000000000
-0.00183881000000000
0.0216885000000000
0.0395966000000000
0.0433053000000000
0.0456248000000000
0.0366334000000000
0.0183040000000000
-0.00546812000000000
-0.0205519000000000
-0.00107910000000000
0.0340313000000000
0.0496424000000000
0.0432296000000000
0.0351563000000000
0.0387946000000000
0.0334365000000000
0.0169594000000000
0.0111158000000000
0.0286282000000000
0.0385517000000000
0.00988462000000000
-0.0179991000000000
-0.0122780000000000
0.00856977000000000
0.0159117000000000
0.0119847000000000
0.00707437000000000
-0.000622578000000000
0.00716714000000000
0.0165389000000000
0.0175323000000000
0.0129545000000000
-0.00256377000000000
-0.00438042000000000
0.00465165000000000
0.0170456000000000
0.0334564000000000
0.0414715000000000
0.0385349000000000
0.0227341000000000
0.00735754000000000
0.0152166000000000
0.0294293000000000
0.0342436000000000
0.0280950000000000
0.00724417000000000
-0.00252236000000000
0.00215736000000000
0.00791625000000000
0.0109762000000000
0.00625869000000000
-0.00425652000000000
-0.00195747000000000
0.0140544000000000
0.0201010000000000
0.0177519000000000
0.0309150000000000
0.0520973000000000
0.0619249000000000
0.0596574000000000
0.0585283000000000
0.0677684000000000
0.0673257000000000
0.0458638000000000
0.0236288000000000
0.0166805000000000
0.0221559000000000
0.0302771000000000
0.0267621000000000
0.00847858000000000
0.00911502000000000
0.0219190000000000
0.0176952000000000
0.00665263000000000
-0.00684303000000000
-0.0274012000000000
-0.0538600000000000
-0.0681645000000000
-0.0710981000000000
-0.0716489000000000
-0.0632074000000000
-0.0479350000000000
-0.0397434000000000
-0.0393936000000000
-0.0412827000000000
-0.0470253000000000
-0.0511523000000000
-0.0455872000000000
-0.0310176000000000
-0.0185338000000000
-0.0147721000000000
-0.0121599000000000
-0.00696411000000000
-0.00764857000000000
-0.0102180000000000
-0.00304336000000000
0.00613558000000000
0.00886200000000000
0.00699331000000000
0.00596001000000000
0.00283774000000000
-0.00460728000000000
-0.00625360000000000
0.00125049000000000
0.00503362000000000
0.00248256000000000
4.93472000000000e-06
-0.00243495000000000
-0.00496256000000000
-0.0125626000000000
-0.0174056000000000
-0.0247038000000000
-0.0379128000000000
-0.0376293000000000
-0.0341471000000000
-0.0370603000000000
-0.0411770000000000
-0.0385128000000000
-0.0249714000000000
-0.0184414000000000
-0.0185832000000000
-0.0173144000000000
-0.0164668000000000
-0.0142912000000000
-0.0133100000000000
-0.0184529000000000
-0.0306572000000000
-0.0406441000000000
-0.0371150000000000
-0.0193721000000000
-0.00580411000000000
-0.00944965000000000
-0.0165775000000000
-0.0143896000000000
-0.00640612000000000
-0.00181413000000000
-0.00361449000000000
-0.00749156000000000
-0.00906343000000000
-0.0175295000000000
-0.0273623000000000
-0.0347951000000000
-0.0387589000000000
-0.0305133000000000
-0.0167923000000000
-0.00631288000000000
-0.00692187000000000
-0.0149167000000000
-0.0193221000000000
-0.0233124000000000
-0.0406841000000000
-0.0609872000000000
-0.0691534000000000
-0.0555508000000000
-0.0375631000000000
-0.0185177000000000
0.0149933000000000
0.0367845000000000
0.0275218000000000
0.00447691000000000
0.000651848000000000
0.00964105000000000
0.0159609000000000
0.0264128000000000
0.0368983000000000
0.0454193000000000
0.0449991000000000
0.0464719000000000
0.0582977000000000
0.0622063000000000
0.0565034000000000
0.0487217000000000
0.0433096000000000
0.0367856000000000
0.0303432000000000
0.0321016000000000
0.0352564000000000
0.0383867000000000
0.0472321000000000
0.0560255000000000
0.0618159000000000
0.0650391000000000
0.0689905000000000
0.0645024000000000
0.0525449000000000
0.0484638000000000
0.0444103000000000
0.0382433000000000
0.0256840000000000
0.00589182000000000
-0.00475807000000000
0.000341863000000000
0.0134488000000000
0.0214659000000000
0.0188496000000000
0.0132711000000000
0.0120246000000000
0.0177967000000000
0.0174815000000000
0.0108198000000000
0.00671115000000000
-0.00601443000000000
-0.0182718000000000
-0.0142857000000000
0.00451686000000000
0.0136519000000000
0.0106347000000000
0.00742263000000000
0.00240212000000000
0.00324049000000000
0.00908603000000000
0.00993052000000000
0.0130649000000000
0.0249264000000000
0.0341859000000000
0.0265032000000000
0.00789424000000000
-0.00410511000000000
-0.0120551000000000
-0.0237851000000000
-0.0281651000000000
-0.0244830000000000
-0.0249298000000000
-0.0343445000000000
-0.0445639000000000
-0.0460665000000000
-0.0458503000000000
-0.0473171000000000
-0.0457984000000000
-0.0376701000000000
-0.0297101000000000
-0.0247183000000000
-0.0282517000000000
-0.0288250000000000
-0.0251816000000000
-0.0188373000000000
-0.00909535000000000
-0.00556725000000000
-0.00756041000000000
-0.0228941000000000
-0.0359247000000000
-0.0366765000000000
-0.0265276000000000
-0.0187206000000000
-0.0197560000000000
-0.0191818000000000
-0.0157914000000000
-0.00819862000000000
-0.000446700000000000
-0.00476852000000000
-0.0209387000000000
-0.0218435000000000
-0.00721370000000000
0.00812600000000000
0.0141327000000000
0.00850527000000000
0.00105817000000000
-0.00766291000000000
-0.0105098000000000
0.00255528000000000
0.0199095000000000
0.0197442000000000
-0.00371592000000000
-0.0402157000000000
-0.0670214000000000
-0.0587319000000000
-0.0305453000000000
-0.0122609000000000
0.00508617000000000
0.0307870000000000
0.0592480000000000
0.0688879000000000
0.0373311000000000
-0.0107804000000000
-0.0355226000000000
-0.0146841000000000
0.0218879000000000
0.0367217000000000
0.0373091000000000
0.0109645000000000
-0.0226344000000000
-0.0496706000000000
-0.0686539000000000
-0.0439884000000000
-0.0127938000000000
0.00323747000000000
0.0198256000000000
0.0272919000000000
-0.000729574000000000
-0.0186276000000000
-0.00214551000000000
-0.0130045000000000
-0.0304741000000000
-0.0328692000000000
-0.0242136000000000
0.0131867000000000
0.0410989000000000
0.0265668000000000
-0.00294286000000000
-0.00994321000000000
0.0117205000000000
0.0308964000000000
0.0389053000000000
0.0445591000000000
0.0456820000000000
0.0325780000000000
0.0146116000000000
-0.000818017000000000
-0.0121727000000000
-0.00777562000000000
0.00497836000000000
0.0232169000000000
0.0397235000000000
0.0475182000000000
0.0472988000000000
0.0274883000000000
0.00222991000000000
-0.0104019000000000
-0.00337416000000000
0.0190596000000000
0.0370676000000000
0.0434129000000000
0.0394308000000000
0.0275864000000000
0.00646927000000000
-0.00647870000000000
-0.00362076000000000
0.0106979000000000
0.0144004000000000
0.00634944000000000
0.00496725000000000
0.00580049000000000
0.00952339000000000
0.0130851000000000
0.00255047000000000
-0.0198509000000000
-0.0315330000000000
-0.0219604000000000
-0.00765707000000000
-0.00102411000000000
0.00119531000000000
-0.00188418000000000
-0.00250954000000000
-0.00445274000000000
-0.0108207000000000
-0.0147651000000000
-0.0225723000000000
-0.0310833000000000
-0.0402665000000000
-0.0552045000000000
-0.0680097000000000
-0.0668623000000000
-0.0595663000000000
-0.0501906000000000
-0.0336789000000000
-0.0185351000000000
-0.00957040000000000
-0.00369021000000000
-0.000680292000000000
-0.00437790000000000
-0.0128501000000000
-0.0197638000000000
-0.0200658000000000
-0.0125842000000000
-0.00950189000000000
-0.0181332000000000
-0.0248847000000000
-0.0219748000000000
-0.0140474000000000
-0.0103602000000000
-0.00548883000000000
0.00237220000000000
0.00594618000000000
0.00479959000000000
0.00400694000000000
0.00674043000000000
0.00810406000000000
0.00798767000000000
0.00647592000000000
0.00745501000000000
0.0106444000000000
0.0115878000000000
0.0201547000000000
0.0282707000000000
0.0240652000000000
0.0133499000000000
-0.00271006000000000
-0.00916065000000000
0.00518248000000000
0.0246603000000000
0.0343002000000000
0.0293898000000000
0.0176281000000000
0.0128717000000000
0.0136876000000000
0.0107407000000000
0.00849556000000000
0.0144002000000000
0.0281773000000000
0.0379763000000000
0.0425019000000000
0.0305902000000000
0.00404258000000000
-0.00212343000000000
0.00832125000000000
0.0195371000000000
0.0281661000000000
0.0409711000000000
0.0563628000000000
0.0651938000000000
0.0693727000000000
0.0654925000000000
0.0500057000000000
0.0249013000000000
0.00285391000000000
0.00260696000000000
0.0145551000000000
0.0249876000000000
0.0235574000000000
0.00608979000000000
-0.0163034000000000
-0.0330836000000000
-0.0404685000000000
-0.0360275000000000
-0.0295516000000000
-0.0175586000000000
-0.00313898000000000
0.000796062000000000
0.00149260000000000
0.00106000000000000
-0.00744488000000000
-0.0214965000000000
-0.0198595000000000
-0.00762170000000000
-0.00543902000000000
-0.0160665000000000
-0.0259617000000000
-0.0318523000000000
-0.0339597000000000
-0.0245758000000000
-0.0168648000000000
-0.0174993000000000
-0.0132511000000000
-0.00575835000000000
-0.00446001000000000
-0.00801994000000000
-0.0103681000000000
-0.00868318000000000
-0.00270916000000000
-0.00755531000000000
-0.0210817000000000
-0.0294407000000000
-0.0268245000000000
-0.0150446000000000
-0.0104792000000000
-0.00655237000000000
-0.00467263000000000
-0.0107071000000000
-0.0189906000000000
-0.0175332000000000
-0.00623577000000000
0.00492596000000000
0.00511657000000000
7.45877000000000e-05
0.00145656000000000
-0.00794490000000000
-0.0223291000000000
-0.0203718000000000
-0.00714866000000000
-0.00911535000000000
-0.0110953000000000
-0.000874006000000000
-0.000347813000000000
-0.0102705000000000
-0.0125901000000000
-0.00295328000000000
0.00667437000000000
0.0130105000000000
0.0135448000000000
0.0104735000000000
0.00886380000000000
0.0116442000000000
0.0116981000000000
0.0100262000000000
0.0114979000000000
0.00859897000000000
0.000487804000000000
-0.0116728000000000
-0.0245749000000000
-0.0342517000000000
-0.0404229000000000
-0.0369448000000000
-0.0292154000000000
-0.0214441000000000
-0.0177927000000000
-0.0144176000000000
-0.0112476000000000
-0.0158969000000000
-0.0159195000000000
-0.0186562000000000
-0.0236156000000000
-0.0251631000000000
-0.0223643000000000
-0.0151123000000000
-0.00394034000000000
0.000772943000000000
-0.000207411000000000
-0.000367684000000000
-0.00393782000000000
-0.00695103000000000
-0.00511414000000000
0.00495516000000000
0.0147103000000000
0.0167940000000000
0.0104974000000000
0.00408456000000000
0.00252893000000000
0.00589479000000000
0.0102837000000000
0.0120339000000000
0.0156007000000000
0.0200641000000000
0.0225191000000000
0.0260471000000000
0.0257257000000000
0.0262039000000000
0.0269872000000000
0.0247420000000000
0.0266370000000000
0.0313473000000000
0.0366246000000000
0.0414246000000000
0.0453484000000000
0.0461306000000000
0.0392067000000000
0.0252887000000000
0.0159025000000000
0.0170753000000000
0.0176158000000000
0.0170822000000000
0.0206276000000000
0.0205734000000000
0.0155793000000000
0.0102660000000000
0.00813611000000000
0.00683751000000000
0.00555727000000000
0.0103613000000000
0.0154867000000000
0.0126346000000000
0.0118634000000000
0.0125670000000000
0.00351133000000000
-0.00724471000000000
-0.00723057000000000
-0.00166254000000000
0.00130144000000000
-6.33727000000000e-06
-0.00477396000000000
-0.0124292000000000
-0.0188513000000000
-0.0163289000000000
-0.0162301000000000
-0.0199502000000000
-0.0204420000000000
-0.0186816000000000
-0.0178199000000000
-0.0172692000000000
-0.0133179000000000
-0.0121093000000000
-0.0101001000000000
-0.00436373000000000
0.000893209000000000
-0.00194253000000000
-0.00789030000000000
-0.00382166000000000
-0.00205720000000000
-0.00299473000000000
-0.00320295000000000
-0.00286446000000000
-0.00632342000000000
-0.0133952000000000
-0.0132393000000000
-0.0135659000000000
-0.0208447000000000
-0.0245505000000000
-0.0216447000000000
-0.0212501000000000
-0.0236003000000000
-0.0266319000000000
-0.0277326000000000
-0.0238466000000000
-0.0152104000000000
-0.00740243000000000
-0.00584809000000000
-0.00680194000000000
-0.00608095000000000
-0.00204291000000000
0.00526830000000000
0.00718167000000000
0.00367375000000000
0.00519544000000000
0.00981079000000000
0.0146842000000000
0.0187967000000000
0.0186476000000000
0.0177101000000000
0.0160127000000000
0.0118162000000000
0.00458328000000000
0.00403437000000000
0.00619459000000000
0.00419830000000000
-0.000314331000000000
-0.00469640000000000
-0.00536159000000000
-0.0102588000000000
-0.0174632000000000
-0.0218799000000000
-0.0170483000000000
-0.00612223000000000
0.00309128000000000
0.00988127000000000
0.0123699000000000
0.0114803000000000
0.0146279000000000
0.0213720000000000
0.0262444000000000
0.0250467000000000
0.0185982000000000
0.0134011000000000
0.0100258000000000
0.0105917000000000
0.00857606000000000
0.00428069000000000
0.00252920000000000
0.00174059000000000
0.00205052000000000
0.00432599000000000
0.00905558000000000
0.0112413000000000
0.00564949000000000
0.00346756000000000
0.00436501000000000
0.00233608000000000
0.00409849000000000
0.00566811000000000
0.0106180000000000
0.0123682000000000
0.00629598000000000
0.00409365000000000
0.00602435000000000
0.00420554000000000
8.76503000000000e-05
0.00131252000000000
0.00481606000000000
0.00711907000000000
0.00634372000000000
-0.00206735000000000
-0.0105447000000000
-0.0133591000000000
-0.0147515000000000
-0.0159063000000000
-0.0146060000000000
-0.00994879000000000
-0.00622391000000000
-0.00444314000000000
0.00129115000000000
0.00740079000000000
0.00527904000000000
-0.000341314000000000
-0.00565975000000000
-0.00644122000000000
-0.00854870000000000
-0.0135040000000000
-0.0125066000000000
-0.00839208000000000
-0.00846057000000000
-0.0142360000000000
-0.0181182000000000
-0.0161569000000000
-0.00923843000000000
-0.00108063000000000
0.00362448000000000
0.00544808000000000
0.00482777000000000
0.00106381000000000
-0.000180741000000000
0.000804424000000000
-0.000713492000000000
-0.000697327000000000
-0.00153184000000000
-0.00197774000000000
-0.00263579000000000
-0.00407925000000000
0.000361675000000000
-0.00174376000000000
-0.00994472000000000
-0.0133088000000000
-0.0116780000000000
-0.00625380000000000
-0.00688330000000000
-0.00922130000000000
-0.00912965000000000
-0.00698169000000000
-0.00548346000000000
-0.00619048000000000
-0.00469736000000000
-0.00657635000000000
-0.00810753000000000
-0.00794551000000000
-0.00665231000000000
-0.00432278000000000
-0.00452898000000000
-0.00380290000000000
-0.00356947000000000
-0.00364103000000000
0.00128337000000000
0.00749808000000000
0.0116259000000000
0.0142196000000000
0.0161350000000000
0.0154565000000000
0.0152054000000000
0.0169393000000000
0.0142769000000000
0.0132068000000000
0.0131148000000000
0.0147548000000000
0.0164907000000000
0.0156164000000000
0.0176705000000000
0.0182538000000000
0.0208332000000000
0.0236248000000000
0.0221171000000000
0.0166171000000000
0.0142628000000000
0.0167178000000000
0.0148775000000000
0.0132372000000000
0.0123680000000000
0.0120313000000000
0.0121484000000000
0.00879958000000000
0.00432570000000000
0.00166946000000000
0.00191002000000000
0.00243210000000000
0.00445257000000000
0.00819479000000000
0.00767341000000000
0.00339231000000000
-0.00243511000000000
-0.00796775000000000
-0.00926637000000000
-0.00389010000000000
0.00402698000000000
0.00404620000000000
-0.00205866000000000
-0.00731692000000000
-0.00953762000000000
-0.00972444000000000
-0.00955221000000000
-0.0111507000000000
-0.0143598000000000
-0.0136745000000000
-0.0109737000000000
-0.0115380000000000
-0.0146571000000000
-0.0151362000000000
-0.0159274000000000
-0.0171933000000000
-0.0150121000000000
-0.0100424000000000
-0.00512644000000000
-0.00711110000000000
-0.0133307000000000
-0.0144227000000000
-0.00968801000000000
-0.00545931000000000
-0.00230236000000000
0.00332371000000000
0.00742773000000000
0.00720421000000000
0.00101446000000000
-0.00504553000000000
-0.00549651000000000
-0.00454819000000000
-0.00299454000000000
-0.00175599000000000
-0.00246122000000000
-0.00240413000000000
-0.00244231000000000
-0.00225991000000000
-0.000446520000000000
0.00201253000000000
0.00521469000000000
0.00530902000000000
-0.00152816000000000
-0.00829518000000000
-0.00935904000000000
-0.00712188000000000
0.000312012000000000
0.00535052000000000
0.00180346000000000
-0.00387504000000000
-0.00733584000000000
-0.00749708000000000
-0.00892858000000000
-0.0134388000000000
-0.0144464000000000
-0.00742778000000000
0.000353872000000000
0.00132642000000000
0.00155663000000000
0.00318489000000000
0.00176997000000000
-0.000514849000000000
-0.000964677000000000
-0.000959741000000000
0.000949228000000000
0.00540054000000000
0.00876917000000000
0.0103721000000000
0.0127486000000000
0.0124442000000000
0.00810549000000000
0.00525605000000000
0.00471317000000000
0.00586923000000000
0.00778737000000000
0.00941685000000000
0.0105290000000000
0.00958956000000000
0.00911411000000000
0.00988757000000000
0.0120291000000000
0.0131707000000000
0.0113980000000000
0.00922008000000000
0.00910720000000000
0.00979353000000000
0.00975223000000000
0.00997827000000000
0.0108759000000000
0.0118012000000000
0.00881019000000000
0.00492271000000000
0.00142264000000000
0.000501028000000000
0.00197833000000000
0.000230242000000000
-0.00336696000000000
-0.00642325000000000
-0.00675697000000000
-0.00585226000000000
-0.00699226000000000
-0.00905612000000000
-0.00981016000000000
-0.00831879000000000
-0.00790525000000000
-0.00909323000000000
-0.00723766000000000
-0.00586693000000000
-0.00534105000000000
-0.00780695000000000
-0.00995190000000000
-0.00934222000000000
-0.00917497000000000
-0.00837032000000000
-0.00855378000000000
-0.00823464000000000
-0.00805479000000000
-0.00965635000000000
-0.00993180000000000
-0.00948900000000000
-0.00884948000000000
-0.00695095000000000
-0.00605906000000000
-0.00493474000000000
-0.00420701000000000
-0.00418532000000000
-0.00413276000000000
-0.00313837000000000
-0.00257528000000000
-0.00392076000000000
-0.00613145000000000
-0.00648451000000000
-0.00549409000000000
-0.00562404000000000
-0.00603034000000000
-0.00442597000000000
-0.00183469000000000
-0.00113132000000000
-0.00146867000000000
-0.00225730000000000
-0.00231118000000000
-0.00128360000000000
-0.000875846000000000
-0.000444809000000000
0.00104578000000000
0.00218208000000000
0.00200035000000000
0.000606852000000000
-0.000599241000000000
0.000295000000000000
0.00115028000000000
0.000711683000000000
0.00109064000000000
0.00206599000000000
0.00313325000000000
0.00398910000000000
0.00503262000000000
0.00533651000000000
0.00529326000000000
0.00470351000000000
0.00420578000000000
0.00475415000000000
0.00438304000000000
0.00410938000000000
0.00416981000000000
0.00416529000000000
0.00458264000000000
0.00470449000000000
0.00434706000000000
0.00381575000000000
0.00350700000000000
0.00347998000000000
0.00383112000000000
0.00377899000000000
0.00338346000000000
0.00339496000000000
0.00349449000000000
0.00357019000000000
0.00324368000000000
0.00256542000000000
0.00191879000000000
0.00143387000000000
0.00100786000000000
0.000485751000000000
0.000274671000000000
0.000324028000000000
0.000458643000000000
0.000460206000000000
0.000600972000000000
0.000737155000000000
0.000636495000000000
0.000308473000000000
-0.000160647000000000
-0.000294038000000000
-0.000403351000000000
-0.000510133000000000
-0.000805009000000000
-0.00111715000000000
-0.00132031000000000
-0.00138159000000000
-0.00122248000000000
-0.00118210000000000
-0.00108407000000000
-0.00101914000000000
-0.00108439000000000
-0.00106906000000000
-0.00104351000000000
-0.00105944000000000
-0.00104563000000000
-0.000998706000000000
-0.000872020000000000
-0.000664611000000000
-0.000544596000000000
-0.000503479000000000
-0.000433616000000000
-0.000378898000000000
-0.000318156000000000
-0.000241182000000000
-0.000179603000000000
-0.000133364000000000
-6.95578000000000e-05
1.05042000000000e-05
7.01734000000000e-05
0.000118206000000000
0.000162569000000000
0.000201669000000000
0.000236058000000000
0.000259982000000000
0.000269063000000000
0.000261997000000000
0.000240961000000000