0.000703720000000000
0.00217097000000000
0.00231732000000000
0.000636838000000000
-0.000535687000000000
-0.00210908000000000
-0.00170469000000000
-4.06144000000000e-05
0.000188319000000000
8.37069000000000e-05
-0.00167025000000000
-0.00265207000000000
-0.00178158000000000
-0.000914155000000000
0.000182766000000000
-0.00206796000000000
-0.00443395000000000
-0.00265670000000000
-0.000361303000000000
1.03716000000000e-05
0.000477921000000000
-0.000219375000000000
-0.00188874000000000
-0.00250342000000000
-0.00189208000000000
4.83278000000000e-05
0.00187857000000000
0.00222674000000000
0.000728705000000000
-7.39270000000000e-06
0.000594744000000000
-0.00205998000000000
-0.00452806000000000
-0.000361036000000000
0.000424680000000000
0.000152651000000000
-2.55427000000000e-05
0.00107942000000000
0.00244141000000000
-0.00245838000000000
-0.00234079000000000
0.00270747000000000
0.00201313000000000
-0.000235703000000000
0.000928382000000000
0.00305228000000000
0.00132364000000000
-0.00260209000000000
-0.00155227000000000
0.00222809000000000
0.00188255000000000
0.000372160000000000
0.00293054000000000
0.000957066000000000
-0.00259844000000000
-0.000770388000000000
-6.74019000000000e-05
0.000255119000000000
0.00226268000000000
-0.000543154000000000
0.000608612000000000
0.00161349000000000
-0.00257547000000000
-0.00134824000000000
-0.000243411000000000
-2.90494000000000e-05
-0.000277772000000000
0.00361980000000000
0.00602409000000000
0.000124551000000000
0.00218203000000000
0.00326234000000000
-0.00324615000000000
-0.00366627000000000
-0.00211881000000000
0.00245295000000000
0.00255710000000000
-0.000192718000000000
0.00468706000000000
0.00422000000000000
-0.000410711000000000
0.000939855000000000
0.00137242000000000
3.32338000000000e-05
-0.000466494000000000
0.00151747000000000
0.00116462000000000
-0.000209265000000000
-0.00106397000000000
-0.00305496000000000
-0.00282542000000000
-0.00389332000000000
0.00725634000000000
0.0130092000000000
0.00133938000000000
-0.00495808000000000
-0.00159614000000000
0.00294083000000000
-0.00113814000000000
-0.00415836000000000
0.00612222000000000
0.00424032000000000
-0.00941647000000000
-0.00566187000000000
0.00815198000000000
0.00198503000000000
-0.00631677000000000
0.00492971000000000
0.0110487000000000
0.00308650000000000
-0.00341503000000000
0.00659112000000000
0.00693073000000000
-0.00175973000000000
-0.00200255000000000
-0.000378774000000000
0.00127151000000000
-0.00169574000000000
-0.00250366000000000
0.00403242000000000
0.00288177000000000
-0.00523344000000000
-0.00623314000000000
-0.00210224000000000
0.00527226000000000
0.00446329000000000
-0.00312461000000000
-0.0103178000000000
-0.0101445000000000
-0.00536285000000000
0.00234720000000000
-0.00221947000000000
-0.00460845000000000
0.00489372000000000
0.00218344000000000
-0.00434573000000000
-0.00360639000000000
0.00498695000000000
-0.000424310000000000
-0.00400774000000000
-0.000658229000000000
0.00141628000000000
-0.00646136000000000
-0.0171501000000000
-0.00686769000000000
0.00194899000000000
-0.00458838000000000
-0.00571568000000000
0.00216463000000000
0.00495413000000000
0.00499574000000000
0.00945190000000000
0.00163440000000000
-0.0110587000000000
-0.00826821000000000
0.00216718000000000
0.0116081000000000
0.0126666000000000
0.00607918000000000
-0.00669759000000000
-0.00730066000000000
0.00106207000000000
0.0115352000000000
0.0105771000000000
-0.00313908000000000
-0.0121980000000000
-0.00515718000000000
0.00562190000000000
-0.000183204000000000
-0.0100683000000000
-0.0108418000000000
-0.00607559000000000
0.00104065000000000
0.0157987000000000
0.00416430000000000
-0.0147335000000000
-0.0104957000000000
0.00334431000000000
0.0105013000000000
-0.000438493000000000
-0.00431788000000000
-0.00100321000000000
0.00174332000000000
0.00371056000000000
0.00177119000000000
0.00536023000000000
-0.00727486000000000
-0.0129128000000000
-0.00264375000000000
0.00219477000000000
-0.00105327000000000
-0.00360772000000000
0.00716923000000000
0.00187506000000000
-0.00384446000000000
-0.00430282000000000
0.00326417000000000
0.0111831000000000
0.00930077000000000
0.0134130000000000
0.00658270000000000
-0.00605755000000000
-0.0117577000000000
-0.00649390000000000
0.0105937000000000
0.00802395000000000
0.00162507000000000
0.00276806000000000
-0.00270772000000000
-0.00448296000000000
0.00673049000000000
0.0110987000000000
-0.00288287000000000
-0.00743761000000000
-0.00423832000000000
-0.00742117000000000
-0.0186110000000000
-0.0173783000000000
4.79345000000000e-05
0.00849817000000000
0.00256028000000000
0.00552495000000000
0.0108142000000000
0.00938368000000000
0.00558472000000000
0.00576069000000000
0.00764924000000000
-0.00650885000000000
-0.0125743000000000
-0.00552554000000000
-0.000983981000000000
0.00604229000000000
0.00688023000000000
-0.00407100000000000
-0.0153935000000000
-0.00487885000000000
0.0163009000000000
0.00579032000000000
-0.00755487000000000
-0.00704642000000000
0.00127625000000000
-0.00166291000000000
-0.00730099000000000
0.00298619000000000
0.00503890000000000
0.00476704000000000
-0.00364342000000000
0.00261985000000000
0.00897593000000000
-0.00638481000000000
-0.00849780000000000
-0.00411848000000000
-0.0110306000000000
-0.00439809000000000
0.0162349000000000
0.0122369000000000
-0.00154995000000000
-0.00375577000000000
-0.00349830000000000
0.00703464000000000
0.0134539000000000
0.00498835000000000
-0.0108131000000000
-0.0149212000000000
-0.00309390000000000
0.00425663000000000
0.00473337000000000
0.00128618000000000
0.00358362000000000
0.00635740000000000
0.00531535000000000
0.00238427000000000
0.00564968000000000
0.00568270000000000
-0.000344095000000000
-0.00106077000000000
-0.00245678000000000
0.00117072000000000
-0.00132281000000000
-0.00284530000000000
0.000217106000000000
0.00521649000000000
-0.00332361000000000
-0.0136140000000000
0.00177404000000000
0.0262523000000000
0.0248869000000000
-0.00176941000000000
-0.00645494000000000
-0.0139006000000000
-0.0168083000000000
0.00680097000000000
0.00524682000000000
-0.00812097000000000
-0.00991584000000000
-0.00508479000000000
0.00508493000000000
0.00897961000000000
-0.00484210000000000
-0.0116870000000000
-0.00664687000000000
-0.00507984000000000
0.00413718000000000
0.0105645000000000
-0.00389165000000000
-0.0109538000000000
0.00104166000000000
0.0100934000000000
0.00376360000000000
-0.00174003000000000
4.83137000000000e-05
-0.00342654000000000
0.00983169000000000
0.0180889000000000
0.0180718000000000
0.00145118000000000
-0.00926161000000000
-0.00744268000000000
-0.0110104000000000
-0.00319896000000000
-0.00135862000000000
0.00746668000000000
0.00148973000000000
-0.0153594000000000
-0.0137200000000000
-8.44022000000000e-05
0.00586040000000000
0.00494060000000000
-0.000515137000000000
0.00161282000000000
-0.00212117000000000
-0.00897329000000000
-0.00100686000000000
-0.00252950000000000
-0.00879513000000000
-0.0133268000000000
-0.00409045000000000
0.00753777000000000
0.00753492000000000
-0.00582789000000000
-0.00319608000000000
0.00769161000000000
0.00149022000000000
-0.00959800000000000
-0.0106566000000000
-0.00953436000000000
0.00432356000000000
0.0162027000000000
0.00547858000000000
-0.00384607000000000
0.00788820000000000
0.0217532000000000
0.00691038000000000
-0.00103523000000000
0.0100605000000000
0.0174587000000000
0.000941032000000000
-0.0195516000000000
-0.0104694000000000
0.00704420000000000
0.00591930000000000
0.00502289000000000
0.00529233000000000
0.00158070000000000
-0.0116577000000000
-0.00205223000000000
0.0254012000000000
0.0264428000000000
-0.000805340000000000
-0.0179014000000000
-0.00210657000000000
0.0140402000000000
0.0114148000000000
0.00513278000000000
0.00640384000000000
-0.00576667000000000
0.000197399000000000
0.0148590000000000
0.00547207000000000
-0.00553156000000000
0.00859556000000000
0.00934436000000000
0.00103453000000000
-0.00242825000000000
-0.00897654000000000
0.000715615000000000
0.000916664000000000
0.00468159000000000
-0.00194524000000000
-0.0143687000000000
0.00262048000000000
0.0128236000000000
-0.00853710000000000
-0.000632007000000000
0.00729043000000000
-0.00744542000000000
-0.00547163000000000
0.00113193000000000
0.0117635000000000
-0.0161865000000000
-0.0286161000000000
-0.00631169000000000
0.0171698000000000
0.0214600000000000
0.0142619000000000
0.00983113000000000
-0.0102138000000000
-0.00735370000000000
0.0181290000000000
0.0360178000000000
0.00958360000000000
-0.0188733000000000
-0.00352634000000000
0.00632181000000000
0.00295587000000000
0.00166460000000000
0.000539596000000000
0.00256333000000000
-0.00457561000000000
0.00433312000000000
-0.0109240000000000
-0.0141931000000000
0.00465353000000000
0.00646305000000000
0.0183594000000000
0.00836746000000000
-0.00317482000000000
-0.0153872000000000
-0.0122150000000000
-0.00276265000000000
-0.00412943000000000
-0.00370610000000000
-0.0120854000000000
-0.0131288000000000
-0.00451387000000000
0.00806377000000000
0.0121479000000000
-0.00225962000000000
0.00450809000000000
0.0199978000000000
0.0175407000000000
0.0160576000000000
0.0107597000000000
0.0165125000000000
0.00504058000000000
-0.00237686000000000
0.0199591000000000
0.0133658000000000
-0.00316737000000000
-0.0105501000000000
0.00413072000000000
0.000279197000000000
-0.00383141000000000
0.00840552000000000
0.00347687000000000
-0.0103635000000000
-0.0183940000000000
-0.0109052000000000
0.00954070000000000
0.0261371000000000
0.00625524000000000
-0.0184216000000000
-0.0200139000000000
0.00320333000000000
0.00964664000000000
0.00545747000000000
-0.00132760000000000
-0.00272197000000000
-0.00375730000000000
-0.00181016000000000
-0.00295668000000000
0.00780429000000000
0.0121556000000000
0.00903637000000000
-0.00257332000000000
-0.00409214000000000
0.00587118000000000
-0.000239690000000000
-0.0140720000000000
-0.0219240000000000
0.00520900000000000
0.0213984000000000
0.0167125000000000
-0.0104084000000000
-0.0249822000000000
-0.0296386000000000
-0.0301272000000000
-0.0175904000000000
-0.00385313000000000
0.000585848000000000
0.00276552000000000
0.00764922000000000
0.00491861000000000
0.00716254000000000
0.0162629000000000
0.0227929000000000
0.0232926000000000
0.0166962000000000
0.00978256000000000
0.00213351000000000
-0.00128051000000000
-0.0101464000000000
-0.00912549000000000
-0.00744257000000000
-0.00619213000000000
-0.00684399000000000
-0.0285762000000000
-0.0325849000000000
-0.0283448000000000
-0.00364460000000000
0.0323399000000000
0.0136422000000000
-0.0213011000000000
-0.000702260000000000
0.0312981000000000
0.0538931000000000
0.0275667000000000
-0.0218309000000000
-0.0425819000000000
-0.0575831000000000
-0.0623354000000000
-0.0529444000000000
-0.0154126000000000
-0.00295643000000000
-0.0185554000000000
-0.0123774000000000
0.00779711000000000
-0.0110669000000000
-0.0301114000000000
-0.00522352000000000
0.0307885000000000
0.0238972000000000
0.0143020000000000
0.0265725000000000
-0.00576163000000000
-0.0441790000000000
-0.0544342000000000
-0.0407898000000000
-0.0269128000000000
-0.0146740000000000
-0.00570013000000000
0.000337124000000000
0.0120915000000000
-0.0123172000000000
-0.00813843000000000
0.0159151000000000
0.000942370000000000
-0.00996564000000000
-0.00983011000000000
-0.000526821000000000
-0.0257618000000000
-0.0317697000000000
-0.00326082000000000
0.0210609000000000
0.0320993000000000
0.0179405000000000
-0.00957925000000000
-0.0151119000000000
-0.000577008000000000
0.00796025000000000
0.0378930000000000
0.0452297000000000
0.0282568000000000
0.0185626000000000
0.00441299000000000
-0.00885429000000000
-0.0132680000000000
-0.0301675000000000
-0.0344965000000000
-0.0113366000000000
0.00505878000000000
0.00807579000000000
-0.0135045000000000
-0.0257518000000000
-0.00347719000000000
-0.00530722000000000
-0.0250444000000000
0.00235266000000000
0.0415807000000000
0.0501455000000000
0.0474556000000000
0.0384702000000000
0.0240330000000000
0.0279751000000000
0.00795032000000000
0.000744881000000000
0.0281297000000000
0.0182345000000000
0.00189699000000000
-0.00894578000000000
-3.93045000000000e-05
0.00616519000000000
0.00175760000000000
0.00315075000000000
-0.0287713000000000
-0.0442500000000000
-0.0178097000000000
0.00261865000000000
0.00808670000000000
-0.00523876000000000
-0.0146036000000000
0.0147743000000000
0.0158849000000000
0.00600196000000000
0.0209050000000000
0.0247920000000000
0.0194144000000000
0.00584009000000000
0.0186409000000000
-0.000397566000000000
-0.0435346000000000
-0.0724681000000000
-0.0828029000000000
-0.0746278000000000
-0.0762181000000000
-0.0519964000000000
-0.0127429000000000
0.0291799000000000
0.0681081000000000
0.0541624000000000
0.0133000000000000
0.00693505000000000
0.0258732000000000
0.0328488000000000
0.0316450000000000
0.0530107000000000
0.0349066000000000
0.000611951000000000
0.000703559000000000
0.00474461000000000
0.0198282000000000
0.00300716000000000
-0.0212935000000000
-0.0247678000000000
-0.0298741000000000
-0.0205260000000000
-0.0156425000000000
-0.0239832000000000
-0.0383175000000000
-0.0461319000000000
-0.0308617000000000
-0.0189258000000000
-0.00636165000000000
-0.00902609000000000
-0.0257625000000000
-0.0237043000000000
-0.0365697000000000
-0.0410702000000000
-0.0300381000000000
-0.0103033000000000
0.0142010000000000
0.0312348000000000
0.0486949000000000
0.0463548000000000
0.0367636000000000
0.0450845000000000
0.0459891000000000
0.0344108000000000
0.0203846000000000
0.00980191000000000
0.00107968000000000
0.00258397000000000
0.0142271000000000
0.0175021000000000
0.0255456000000000
0.0283891000000000
-0.0114686000000000
-0.0477206000000000
-0.0593692000000000
-0.0588043000000000
-0.0180056000000000
0.0100218000000000
0.0140169000000000
-0.0130694000000000
-0.0304311000000000
-0.0103597000000000
0.000992688000000000
-0.00161362000000000
-0.000833537000000000
0.0381935000000000
0.0653069000000000
0.0629342000000000
0.0468884000000000
0.0207812000000000
-0.0245784000000000
-0.0653551000000000
-0.0628410000000000
-0.0743816000000000
-0.0590369000000000
-0.0175333000000000
-0.00310357000000000
-0.0188628000000000
-0.0408175000000000
-0.0166723000000000
-0.0145305000000000
-0.0335863000000000
-0.0247921000000000
0.00603003000000000
0.0293072000000000
0.0196119000000000
0.0146698000000000
0.00705834000000000
-0.0219313000000000
-0.0396724000000000
-0.0591760000000000
-0.0715774000000000
-0.0387285000000000
0.0169041000000000
0.0545419000000000
0.0437021000000000
-0.00596904000000000
-0.0716358000000000
-0.116641000000000
-0.132623000000000
-0.0933452000000000
0.00710932000000000
0.0787090000000000
0.0515084000000000
-0.00811179000000000
-0.0182212000000000
0.0180742000000000
0.0674910000000000
0.0720828000000000
0.0346934000000000
0.0199277000000000
0.0415974000000000
0.0735792000000000
0.0849939000000000
0.0676159000000000
0.0238230000000000
-0.00365909000000000
0.0191122000000000
0.0364581000000000
0.0141046000000000
-0.0239906000000000
-0.0237919000000000
0.00242897000000000
0.0176604000000000
0.00341384000000000
-0.0486247000000000
-0.117512000000000
-0.151528000000000
-0.126591000000000
-0.101033000000000
-0.0824450000000000
-0.0494115000000000
0.00991557000000000
0.0847935000000000
0.130260000000000
0.134475000000000
0.123438000000000
0.130130000000000
0.138617000000000
0.123909000000000
0.0713555000000000
-0.0114891000000000
-0.0912860000000000
-0.129987000000000
-0.0851276000000000
-0.0141410000000000
0.00169634000000000
-0.0140313000000000
-0.0344906000000000
-0.0305669000000000
0.0104929000000000
0.0526554000000000
0.0743608000000000
0.0603754000000000
0.0458871000000000
0.0351605000000000
0.0117136000000000
-0.000820422000000000
0.00721491000000000
0.00729425000000000
-0.0199522000000000
-0.0178869000000000
0.0187247000000000
0.00695676000000000
-0.0371564000000000
-0.0613368000000000
-0.0596193000000000
-0.0445878000000000
-0.0423848000000000
-0.0579002000000000
-0.0752578000000000
-0.0798236000000000
-0.0936356000000000
-0.102582000000000
-0.102521000000000
-0.0695398000000000
-0.000779766000000000
0.0479332000000000
0.0423138000000000
0.00990713000000000
0.00626755000000000
0.0330219000000000
0.0530892000000000
0.0465997000000000
0.0225754000000000
-0.00404575000000000
-0.0286698000000000
-0.0505939000000000
-0.0577698000000000
-0.0278443000000000
0.0440706000000000
0.0870940000000000
0.103479000000000
0.126191000000000
0.140586000000000
0.147248000000000
0.103214000000000
0.0265343000000000
-0.0279962000000000
-0.0683465000000000
-0.0844005000000000
-0.0425563000000000
0.0298543000000000
0.0660294000000000
0.0646899000000000
0.0671989000000000
0.0604769000000000
0.0232039000000000
-0.0150107000000000
-0.0325691000000000
-0.0290646000000000
0.00545296000000000
0.0443453000000000
0.0602296000000000
0.0761730000000000
0.0936648000000000
0.101810000000000
0.0809398000000000
0.0423897000000000
0.00120704000000000
-0.0565639000000000
-0.101197000000000
-0.118219000000000
-0.126192000000000
-0.125539000000000
-0.113990000000000
-0.118603000000000
-0.135471000000000
-0.147757000000000
-0.144947000000000
-0.108626000000000
-0.0462520000000000
0.0116981000000000
0.0369306000000000
0.0354269000000000
0.0247534000000000
0.0170971000000000
0.0264513000000000
0.0453364000000000
0.0476669000000000
0.0490305000000000
0.0509142000000000
0.0197826000000000
0.00480876000000000
0.0205053000000000
0.0192291000000000
0.0174592000000000
0.0123253000000000
0.0298324000000000
0.0653823000000000
0.0846387000000000
0.0961145000000000
0.106634000000000
0.121385000000000
0.131021000000000
0.119306000000000
0.0718752000000000
0.0272000000000000
0.00532899000000000
0.0225780000000000
0.0755933000000000
0.115385000000000
0.139577000000000
0.137479000000000
0.118069000000000
0.0868399000000000
0.0477145000000000
0.0170021000000000
-0.0247487000000000
-0.0524184000000000
-0.0579491000000000
-0.0390823000000000
0.00529157000000000
0.0397796000000000
0.0672837000000000
0.0799836000000000
0.0705137000000000
0.0575779000000000
0.0622758000000000
0.0630916000000000
0.0338837000000000
-0.0171308000000000
-0.0656850000000000
-0.0829497000000000
-0.0625305000000000
-0.0305476000000000
-0.0169542000000000
-0.0143595000000000
-0.0131531000000000
-0.00421091000000000
0.00592260000000000
0.0231206000000000
0.0495946000000000
0.0659654000000000
0.0485630000000000
0.00626747000000000
-0.0147141000000000
-0.0254824000000000
-0.0257029000000000
-0.0225707000000000
-0.0384268000000000
-0.0548245000000000
-0.0649900000000000
-0.0594281000000000
-0.0539743000000000
-0.0654587000000000
-0.0761964000000000
-0.0814720000000000
-0.0731663000000000
-0.0681247000000000
-0.0827159000000000
-0.0830293000000000
-0.0521387000000000
-0.0159075000000000
-0.0117124000000000
-0.0385559000000000
-0.0596752000000000
-0.0452434000000000
0.00132354000000000
0.0365593000000000
0.0414031000000000
0.0285234000000000
0.0330184000000000
0.0619617000000000
0.0864895000000000
0.103336000000000
0.103076000000000
0.0819296000000000
0.0512804000000000
0.0271603000000000
0.0240288000000000
0.0487208000000000
0.0656863000000000
0.0672753000000000
0.0756330000000000
0.0604165000000000
0.0431008000000000
0.0319653000000000
0.0246007000000000
0.0211295000000000
0.0130917000000000
0.0244095000000000
0.0263790000000000
0.0169917000000000
0.0129748000000000
0.0162642000000000
0.000740648000000000
-0.0346209000000000
-0.0504514000000000
-0.0452006000000000
-0.0250966000000000
-0.00128686000000000
0.00145475000000000
-0.0205172000000000
-0.0497455000000000
-0.0702191000000000
-0.0888944000000000
-0.104100000000000
-0.0883765000000000
-0.0704022000000000
-0.0740958000000000
-0.0712257000000000
-0.0469284000000000
-0.0299129000000000
-0.0368827000000000
-0.0538760000000000
-0.0725075000000000
-0.0785981000000000
-0.0738195000000000
-0.0574242000000000
-0.0177902000000000
0.0169733000000000
0.0448529000000000
0.0674712000000000
0.0650027000000000
0.0514661000000000
0.0317637000000000
-0.00357743000000000
-0.0469816000000000
-0.0716311000000000
-0.0641801000000000
-0.0407366000000000
-0.0161088000000000
-0.0245933000000000
-0.0463959000000000
-0.0485809000000000
-0.0509494000000000
-0.0352120000000000
-0.0147723000000000
-0.0129202000000000
-0.0187006000000000
-0.0340466000000000
-0.0588379000000000
-0.0801091000000000
-0.0740871000000000
-0.0395307000000000
-0.00886654000000000
-0.00149308000000000
-0.0231386000000000
-0.0481359000000000
-0.0598221000000000
-0.0626579000000000
-0.0564951000000000
-0.0400039000000000
-0.0203772000000000
0.00501051000000000
0.0334847000000000
0.0464131000000000
0.0139535000000000
-0.0152125000000000
0.00214986000000000
0.0135411000000000
-0.00459868000000000
-0.0216063000000000
-0.00626559000000000
0.00822544000000000
0.00931674000000000
0.00854551000000000
-0.00464116000000000
-0.0206267000000000
-0.00513199000000000
0.0228200000000000
0.0392378000000000
0.0292244000000000
0.00153125000000000
2.16856000000000e-06
0.00233277000000000
-0.0217271000000000
-0.0601669000000000
-0.0801570000000000
-0.0716176000000000
-0.0528997000000000
-0.0468278000000000
-0.0516759000000000
-0.0430468000000000
-0.0145297000000000
0.0224105000000000
0.0487601000000000
0.0522912000000000
0.0487017000000000
0.0512047000000000
0.0331384000000000
0.0124721000000000
0.00414777000000000
-0.00197946000000000
-0.00349425000000000
-0.0157802000000000
-0.0454766000000000
-0.0722282000000000
-0.0729474000000000
-0.0704169000000000
-0.0700936000000000
-0.0584943000000000
-0.0380484000000000
-0.00948342000000000
0.0156197000000000
0.0224128000000000
0.00847344000000000
-0.00679706000000000
-0.00372897000000000
-0.00267947000000000
-0.0149389000000000
-0.0196698000000000
-0.0166415000000000
-0.0114069000000000
-0.00796650000000000
0.00825347000000000
0.0317878000000000
0.0441828000000000
0.0544541000000000
0.0521642000000000
0.0337684000000000
0.0228482000000000
0.0291946000000000
0.0418619000000000
0.0379818000000000
0.0305296000000000
0.0347289000000000
0.0433039000000000
0.0413944000000000
0.0375816000000000
0.0312137000000000
0.0175609000000000
0.0240930000000000
0.0340981000000000
0.0396213000000000
0.0411860000000000
0.0379607000000000
0.0392948000000000
0.0447068000000000
0.0476321000000000
0.0471823000000000
0.0476545000000000
0.0300961000000000
0.00903512000000000
0.0192779000000000
0.0322492000000000
0.0207354000000000
-0.00535421000000000
-0.00658437000000000
0.0198009000000000
0.0322867000000000
0.0295837000000000
0.0171029000000000
0.00121739000000000
-0.0112573000000000
-0.0155627000000000
-0.0155464000000000
-0.0135452000000000
0.00633555000000000
0.0197822000000000
0.0128186000000000
0.00959025000000000
0.0154919000000000
-0.00314554000000000
-0.0221941000000000
-0.0144503000000000
-0.00320275000000000
-0.00358325000000000
-0.00919022000000000
0.00857509000000000
0.0202428000000000
0.0116524000000000
0.00311393000000000
0.00127178000000000
0.00755496000000000
0.00994479000000000
0.0210169000000000
0.0210352000000000
0.0138330000000000
0.0286648000000000
0.0217777000000000
-0.00392938000000000
-0.0204452000000000
-0.0233788000000000
-0.0141825000000000
-0.0120782000000000
-0.00253003000000000
0.00491697000000000
-0.00479752000000000
-0.0213827000000000
-0.0118406000000000
0.0234524000000000
0.0385606000000000
0.0112837000000000
-0.0379456000000000
-0.0586434000000000
-0.0434281000000000
-0.0201935000000000
-0.0175772000000000
-0.0103536000000000
-0.000624814000000000
-0.0151904000000000
-0.000124002000000000
0.0431597000000000
0.0429486000000000
0.00890401000000000
-0.0188675000000000
0.00203125000000000
0.0368337000000000
0.0217091000000000
0.0318714000000000
0.0612219000000000
0.0572184000000000
0.0445398000000000
0.0545031000000000
0.0300507000000000
-0.0121090000000000
-0.00221904000000000
-0.0262349000000000
-0.0729723000000000
-0.0473214000000000
-0.00987409000000000
-0.0225751000000000
-0.0201638000000000
0.0239950000000000
0.0132045000000000
-0.0217519000000000
0.00309733000000000
0.00721509000000000
-0.0203096000000000
-0.0260705000000000
-0.0358074000000000
-0.0450813000000000
-0.0454780000000000
-0.0534748000000000
-0.0581402000000000
-0.0605933000000000
-0.0425648000000000
-0.0181337000000000
-0.0266058000000000
-0.0434725000000000
-0.0546303000000000
-0.0516243000000000
-0.0369577000000000
-0.0283887000000000
-0.0131233000000000
-0.0110527000000000
-0.0178958000000000
-0.00765600000000000
0.0240099000000000
0.0415795000000000
0.0284123000000000
0.0156919000000000
0.0142630000000000
0.0182379000000000
0.00611425000000000
-0.0143051000000000
-0.00950799000000000
0.0168540000000000
0.0388421000000000
0.0343797000000000
0.0299305000000000
0.0516321000000000
0.0661926000000000
0.0570922000000000
0.0195114000000000
-0.00785111000000000
-0.00146076000000000
-0.00106291000000000
-0.0128367000000000
-0.0186323000000000
-0.0199776000000000
-0.0170451000000000
-0.00511817000000000
0.00809292000000000
0.0163305000000000
0.00379985000000000
-0.00873386000000000
-0.00871850000000000
-0.0135624000000000
-0.0204137000000000
-0.0218335000000000
-0.0155849000000000
-0.00899972000000000
0.00220606000000000
0.0235874000000000
0.0422259000000000
0.0384346000000000
0.0267516000000000
0.0173982000000000
0.0174218000000000
0.0371894000000000
0.0491174000000000
0.0444571000000000
0.0478303000000000
0.0483761000000000
0.0185452000000000
0.00346866000000000
0.00454993000000000
-0.00679035000000000
-0.00227270000000000
0.000484435000000000
-0.0121676000000000
-0.0281325000000000
-0.0218278000000000
0.00459942000000000
0.00675782000000000
-0.00860636000000000
-0.0246437000000000
-0.0318928000000000
-0.0334452000000000
-0.0356697000000000
-0.0328758000000000
-0.0311183000000000
-0.0220606000000000
-0.00375051000000000
-0.000802621000000000
-0.00214588000000000
0.00274205000000000
0.000230900000000000
-0.00662545000000000
-0.00182830000000000
0.0128935000000000
0.0200805000000000
0.0208078000000000
0.0209507000000000
0.0249635000000000
0.0337662000000000
0.0367671000000000
0.0273159000000000
0.0171098000000000
0.0170589000000000
0.0157127000000000
0.00244254000000000
-0.00766862000000000
-0.00921994000000000
-0.00237870000000000
-0.00217460000000000
-0.0109863000000000
-0.00551693000000000
0.00507179000000000
0.0123414000000000
0.0171855000000000
0.0130709000000000
0.00999065000000000
0.0181059000000000
0.0396647000000000
0.0529238000000000
0.0525353000000000
0.0417866000000000
0.0224465000000000
0.00931515000000000
-0.00703840000000000
-0.0184919000000000
-0.0118097000000000
0.00155646000000000
0.00472265000000000
-0.000268093000000000
-0.00174188000000000
-0.0104954000000000
-0.0299293000000000
-0.0341429000000000
-0.0244691000000000
-0.0248055000000000
-0.0439783000000000
-0.0677606000000000
-0.0819211000000000
-0.0795505000000000
-0.0659140000000000
-0.0665799000000000
-0.0783914000000000
-0.0792103000000000
-0.0612898000000000
-0.0381296000000000
-0.0284293000000000
-0.0369859000000000
-0.0450254000000000
-0.0478578000000000
-0.0341775000000000
-0.0229216000000000
-0.0234713000000000
-0.0295544000000000
-0.0371513000000000
-0.0340493000000000
-0.0307138000000000
-0.0248129000000000
-0.00763091000000000
0.0142135000000000
0.0312181000000000
0.0319363000000000
0.00969230000000000
-0.0145316000000000
-0.0111328000000000
0.00439687000000000
0.0103518000000000
0.0176021000000000
0.0215088000000000
0.0302483000000000
0.0337868000000000
0.0341878000000000
0.0334801000000000
0.0235597000000000
0.0108527000000000
-0.00551713000000000
-0.00652984000000000
0.0144894000000000
0.0327211000000000
0.0435067000000000
0.0457580000000000
0.0415017000000000
0.0375320000000000
0.0335898000000000
0.0449732000000000
0.0596929000000000
0.0561190000000000
0.0454571000000000
0.0462549000000000
0.0404951000000000
0.0394681000000000
0.0346396000000000
0.0176241000000000
0.0112687000000000
0.0124092000000000
0.0253756000000000
0.0413316000000000
0.0505036000000000
0.0481557000000000
0.0385118000000000
0.0304162000000000
0.0330296000000000
0.0260999000000000
0.00811539000000000
-0.00724463000000000
-0.0299415000000000
-0.0370824000000000
-0.0104510000000000
0.0126879000000000
0.00997073000000000
-0.00254042000000000
-0.0110124000000000
-0.0120414000000000
-0.0120361000000000
-0.00942985000000000
-0.0116951000000000
-0.0116766000000000
-0.000776689000000000
0.0116328000000000
0.0220400000000000
0.0244556000000000
-0.000137487000000000
-0.0320766000000000
-0.0370520000000000
-0.0348465000000000
-0.0341497000000000
-0.0361447000000000
-0.0424471000000000
-0.0468839000000000
-0.0503619000000000
-0.0501700000000000
-0.0501565000000000
-0.0455011000000000
-0.0306905000000000
-0.0231780000000000
-0.0212337000000000
-0.0191018000000000
-0.0193362000000000
-0.0100846000000000
-0.00673270000000000
-0.0159309000000000
-0.0180696000000000
-0.0111202000000000
0.00298659000000000
0.0214294000000000
0.0322875000000000
0.0292858000000000
0.0167716000000000
-0.000606975000000000
-0.00715315000000000
0.000449095000000000
0.0116101000000000
0.0139971000000000
-0.00113849000000000
-0.0141841000000000
-0.0300021000000000
-0.0419757000000000
-0.0174486000000000
0.00148079000000000
-0.00104148000000000
-0.0190555000000000
-0.0210800000000000
0.00144891000000000
0.00334631000000000
-0.00862729000000000
-0.0357489000000000
-0.0421053000000000
-0.00957633000000000
0.0286841000000000
0.0392198000000000
0.0271585000000000
0.0222342000000000
0.0384942000000000
0.0635884000000000
0.0674483000000000
0.0495577000000000
0.0151247000000000
-0.0366799000000000
-0.0920300000000000
-0.112132000000000
-0.0882831000000000
-0.0347839000000000
0.0539808000000000
0.108733000000000
0.109670000000000
0.0845783000000000
0.0647385000000000
0.0541521000000000
0.0147517000000000
-0.0404872000000000
-0.0334184000000000
0.0206520000000000
0.0291223000000000
0.0124200000000000
-0.0160776000000000
-0.0271943000000000
-0.0251092000000000
-5.98907000000000e-05
0.00553909000000000
-0.0199668000000000
-0.0184703000000000
-0.0292790000000000
-0.0501378000000000
-0.0419286000000000
-0.000489916000000000
0.0211935000000000
0.0176186000000000
0.0182797000000000
0.00517701000000000
0.0153497000000000
0.0515385000000000
0.0686665000000000
0.0276148000000000
-0.0482496000000000
-0.0698132000000000
-0.0488734000000000
0.000655996000000000
0.0344549000000000
0.0243459000000000
-0.00409657000000000
0.00366584000000000
0.0345159000000000
0.0576498000000000
0.0685640000000000
0.0582499000000000
0.0331704000000000
0.0179777000000000
0.0181778000000000
0.0138339000000000
0.00789258000000000
-0.0141372000000000
-0.0256426000000000
-0.0245010000000000
-0.0199954000000000
-0.0147554000000000
-0.00240304000000000
-0.00180919000000000
-0.0105861000000000
-0.000103319000000000
0.0119268000000000
0.0256195000000000
0.0303800000000000
0.0200262000000000
-0.00517572000000000
-0.0255265000000000
-0.0342351000000000
-0.0402865000000000
-0.0488829000000000
-0.0431696000000000
-0.0153122000000000
0.0164008000000000
0.0207921000000000
0.00488036000000000
0.00204702000000000
-0.00488163000000000
0.00829291000000000
0.0346265000000000
0.0372093000000000
0.00984702000000000
-0.0219441000000000
-0.0453906000000000
-0.0574621000000000
-0.0417141000000000
-0.0162996000000000
-0.00439801000000000
-0.0113103000000000
-0.00941291000000000
0.00330364000000000
8.98435000000000e-05
-0.0138952000000000
-0.0172558000000000
-0.00916294000000000
-0.0138221000000000
-0.0206814000000000
-0.0190094000000000
-0.0187388000000000
-0.0176523000000000
-0.00575993000000000
0.0150340000000000
0.0304546000000000
0.0313208000000000
0.0204611000000000
0.00877209000000000
0.00471883000000000
0.0114337000000000
0.0110933000000000
0.00963997000000000
0.0153032000000000
0.0143171000000000
0.00486907000000000
0.00539969000000000
0.0153480000000000
0.0177564000000000
0.0150465000000000
0.0122835000000000
0.0149062000000000
0.0272106000000000
0.0428434000000000
0.0431986000000000
0.0390433000000000
0.0301552000000000
0.00752268000000000
-0.0140980000000000
-0.0231503000000000
-0.0132214000000000
0.00437788000000000
0.00571124000000000
-0.00892452000000000
-0.0219324000000000
-0.0219056000000000
-0.00847608000000000
-0.00515984000000000
-0.0154524000000000
-0.0149208000000000
-0.00459513000000000
-2.53093000000000e-05
-0.00559429000000000
-0.0224944000000000
-0.0345527000000000
-0.0185476000000000
0.00794198000000000
0.00377448000000000
-0.0144150000000000
-0.0286162000000000
-0.0183130000000000
-0.000228149000000000
-0.00503927000000000
-0.0166507000000000
-0.0267812000000000
-0.0306304000000000
-0.0307189000000000
-0.0168651000000000
0.00221627000000000
0.0174828000000000
0.0143751000000000
-0.00313604000000000
-0.0201219000000000
-0.0168852000000000
-0.00586083000000000
-0.0201549000000000
-0.0390002000000000
-0.0403852000000000
-0.0190251000000000
0.0171168000000000
0.0297354000000000
0.0115572000000000
0.0107455000000000
0.0150358000000000
0.0188824000000000
0.0262134000000000
0.0271224000000000
0.0197949000000000
0.0187058000000000
0.0314591000000000
0.0351323000000000
0.0309383000000000
0.0302072000000000
0.0254919000000000
0.00663129000000000
-0.00552588000000000
-0.0159939000000000
-0.0233285000000000
-0.0153244000000000
-0.00896448000000000
-0.00526677000000000
-7.57833000000000e-05
-0.00327429000000000
-0.00564049000000000
0.0102574000000000
0.0326171000000000
0.0369482000000000
0.0246054000000000
0.0119484000000000
-0.0125436000000000
-0.0244621000000000
-0.0130777000000000
-0.00145969000000000
0.00186368000000000
7.88820000000000e-05
-0.00378059000000000
0.000461790000000000
0.00212153000000000
-0.00734284000000000
-0.00211514000000000
0.0122528000000000
0.0129904000000000
-0.00104354000000000
0.00237264000000000
0.0171659000000000
0.0145365000000000
0.00406849000000000
0.00496322000000000
0.00719722000000000
-0.0101069000000000
-0.0260534000000000
-0.0285175000000000
-0.0243567000000000
-0.0274216000000000
-0.0399123000000000
-0.0494950000000000
-0.0437624000000000
-0.0204277000000000
-0.000483451000000000
0.00413122000000000
-0.00416526000000000
-0.00380501000000000
0.00205406000000000
0.00722055000000000
0.0109764000000000
-0.00129300000000000
-0.0191785000000000
-0.0286266000000000
-0.0343394000000000
-0.0373258000000000
-0.0307374000000000
-0.00927541000000000
0.000967618000000000
0.00434706000000000
0.0129499000000000
0.0120607000000000
0.00992294000000000
0.00984764000000000
0.00863301000000000
0.0131997000000000
0.0196545000000000
0.0106226000000000
-0.00351956000000000
0.00120832000000000
0.0104742000000000
0.00693394000000000
0.00134962000000000
-0.00238544000000000
-0.00716600000000000
-0.0109674000000000
-0.00777969000000000
-0.00351388000000000
-0.00392782000000000
0.00374785000000000
0.0186237000000000
0.0250152000000000
0.0140606000000000
0.00871085000000000
0.00990748000000000
0.00979851000000000
0.00845840000000000
0.00987739000000000
0.0168799000000000
0.0157284000000000
0.0162906000000000
0.0176270000000000
0.0155311000000000
0.0131475000000000
0.0184935000000000
0.0280816000000000
0.0351035000000000
0.0312572000000000
0.0272049000000000
0.0281853000000000
0.0236138000000000
0.0161506000000000
0.0137977000000000
0.0154849000000000
0.00741685000000000
-0.00591949000000000
-0.0105624000000000
-0.00891492000000000
-0.0105009000000000
-0.00637583000000000
-0.00336464000000000
-0.00766175000000000
-0.00320522000000000
0.00655327000000000
0.00715522000000000
0.00312534000000000
0.00194943000000000
-0.00161226000000000
-0.00272188000000000
0.00233135000000000
0.00213157000000000
-0.0100318000000000
-0.0174766000000000
-0.00930425000000000
-0.00248847000000000
-1.17671000000000e-05
0.00302593000000000
-0.000415412000000000
-0.00288368000000000
0.000519180000000000
0.00188815000000000
-0.00493245000000000
-0.00873488000000000
-0.00185077000000000
0.00664698000000000
0.00411547000000000
-0.000421360000000000
9.28481000000000e-05
0.00131086000000000
0.00188524000000000
0.00284722000000000
0.00915707000000000
0.0124579000000000
0.00599225000000000
-0.00356808000000000
-0.00770815000000000
-0.00879025000000000
-0.0117532000000000
-0.0173631000000000
-0.0223549000000000
-0.0224914000000000
-0.0215509000000000
-0.0259929000000000
-0.0244332000000000
-0.0195156000000000
-0.0105681000000000
-0.00548636000000000
-0.00637671000000000
-0.0116949000000000
-0.0112776000000000
0.00439481000000000
0.0125100000000000
0.0100397000000000
0.00747551000000000
0.00285705000000000
-0.00412475000000000
-0.00634519000000000
-0.00968968000000000
-0.00859920000000000
-0.00660807000000000
-0.0134440000000000
-0.0238479000000000
-0.0267722000000000
-0.0204012000000000
-0.0213599000000000
-0.0238139000000000
-0.0224582000000000
-0.0260241000000000
-0.0268339000000000
-0.0231587000000000
-0.0221203000000000
-0.0238155000000000
-0.0245355000000000
-0.0204309000000000
-0.0167344000000000
-0.0160397000000000
-0.0140261000000000
-0.0157162000000000
-0.0194320000000000
-0.0164260000000000
-0.00852806000000000
0.00111815000000000
0.00969437000000000
0.0145323000000000
0.0166448000000000
0.0186848000000000
0.0194346000000000
0.0199600000000000
0.0219021000000000
0.0170908000000000
0.0101559000000000
0.00527117000000000
0.00339034000000000
0.00759075000000000
0.0120523000000000
0.00901783000000000
0.00738179000000000
0.00844162000000000
0.0107785000000000
0.0232460000000000
0.0227350000000000
0.00789098000000000
0.00963624000000000
0.0188989000000000
0.0197058000000000
0.0203290000000000
0.0207891000000000
0.0172466000000000
0.0165041000000000
0.0193856000000000
0.0164338000000000
0.00729358000000000
0.00226399000000000
0.00549333000000000
0.00464573000000000
0.00592687000000000
0.00970803000000000
0.00427450000000000
-0.00683328000000000
-0.0101075000000000
-0.00142624000000000
0.00400731000000000
0.00409810000000000
0.00584537000000000
0.00882888000000000
0.00443166000000000
0.00201324000000000
0.00530376000000000
0.00913284000000000
0.00698880000000000
0.000838194000000000
-0.00257269000000000
-0.00844892000000000
-0.0107082000000000
-0.0132460000000000
-0.0167242000000000
-0.0141467000000000
-0.0142569000000000
-0.0160358000000000
-0.0143834000000000
-0.0126739000000000
-0.0111092000000000
-0.00784014000000000
0.00147345000000000
0.00462420000000000
-7.90437000000000e-05
-0.000462594000000000
0.00744237000000000
0.00844194000000000
0.00158546000000000
-0.00582385000000000
-0.00968969000000000
-0.00324639000000000
0.00165160000000000
-0.00110754000000000
-0.00235607000000000
0.000657984000000000
0.00228789000000000
0.00487966000000000
0.00235817000000000
-0.000379566000000000
-0.000472443000000000
-0.000111422000000000
0.00148074000000000
-0.000870426000000000
0.000814550000000000
0.00535042000000000
0.00224649000000000
0.00219339000000000
0.00738715000000000
0.00245334000000000
-0.00595357000000000
-0.00712053000000000
-0.00104957000000000
0.00114335000000000
1.82029000000000e-05
0.00175008000000000
0.00423369000000000
0.00886950000000000
0.00724455000000000
0.00884790000000000
0.00963320000000000
0.0113885000000000
0.0151165000000000
0.0127623000000000
0.0128264000000000
0.0147123000000000
0.0136014000000000
0.00477626000000000
0.00280143000000000
0.00846130000000000
0.0144170000000000
0.0182582000000000
0.0172136000000000
0.0150184000000000
0.0127202000000000
0.0107790000000000
0.00975178000000000
0.00307676000000000
-0.00690305000000000
-0.0129579000000000
-0.0101857000000000
-0.00846915000000000
-0.00969737000000000
-0.00349897000000000
-0.000385058000000000
-0.00173874000000000
-0.00747537000000000
-0.0104345000000000
-0.00557644000000000
-0.00584689000000000
-0.00960677000000000
-0.0106637000000000
-0.0104292000000000
-0.0108608000000000
-0.00954418000000000
-0.0111896000000000
-0.0189591000000000
-0.0189736000000000
-0.0163026000000000
-0.0173940000000000
-0.0181449000000000
-0.0142037000000000
-0.0139542000000000
-0.0174655000000000
-0.0166690000000000
-0.00936836000000000
-0.000133153000000000
0.00338324000000000
0.00260423000000000
0.00276869000000000
0.00659151000000000
0.00127844000000000
-0.00765850000000000
-0.0105646000000000
-0.0107299000000000
-0.00979252000000000
-0.00828677000000000
-0.00657857000000000
-0.00491745000000000
-0.00286782000000000
0.00142381000000000
0.00117985000000000
-0.00192904000000000
0.00269248000000000
0.00748400000000000
0.00634580000000000
0.00251048000000000
-0.00181504000000000
-4.76710000000000e-05
0.00522585000000000
0.00921498000000000
0.00997423000000000
0.00827678000000000
0.00780480000000000
0.00968567000000000
0.0126515000000000
0.0101367000000000
0.00807366000000000
0.00751401000000000
0.0130490000000000
0.0199886000000000
0.0183508000000000
0.0132925000000000
0.0114935000000000
0.0127037000000000
0.0104218000000000
0.00981557000000000
0.0105935000000000
0.00957038000000000
0.00406376000000000
0.00269972000000000
0.00904643000000000
0.0128663000000000
0.0139457000000000
0.00904363000000000
0.00343866000000000
0.00240371000000000
0.000756059000000000
-0.000675253000000000
-0.00216794000000000
-0.00184790000000000
-0.00367375000000000
-0.00634376000000000
-0.00343789000000000
-0.00199254000000000
-0.00403069000000000
-0.00886613000000000
-0.0113914000000000
-0.00909191000000000
-0.00582080000000000
-0.00256786000000000
-0.00297576000000000
-0.00349865000000000
-0.00185630000000000
-0.00479688000000000
-0.00688239000000000
-0.00684493000000000
-0.00540530000000000
-0.00319279000000000
-0.00279471000000000
-0.00231105000000000
-0.00332563000000000
-0.00509867000000000
-0.00847354000000000
-0.00884847000000000
-0.00863509000000000
-0.00918073000000000
-0.00926058000000000
-0.0108283000000000
-0.0110112000000000
-0.0115890000000000
-0.0114131000000000
-0.00968302000000000
-0.00741580000000000
-0.00498242000000000
-0.00116811000000000
0.00288838000000000
0.00451522000000000
0.00306718000000000
-0.00112865000000000
-0.000790572000000000
0.00277161000000000
0.00291355000000000
0.00191926000000000
0.00378638000000000
0.00673910000000000
0.00573534000000000
0.00411847000000000
0.00155472000000000
0.000586380000000000
0.00326666000000000
0.00609201000000000
0.00747426000000000
0.00611060000000000
0.00367603000000000
0.00175591000000000
0.00275534000000000
0.00485374000000000
0.00353877000000000
0.00243073000000000
0.00315032000000000
0.00280065000000000
0.00120896000000000
6.15870000000000e-05
-0.00163895000000000
-0.00365692000000000
-0.00305641000000000
-0.00254140000000000
-0.00179825000000000
-0.000613211000000000
-0.000483514000000000
-0.00174958000000000
-0.00197543000000000
-0.000303368000000000
0.00214574000000000
0.00241157000000000
-0.000311655000000000
-0.000820163000000000
-0.00120579000000000
-0.00124718000000000
-0.000735953000000000
-0.000701138000000000
-0.00130030000000000
-0.00171842000000000
-0.000509215000000000
0.000783921000000000
0.00140876000000000
0.000782619000000000
-0.000344318000000000
-0.000554075000000000
-0.000369621000000000
-0.000122017000000000
0.000265001000000000
-0.000542425000000000
-0.00145189000000000
-0.00122151000000000
-0.000508879000000000
-0.000246227000000000
-0.000297833000000000
-9.40813000000000e-05
0.000418450000000000
0.000334993000000000
7.74328000000000e-05
0.000413771000000000
0.000906716000000000
0.00144882000000000
0.00173507000000000
0.00168211000000000
0.00145248000000000
0.00155966000000000
0.00145585000000000
0.000983449000000000
0.000997663000000000
0.00105367000000000
0.000984424000000000
0.000663561000000000
0.000337866000000000
0.000525409000000000
0.000773089000000000
0.000817952000000000
0.000511348000000000
6.07234000000000e-05
5.93422000000000e-05
0.000217923000000000
0.000200914000000000
4.51811000000000e-05
-0.000159118000000000
-0.000170500000000000
-4.69539000000000e-05
0.000139345000000000
0.000154178000000000
-5.30223000000000e-05
-8.06213000000000e-05
-2.59515000000000e-05
-6.73579000000000e-05
-0.000100619000000000
-0.000108572000000000
-8.64712000000000e-05
-9.99688000000000e-06
1.36585000000000e-05
-3.16086000000000e-05
-8.16824000000000e-05
-0.000123066000000000
-0.000159566000000000
-0.000200670000000000
-0.000205023000000000
-0.000203486000000000
-0.000233102000000000
-0.000257724000000000
-0.000266114000000000
-0.000252966000000000
-0.000230247000000000
-0.000204929000000000
-0.000170654000000000
-0.000135062000000000
-9.92804000000000e-05
-6.32749000000000e-05
-2.86977000000000e-05