0.00964640
0.01424370
0.01409540
0.00431932
-0.00913191
-0.01249610
-0.00490640
0.01134950
0.02622630
0.01782530
0.00513584
-0.01222110
-0.01874430
-0.00187821
0.01707690
0.01822510
0.00712828
0.00892738
-0.00940233
-0.00836569
0.01801650
-0.00410601
-0.01305790
0.01285670
-0.00987980
-0.01117600
0.02882040
0.02746290
0.01050790
-0.02740150
-0.05151380
-0.01757550
0.01460740
0.00566916
-0.00626808
0.01118880
-0.00552322
-0.00458665
0.01156680
-0.03344300
-0.02927750
-0.00577729
-0.00530984
0.00819128
-0.00082800
0.02593440
0.03459960
0.00468701
-0.04357250
-0.04502200
-0.02394130
-0.00055800
0.04533570
0.01738770
-0.00558182
-0.03467990
-0.03952960
0.00910459
0.01923410
-0.00514998
-0.00499854
-0.01902490
-0.02906730
0.01296250
0.03399080
0.02817460
0.00962402
-0.02874200
-0.03282260
0.01033940
0.01465040
-0.02254360
0.01307840
0.02013430
-0.03041800
-0.01825710
0.00526547
0.00386449
0.01072350
-0.01844600
-0.05347700
-0.02572290
0.00027185
0.10111600
0.07138320
-0.08690470
-0.14498000
-0.11162100
0.01873210
0.10824400
0.10151700
-0.05576010
-0.13938000
-0.04946520
0.03932170
0.04647950
0.04717050
0.03175490
-0.06650020
-0.08998300
-0.11350700
-0.03937070
0.05649070
0.11050600
0.02696210
-0.11246700
-0.01453350
0.00890180
-0.04324560
-0.03426680
-0.03067050
0.04920160
0.03449930
-0.02518160
0.04113390
0.10396100
0.06114730
-0.08275780
-0.10698100
0.00431900
0.07414860
0.12692600
0.09360300
-0.08240650
-0.12824800
0.04882480
0.10496800
-0.06583190
-0.10841000
-0.04982450
0.00593662
0.06279350
-0.01053660
-0.00667026
-0.02732900
0.06596280
0.18568400
0.05523780
0.01154950
0.08281880
0.09249360
0.04492640
-0.07783540
-0.11549300
-0.07105510
0.05898480
-0.00293478
-0.04496270
0.03280120
0.00269186
0.02585590
0.02108350
-0.07298180
-0.07127710
0.00057054
0.03060780
0.05495790
0.00851548
-0.02230940
-0.01625530
0.05948660
0.04532540
-0.05352770
-0.01385790
-0.01089810
0.01397060
0.02600580
0.01775420
0.02803630
-0.02005790
0.01873160
-0.03480670
-0.08407760
0.02842830
0.08622610
0.04067200
-0.02155440
0.01019680
-0.02843390
-0.04453440
0.04880940
0.06817880
0.01016170
-0.07643530
-0.08508650
0.00940677
0.06315210
0.10556900
0.07585750
-0.07980290
-0.10350200
0.02515310
0.08599710
0.00286201
-0.05410380
0.00666767
0.06455900
0.02456010
-0.03476550
-0.04739160
-0.03226750
-0.01213450
-0.06831480
-0.00280683
0.02774850
-0.00927727
0.07611490
0.05523450
-0.06843080
-0.09485040
-0.02312210
0.04816750
0.01114300
-0.00906293
0.00925844
-0.00579465
0.00051378
-0.01284270
0.01107690
0.04552590
0.00136699
-0.03314400
0.00705199
0.03894970
0.02256800
-0.01923720
-0.01004410
0.04503930
0.05671210
0.05653870
0.01381070
-0.01430030
0.04440000
0.09310850
0.07564460
0.03932300
0.08095440
0.05039280
-0.03955930
-0.00326164
0.02757310
0.01673480
0.05810110
0.01257290
-0.04363860
0.01091240
0.03420680
0.04586310
0.06783180
0.05773020
0.04104550
0.07203070
0.07078050
0.02793150
0.06608370
0.05120150
-0.00646567
-0.01278570
-0.03373550
0.02919990
0.02879220
-0.01424500
0.03331810
0.00946683
-0.05160690
-0.03061030
0.01155290
-0.06585560
-0.12619000
-0.07811590
-0.01147150
0.05109760
0.05518230
-0.02220860
-0.11962100
-0.13638300
-0.09807250
-0.09128950
-0.03446410
-0.04143610
-0.06148740
-0.05718180
0.00954390
0.23764600
0.34286300
0.17988900
-0.10359200
-0.22154700
-0.15625500
0.02837660
0.11950500
0.25625600
0.20252700
0.09370520
0.13686700
-0.14861000
-0.27296100
-0.31723700
-0.30987300
-0.03740060
0.16680000
0.27780600
0.23756700
0.03425210
-0.10115000
-0.31025400
-0.29627700
0.10440700
0.17598400
-0.18226900
-0.31144300
-0.00077026
0.17248200
0.26368100
0.21780700
-0.11972000
-0.18617000
0.13518500
0.19027500
0.02756610
-0.12006800
-0.25599000
-0.24505000
-0.14509700
-0.00627005
0.02969170
0.06442650
0.24123300
-0.03128590
-0.32878700
-0.20986700
-0.07859770
0.04909810
0.20244000
0.11382600
0.01585230
0.12615100
0.00819370
-0.01251190
-0.06694620
-0.16741700
-0.10311100
-0.06866310
-0.06850200
-0.15788200
-0.18358100
-0.14697500
-0.12205700
0.11519300
0.24441800
-0.10676500
-0.20597700
0.14265900
0.21243200
-0.06654670
-0.22218200
-0.07291520
-0.01093760
-0.08003950
-0.07255460
0.00937888
0.07192110
0.08923450
0.09032250
0.13141500
0.04573680
-0.29093400
-0.17768800
0.29948100
0.37625900
0.27463700
0.13904600
-0.05138710
-0.06308880
0.10395300
0.14686900
-0.00453961
-0.06121060
-0.00061066
0.00014886
-0.08596960
-0.10913800
-0.06798430
0.05766550
0.14273500
0.07051160
0.03819300
-0.15008400
-0.19323400
0.00762078
0.10838000
0.09094110
-0.05953020
-0.15408300
-0.13806500
-0.01683420
0.06976980
0.00387570
-0.10751200
-0.13933000
-0.02598420
0.06040730
0.08158590
-0.03333650
-0.11470500
-0.09508230
-0.11715300
-0.09901590
-0.09838960
-0.06362580
-0.19693400
-0.30666500
-0.09870520
0.00505182
-0.11401900
-0.05065360
0.17122500
0.18334500
0.19498300
0.18159000
0.03407840
-0.06809070
-0.11278600
-0.08772490
0.03960300
0.05996920
0.01526620
0.04696580
0.06296510
0.17881500
0.12531600
-0.17654400
-0.18914000
0.05169670
0.13720500
-0.02842350
-0.07813440
0.04199930
-0.04445860
-0.15171200
-0.25434500
-0.19927700
0.11581100
0.20859600
0.30151900
0.34471600
0.10318700
-0.07865250
-0.05871930
0.10998300
0.30527400
0.37580100
0.28837100
0.17914700
0.08755650
-0.01183560
0.13096600
0.30753400
-0.05599750
-0.28672000
-0.16161200
-0.22002700
-0.29001100
-0.27679100
-0.31273400
-0.20586800
0.03334680
0.25396900
0.28141200
0.27144100
0.41101700
0.38968500
0.27969500
0.14384700
-0.05760460
-0.03336440
0.11832400
-0.12555300
-0.27331500
-0.07968190
0.04651670
0.17125900
0.17304800
-0.04533770
-0.26486400
-0.25905200
-0.11576000
0.02026430
0.15137200
0.22252200
0.16888000
-0.04315420
-0.23402000
-0.32057800
-0.43269900
-0.45676400
-0.42655700
-0.28040400
0.15359200
0.15221800
-0.23537800
-0.21082200
0.24577200
0.24497600
-0.30376500
-0.23499900
0.15148600
0.00055154
-0.16507800
-0.34655300
-0.37142300
-0.00986668
0.09704280
-0.19580800
-0.30584300
0.07178590
0.11809900
-0.33225200
-0.21616000
0.29807200
0.43687900
0.36836700
0.32754000
0.38976000
0.39225800
0.18754800
-0.20435900
-0.11109500
0.18649100
0.16242000
0.34458900
0.28101100
-0.05835890
-0.18954100
0.06240030
0.31742400
0.41646800
0.25168500
-0.17174100
-0.32687900
-0.27232200
-0.26683900
0.02245230
0.25180300
-0.03371230
-0.15496300
-0.05334680
0.20808200
0.40287400
0.46247300
0.40415700
0.18053700
-0.04488130
-0.12047000
-0.16470600
-0.07587720
0.33970100
0.08368250
-0.16796300
-0.03873530
0.06376860
0.18222700
0.07664820
0.07866930
-0.07940950
-0.02453870
0.11846800
0.16599200
0.12211000
-0.23742500
-0.31707500
0.01394240
-0.02282770
-0.45296700
-0.25082800
0.18829900
0.14547400
0.14552900
0.18876700
0.26905800
0.21916500
-0.12342700
-0.25208500
-0.26168300
-0.25019900
-0.28627400
-0.33831700
-0.07800610
0.16646000
0.13811500
-0.11035900
-0.23439600
-0.05292800
-0.12481400
-0.23311400
-0.26389200
-0.06024250
0.17761800
0.15649500
0.22600100
0.29662600
0.12809200
-0.00623002
-0.05934930
0.08916720
0.19792000
0.04198050
-0.16566500
-0.44098400
-0.29343000
-0.07498740
-0.14444400
-0.07121110
-0.09902770
-0.17825200
0.08565190
0.04322530
-0.39420500
-0.49635200
-0.13125800
0.04020800
-0.22197100
-0.10883400
0.00340845
-0.03673020
0.05825740
0.13030400
0.14380800
0.02536960
-0.10758100
-0.13512800
-0.03639650
0.03181790
0.06546030
0.06985700
-0.01130400
-0.20965500
-0.24127000
0.09586470
0.27465200
0.24956000
0.00320399
-0.08307890
0.10997000
-0.01837540
0.07694660
0.10372300
-0.31301400
-0.17473900
0.07422070
0.21418300
0.36431200
0.36588700
0.27694000
-0.08299860
-0.25983700
0.11553000
0.14055000
-0.13281200
0.04105060
0.19300600
0.16477100
-0.02565480
-0.05118010
0.21162700
0.29917400
0.22086600
-0.07693850
-0.14329000
0.16543500
0.21669400
0.10382600
-0.05599190
-0.00998120
0.15927900
-0.05673320
-0.15624400
-0.08763060
0.05314570
0.17112600
0.00552372
-0.16395600
-0.21170800
-0.11115700
-0.02241780
0.01747690
0.09216410
0.13479800
0.18639200
0.20554600
0.10457600
-0.00934255
-0.09908650
-0.10386500
-0.02239160
0.06281160
0.08258350
0.06130060
0.14667300
0.21521700
0.20851900
0.00330339
-0.17380600
0.02365570
0.12820400
0.01800080
-0.01467460
0.01771610
0.02502970
0.02420320
-0.09244600
-0.13509400
0.03471340
0.09800940
0.00288728
-0.00688937
-0.05044820
-0.10441300
0.01162710
0.03579400
0.13189400
0.17317700
-0.06639020
-0.29339200
-0.31059500
-0.19544100
-0.16885000
-0.11612300
0.07685100
0.19354600
0.14321500
-0.09899130
-0.24115700
-0.10236800
0.07423640
0.18554200
0.09067310
-0.06776820
-0.16091800
-0.27878900
-0.20429400
-0.12851900
-0.22308800
-0.21267300
-0.05653360
0.02517230
0.12821300
0.12894300
-0.06380360
0.01961270
-0.01801130
-0.30314800
-0.32684300
0.00937166
0.09462090
-0.15407200
0.05001410
0.16466700
-0.00200935
-0.14522500
-0.16276300
0.13116100
0.18972400
0.13114500
0.11711000
-0.32332000
-0.30050700
0.15905000
-0.02231260
-0.16494200
0.03130440
-0.07648480
-0.15355000
-0.06989120
-0.00657997
0.04361900
0.01761020
0.05399290
0.08035980
0.03073790
-0.00105422
-0.01165030
0.03602920
0.06081120
-0.01960660
-0.02664760
0.07931190
0.09664940
-0.03647440
-0.02480210
0.09984370
-0.03344360
-0.10812800
-0.02528100
0.06702680
0.11962500
0.15019300
0.18287500
0.20727100
0.13954600
-0.04961190
-0.06647230
0.03352640
0.06211410
0.03134270
0.02930650
0.08375900
0.09185840
0.04390350
-0.00317095
-0.05632280
-0.05414470
0.00148508
0.02477940
-0.01178400
-0.10546600
-0.17249400
-0.17575200
-0.04421050
0.09176920
0.17281900
0.12058000
-0.11822300
-0.26739400
-0.20159800
-0.00005964
0.06731340
0.04030060
-0.09442480
-0.18529300
-0.04110540
0.08529970
0.18804500
0.26714000
0.16527600
-0.09336230
-0.29437100
-0.29381300
-0.13217500
-0.02243240
0.02482170
0.05175120
0.06073870
0.12061900
0.07806210
-0.09322400
-0.05440650
0.11118700
0.12426600
0.06819590
0.01280080
-0.02229070
-0.00843731
0.08475460
0.12271500
0.05899540
-0.00646014
-0.06575050
-0.04928660
0.02670670
0.06996370
0.08548260
0.05974540
-0.00375256
-0.02583650
-0.01946930
-0.03257200
0.01948780
0.08706910
0.13683000
0.10839800
-0.02607100
-0.13696200
-0.10706600
0.02878370
0.10139100
0.13642200
0.13539900
0.03525160
-0.08497580
-0.17782900
-0.14636300
0.00180890
0.08977120
0.08468850
0.01222300
-0.06940740
-0.17555300
-0.12700700
0.01701200
0.04864580
0.03859170
0.00876362
-0.00509319
-0.06315210
-0.04455670
0.06655570
0.07108590
0.06588570
0.07061930
-0.00083915
-0.09983990
-0.14591700
-0.09305440
-0.01136850
0.02163640
0.02540320
-0.00086873
-0.09566490
-0.09241930
-0.01658320
0.02216840
0.06657140
0.05182080
-0.04700610
-0.03750870
0.07332280
0.03570210
-0.01306510
0.02390880
0.00304489
-0.01353480
-0.01003110
-0.02715490
-0.00317222
0.04379310
0.05185470
0.05231600
0.03819850
-0.01049400
-0.03716390
0.00547899
0.05605590
0.04262930
0.01504920
-0.02371680
-0.02938920
-0.01738310
0.03060720
0.08525230
0.08406120
0.00850853
-0.08304010
-0.08161610
-0.00885174
0.06658220
0.12490500
0.12585900
0.08985750
0.00156724
-0.03822750
-0.00048677
-0.00152077
-0.01561290
0.02253920
0.02871040
-0.04682310
-0.03620170
-0.02050180
0.00470607
0.08675320
0.05535820
0.01545960
-0.06214820
-0.07008830
0.06052080
0.09099690
0.12742000
0.17649900
0.06077200
-0.07539570
-0.11368400
-0.14221900
-0.08964140
0.12012500
0.13837300
0.00718123
-0.06654830
-0.04848070
0.01838550
0.02022360
0.01324530
0.03711270
0.06296110
0.04307780
0.01886870
-0.09258130
-0.04743540
0.07843570
0.07833360
0.07084020
-0.03982970
-0.04455110
-0.00551241
-0.02682060
0.01519260
0.02469120
0.06730300
0.06870830
0.00246749
-0.02730570
-0.01800170
0.00658609
-0.01299210
0.01027730
0.03168200
0.03149750
0.04645480
0.02401820
-0.00691034
-0.05412860
-0.05822480
-0.00915845
-0.00381344
-0.02834240
-0.06539280
-0.05298300
-0.05048620
-0.07920370
-0.02303330
0.02743100
0.00045118
-0.09140030
-0.09282150
-0.01292900
-0.02113340
-0.04271800
-0.01174880
-0.00219977
0.00484296
0.04891780
0.04392310
-0.03279370
-0.06119210
-0.00704960
0.03544620
0.03488060
0.00130236
-0.03220680
-0.02213790
-0.00444271
-0.01254980
-0.02798390
-0.06713270
-0.11990300
-0.07895700
0.01411470
-0.05004850
-0.08572710
-0.03576520
-0.00592458
0.03131880
0.04631700
0.04521220
0.05442440
0.07299320
0.07256850
0.03202110
-0.01243710
-0.00483242
0.04823340
0.04859840
0.00249750
-0.07506870
-0.08629000
0.02329460
0.05970470
0.03659100
-0.00304393
-0.02254280
-0.03826600
-0.07983080
-0.05840960
-0.01649760
-0.01133050
-0.00934513
0.04158340
0.05478300
-0.01001670
-0.06221670
-0.06487740
0.00105260
0.04328570
0.04516270
0.01332230
-0.00303897
0.03821620
0.02139750
-0.04788220
-0.03584540
0.02713360
0.05222420
0.03188780
0.00499506
0.00527821
0.00737841
0.02852060
0.03377310
-0.00126907
-0.00386288
-0.00724859
-0.06669030
-0.07619300
-0.01570450
0.03993420
0.09279300
0.06220890
-0.04720930
-0.07685900
-0.08408710
-0.07269840
-0.01370970
0.01460260
-0.00511764
-0.03165130
-0.00905165
0.03820040
0.04813430
-0.00870647
-0.05655570
-0.04656200
0.01321320
0.02443660
0.00192336
0.01057290
-0.00608387
-0.03392700
-0.02003230
0.03471940
0.07382770
0.05276610
0.01295670
0.00698998
0.00224729
0.03537760
0.05413930
0.02870030
0.00956342
-0.00042053
0.00760563
-0.00970095
-0.05074490
-0.06603010
-0.03229320
0.00834748
0.04967260
0.05936560
0.03015690
-0.03472030
-0.08623160
-0.04817910
-0.01090880
0.02211820
0.05323960
0.04059550
-0.00010790
-0.04452690
-0.04322250
0.01020240
0.01027330
-0.02158230
0.01789970
0.09935950
0.10815000
0.04706250
-0.01246540
-0.07012960
-0.05755310
0.01769630
0.04439100
0.05528220
0.04433710
-0.02579230
-0.11649300
-0.13291900
-0.08493850
-0.09986990
-0.06727690
0.03217310
0.08587590
0.08297180
-0.03722250
-0.12759800
-0.11472200
-0.10356700
-0.02767930
0.05555650
0.10457000
0.07454110
-0.02914070
-0.07606180
-0.04149100
0.02346740
-0.00352552
-0.02146620
-0.02103950
-0.02809980
0.02631590
0.07303040
0.05957120
0.02684310
0.03817300
0.03006560
0.02355740
0.02959860
0.03580740
0.03461950
-0.00971820
-0.05065260
-0.05605770
-0.00062294
0.00998590
-0.02473840
-0.05199360
-0.05375530
-0.00599633
0.04307620
0.07821270
0.03032190
-0.06921840
-0.13616300
-0.13494400
-0.04189230
0.03555210
0.09482810
0.10688200
0.03340680
-0.02717160
-0.08081050
-0.07198160
0.03219030
0.09834760
0.14928100
0.10553700
-0.01621330
-0.11369400
-0.12085700
-0.04817690
-0.06197310
-0.03572960
0.03743840
0.00562345
-0.05612150
0.00565556
0.07046530
0.05910120
0.04881390
0.00943832
-0.05092310
-0.03435740
-0.03804390
-0.03927710
0.02811170
0.09019490
0.10706000
0.09533580
0.06125170
-0.03614900
-0.03635530
0.04118910
0.02170590
0.01554090
0.02381590
0.00232002
0.00861376
-0.00466464
-0.00068008
0.02511770
0.02152700
0.01457910
0.01346640
0.03171890
0.00467303
-0.05202780
-0.04581880
0.01206310
0.01454560
0.00954633
-0.00738849
-0.03456550
0.01924940
0.06538850
0.13728700
0.08248000
-0.13189700
-0.23802700
-0.18157200
-0.03516270
0.06674190
0.14949800
0.12684400
0.01634540
-0.04990870
-0.04187860
0.01069960
0.00780525
0.01831390
0.02301150
0.01499850
0.05455850
0.09487330
0.09024470
0.03948190
0.03126260
0.00746173
-0.09414880
-0.07210540
0.04084740
0.11091500
0.03308190
-0.16438300
-0.14849100
-0.00326672
0.07213280
0.13435400
0.12683600
0.02036820
-0.06986400
-0.14873400
-0.18654500
-0.09525720
-0.02249000
0.06760090
0.08526130
-0.07157390
-0.15586900
-0.18849200
-0.11639800
0.07090180
0.16571700
0.15494400
0.07248540
-0.01707900
-0.03665590
0.02139290
0.02245700
-0.00802837
-0.02393220
-0.02066320
-0.05812410
0.00657909
0.11706100
0.02365390
0.03226620
-0.01388810
-0.05240730
0.05025870
0.06775980
0.05864960
0.06213070
0.03701270
-0.00839201
-0.03707420
-0.00802750
0.00247635
-0.00412410
0.00324296
0.00649944
0.00202246
-0.00853917
-0.02707170
-0.05670520
-0.05877580
-0.01000590
0.08041550
0.06143580
-0.03070290
-0.02130030
0.03693070
0.01309250
0.01248100
0.03196280
0.01360460
0.01621430
-0.00985009
-0.00893254
0.04929760
0.03236080
0.00752048
-0.01626160
0.00487013
0.15952200
0.06559940
-0.18709600
-0.15841500
0.00514393
0.02993780
0.01084810
0.03128580
-0.00636306
-0.03844650
0.03386810
0.05312860
0.00402055
0.00566426
0.05718980
0.04675610
-0.03119520
-0.02035850
-0.01123430
0.00763020
0.01864120
0.00127820
-0.03648450
-0.01382390
0.05449390
0.08986290
0.06771490
-0.00815039
-0.05906920
0.01052190
0.11625600
0.14302200
0.00485375
-0.19814700
-0.16350800
-0.08482450
-0.07311530
-0.05205670
0.01787960
0.02848450
-0.05428780
-0.13127200
-0.14078000
-0.04659620
-0.02862080
0.01167850
0.12763100
0.15323600
0.09021980
-0.00204926
-0.00044595
0.03642530
0.02973860
-0.01381360
-0.05470920
-0.03318210
0.02410370
0.02782140
-0.03073780
-0.04621670
0.02876370
0.03486050
-0.03179150
-0.06168260
-0.09656030
-0.12076600
-0.06313840
0.08908200
0.07731400
-0.01319210
0.01553840
0.01877240
0.03292360
0.04729150
0.07531470
0.08361520
0.06167470
0.05479770
0.03176820
-0.00466219
-0.02193940
0.00089287
0.02735020
0.05178570
0.08363710
0.05585300
-0.04927500
-0.12488500
-0.09368700
0.00094089
0.01007080
-0.00222835
0.04294410
0.06353180
0.04650990
-0.00035908
-0.05790010
-0.08380600
-0.04429050
-0.01987050
0.02913900
0.12135400
0.16475900
0.12744200
0.01911600
-0.05273640
-0.11127600
-0.06933520
0.04326030
0.01642720
-0.06471970
-0.05070490
0.01687020
0.02490500
-0.01664840
-0.01258700
-0.03098100
-0.05989670
-0.04203470
-0.07612260
-0.05531440
0.01052470
-0.01010600
-0.06961960
-0.02432690
0.06783500
0.10224500
0.02715180
-0.18916100
-0.25160500
-0.16597800
-0.09882800
-0.01731230
0.04608950
0.07179830
0.11713500
0.09981240
-0.00552674
-0.10640300
-0.11083400
-0.03607830
-0.01423650
0.02131790
-0.00444010
-0.00028692
0.04508490
0.03023890
0.03479510
0.05057030
-0.01018790
-0.08129610
-0.00620400
0.04019730
0.02526060
0.01832000
-0.00129095
-0.06320960
-0.05800190
-0.00120713
-0.02472550
-0.02645590
0.01787410
0.02620210
-0.00147622
-0.01403680
-0.03092090
-0.03533460
0.01047190
0.06733680
0.06181520
-0.02123860
-0.08288500
-0.05444280
0.02359950
0.06536670
0.04155270
-0.01763720
-0.05785210
-0.03100600
0.04163230
0.04217470
-0.00590766
-0.04870210
-0.08897410
-0.06627670
0.01622090
0.08575410
0.08080680
0.01723860
-0.02799970
0.00169396
0.06307140
0.07587870
0.06154800
0.01734040
-0.00396128
-0.00352156
-0.03352830
-0.01557110
0.05744620
0.07221030
0.01367560
-0.04201690
-0.04033850
0.00145944
-0.00098861
-0.07384510
-0.07175830
0.01396840
0.03441870
0.02306690
-0.01811370
-0.03486140
-0.01525800
-0.03461660
-0.05842570
-0.08975080
-0.07616890
-0.02191360
0.02472690
0.10097400
0.14444700
0.05180790
-0.11977600
-0.10832700
0.04314310
0.12973200
0.11283300
0.01553900
-0.04848140
-0.08373210
-0.04587790
0.08910460
0.05093750
-0.13356700
-0.21953400
-0.14693900
-0.02566500
-0.01773100
-0.04970910
-0.05174960
0.03814870
0.11907200
0.09573210
0.03730060
-0.00296270
-0.00560070
0.04904180
0.09918890
0.13897100
0.12331200
0.05758370
0.00388232
-0.02974650
0.01798640
0.07805790
0.12295700
0.06943360
-0.09212230
-0.22805000
-0.23246300
-0.11571600
-0.03496300
0.00454725
0.02422860
-0.02709820
-0.15446300
-0.17659600
-0.04783520
0.03189420
0.13194400
0.23729500
0.17010300
0.09059950
0.06415730
0.07908460
0.13639100
0.14999500
0.14770800
0.02456930
-0.21903800
-0.04982370
0.05730640
-0.25234500
-0.24341000
-0.08554810
0.06554250
0.21649400
0.05675950
-0.00972383
0.04937660
0.03919030
0.07440010
-0.01850610
0.09482520
0.20487400
0.11188500
-0.07527980
-0.12664200
-0.01015140
0.07489220
0.12940700
0.08182680
-0.09174410
-0.10991800
0.03768030
0.11139200
0.12045200
0.05294090
-0.00475841
-0.01781760
-0.00434482
-0.02212530
-0.05277240
-0.07387000
-0.13735200
-0.14864300
-0.11989300
-0.05415710
0.03910450
0.10689800
0.18998100
0.22915500
0.22352600
0.16687200
0.03226010
-0.05507820
-0.08481760
-0.03868140
-0.03421770
-0.04186310
0.04496300
0.11982500
0.18068300
0.16059000
-0.00234192
-0.12513000
-0.16277900
-0.14905200
-0.10505700
-0.09380410
-0.05719580
-0.02298330
0.01070370
0.04835930
0.05093360
0.06795360
0.06549480
-0.02464840
-0.07726240
-0.11060400
-0.12669900
-0.13037300
-0.09986220
0.04449150
0.13073000
0.03911640
-0.15146400
-0.17735400
-0.06050320
0.03261960
0.09561610
0.07129820
-0.05722920
-0.06376390
0.04642220
0.02301510
0.02571310
0.06233420
0.02935970
-0.01991840
-0.07525700
-0.13436600
-0.13237800
-0.05179780
0.01565610
0.07071940
0.05632060
-0.04505920
-0.08317810
-0.02110880
0.00197248
0.00857487
0.01664460
-0.04284120
-0.05867420
-0.01203050
0.01361040
0.02563830
0.04903050
0.04282000
0.00097506
-0.02366920
-0.03918290
-0.02769930
0.01236310
0.00121177
-0.05040510
-0.02980420
0.03855120
0.05876970
0.04525000
-0.00703799
-0.05810640
-0.02915860
0.04790890
0.06193050
0.04220540
0.03856040
0.00144828
-0.04616660
-0.03669340
0.02330190
0.00895144
-0.03037920
-0.03835360
-0.09668660
-0.07932140
-0.01703100
0.00597344
0.04804950
0.00344476
-0.03287140
-0.00643474
-0.03317110
-0.09024480
-0.08743590
-0.02939010
0.01817590
0.03568410
0.05901720
0.06150280
0.02243270
0.00407449
0.00707421
0.03764640
0.04695470
0.03042140
0.04551680
0.05284270
0.05499410
0.06997480
0.09410610
0.02966710
-0.10100700
-0.17739600
-0.19065900
-0.10541800
-0.04292100
-0.01088160
0.02747600
0.04031890
0.00325145
-0.02174210
0.03898770
0.11568900
0.09702130
0.00533302
-0.00538675
0.02280050
-0.01236360
-0.05276660
-0.03820960
-0.02203380
-0.04118350
-0.03852660
-0.06063500
-0.01685210
0.11431100
0.17580500
0.11301200
-0.01681020
-0.08017070
-0.07877360
-0.02177150
0.03066450
0.06836240
0.07370730
0.03168330
0.00852630
0.06925910
0.10994200
0.03755120
-0.01805840
-0.03377160
0.00333654
0.02147980
0.01059600
0.05175250
0.10022700
0.11477500
0.06004240
-0.00852874
-0.05902750
-0.08453610
-0.09957180
-0.09871260
-0.01343080
0.06606690
0.11957400
0.08669340
-0.03111960
-0.10482100
-0.08449130
0.01730840
0.02778820
-0.02473750
-0.03704540
-0.02777490
0.04819230
0.11514400
0.09147300
0.00615171
-0.07355670
-0.08701440
-0.00671424
0.04647520
0.05306630
0.02649720
-0.02814690
-0.05477470
-0.02933500
0.01433580
0.02627900
0.02929380
0.07127590
0.03078350
-0.09630160
-0.10422900
0.00421460
0.04804080
-0.00593426
-0.06923890
-0.05545540
0.01172430
0.05682740
0.05027240
-0.03522000
-0.05138640
0.03347840
0.09032740
0.07952170
0.03057520
-0.01121750
-0.06572970
-0.08036020
-0.07876910
-0.09179350
-0.10009500
-0.07326570
0.03179880
0.09501140
0.05723970
-0.03136110
-0.08946460
-0.09846390
-0.07151110
-0.04672800
-0.04082210
-0.04337290
-0.02461230
0.00505359
0.04018670
0.07089940
0.06050480
-0.00033578
-0.04523150
-0.05898590
-0.06139270
0.00269411
0.04588260
0.04607380
0.03306620
0.04520600
0.05671730
0.02349770
0.01928130
0.03640410
-0.01023260
-0.03876710
0.00514403
0.00263659
-0.03001430
-0.00681956
0.02448260
0.03593910
0.03315930
0.06239680
0.07666840
0.02439420
-0.02246970
-0.03219740
0.01293520
0.01679990
-0.03308600
-0.05484600
-0.04183650
0.01927820
0.04624590
-0.01748650
-0.05811120
-0.02089610
-0.00087809
-0.03295170
-0.03113380
0.03596460
0.09458920
0.07450110
-0.01063590
-0.04713830
0.00747454
0.06130790
0.04419020
-0.00054598
-0.04800190
-0.06308180
-0.04495960
-0.04496430
-0.02649340
-0.02652880
-0.02325500
0.00595807
0.03283890
0.02278740
-0.03836330
-0.03669200
0.01912470
0.03848620
0.02032660
0.02878150
0.03918420
0.01461800
0.03502860
0.04904640
0.00759084
-0.00884119
0.03587630
0.05040200
0.00235442
-0.06534170
-0.07213380
-0.03721640
-0.00127626
0.05900500
0.11590000
0.12050300
0.04082910
-0.00478944
-0.03481440
-0.04824000
-0.01129100
-0.04917770
-0.06488380
0.01732960
0.08720880
0.07256820
-0.03340280
-0.14144200
-0.12278000
0.00756129
0.07908260
0.09095630
0.03861310
-0.07497330
-0.06769730
0.02739520
0.08516720
0.08795780
0.00887102
-0.09316680
-0.12125800
-0.02984660
0.02058690
0.05167840
0.04112190
-0.03570010
-0.08357760
-0.07293480
-0.01982450
-0.01570020
0.01575840
0.06381830
0.05576900
0.00000035
-0.04737970
-0.02605560
0.02129160
0.02385390
0.02766660
0.04470200
0.05738990
0.00715767
-0.00511875
0.07739020
0.09613780
0.00801296
-0.09613080
-0.11366100
-0.04438570
0.00270221
0.02894620
0.04474350
0.01946280
-0.06585860
-0.07384920
0.05238720
0.07525620
-0.00149369
-0.02846610
0.00700758
0.02800880
0.02602180
0.00253379
-0.02374060
-0.02013470
-0.03769930
-0.05070060
-0.02416870
-0.01851420
-0.02834120
-0.04387240
-0.05338050
-0.01346500
0.01232890
0.00299786
-0.04833070
-0.04373550
0.03311100
0.03090810
-0.03354520
-0.03988960
0.01103350
0.03560640
0.02298090
0.00718135
0.01331730
0.01527170
-0.01365370
-0.00756861
0.01590240
0.01027270
-0.00450478
0.02194630
0.03015680
0.02705700
0.01082740
-0.07464670
-0.09597470
-0.04073960
-0.00800107
0.02144010
0.01223410
-0.02698410
-0.00018451
0.03540540
0.04862480
0.07772780
0.07353060
-0.01254540
-0.07404560
-0.05649300
0.01543710
0.07286230
0.09783330
0.08665920
-0.00369187
-0.04448070
-0.00166682
-0.01025900
-0.00852541
0.06674890
0.07368370
-0.02774700
-0.05941220
-0.02397440
-0.02951110
-0.02268060
0.00236609
-0.01476740
-0.06421060
-0.08597160
-0.07592350
-0.03412040
0.00384292
0.03358400
0.01947650
-0.09411910
-0.10793200
0.03646040
0.09542900
0.05750230
0.02550440
-0.04604200
-0.06601910
0.01331550
0.05365410
0.06196100
0.04271350
0.01259840
-0.00706666
-0.03095930
-0.03160760
-0.01267910
0.00997019
0.04988830
0.06764720
0.02807420
-0.04834980
-0.07137400
-0.02023090
-0.00192629
0.00859629
0.00943395
-0.00983316
-0.01881330
-0.00846464
-0.02677990
-0.03951030
-0.01294070
0.00668509
0.03662750
0.04838360
0.02729760
-0.00824731
-0.04039210
-0.00235618
0.07431600
0.10234300
0.05885980
-0.02586000
-0.05780490
0.00072250
0.06148170
0.08275280
0.04749880
-0.01733760
-0.05259240
-0.02978890
-0.00148306
0.02070260
0.02386550
-0.02400190
-0.03994830
-0.00128930
0.02754680
0.03118060
-0.01227110
-0.03139450
0.02603560
0.03432910
-0.00629421
0.00273758
0.02901450
-0.01013160
-0.03147940
0.00761488
0.04018180
0.02795180
-0.04478110
-0.10553600
-0.08311470
0.01492070
0.06512500
0.05156340
-0.01263050
-0.10027300
-0.09596430
-0.01254520
0.02207580
0.01245380
0.01997110
-0.02201670
-0.05985660
-0.02997940
0.00123067
0.00742770
-0.02841460
-0.04998250
-0.00801037
0.03299350
0.03945020
0.01610980
-0.00855993
-0.03518660
-0.04449960
-0.00433460
0.03600420
0.04446550
0.01148520
-0.03303920
-0.02979490
0.02544220
0.07157210
0.06410470
0.01557580
-0.02896060
-0.02464110
0.00243743
0.00404644
0.03216470
0.05415240
0.02331870
-0.01973780
-0.03907310
-0.00439134
0.01909740
-0.02213240
-0.05318830
-0.01396550
0.05421220
0.07277140
0.01465940
-0.01446220
-0.01349860
-0.01042710
0.02928000
0.04268170
0.01782620
0.00687199
