-2.711E-05
-3.217E-05
-2.989E-05
-3.981E-05
-3.911E-05
-4.534E-05
-3.815E-05
-4.679E-05
-5.796E-05
-8.747E-05
-1.139E-04
-1.553E-04
-1.686E-04
-1.616E-04
-1.311E-04
-1.032E-04
-5.877E-05
-1.009E-05
5.946E-05
1.210E-04
1.606E-04
1.640E-04
1.705E-04
1.761E-04
1.895E-04
1.731E-04
7.575E-05
-7.685E-05
-1.667E-04
-2.012E-04
-2.281E-04
-2.785E-04
-3.322E-04
-3.856E-04
-4.388E-04
-4.964E-04
-5.626E-04
-5.935E-04
-2.931E-05
1.672E-03
2.649E-03
1.924E-03
6.335E-04
-3.701E-04
-3.729E-04
1.161E-03
3.630E-03
5.085E-03
1.827E-03
-4.285E-03
-6.323E-03
-3.637E-03
-2.512E-04
3.750E-04
-8.955E-04
-1.215E-03
-2.966E-04
5.544E-04
-1.748E-03
-3.873E-03
3.902E-04
6.108E-03
2.980E-03
-7.642E-03
-1.160E-02
-5.265E-03
3.167E-03
8.870E-03
4.639E-03
-9.129E-04
1.123E-03
6.649E-03
1.120E-02
1.367E-02
8.429E-03
7.623E-04
1.327E-04
1.815E-04
-4.227E-03
-8.209E-03
-5.279E-03
2.016E-03
4.362E-03
-2.173E-03
-1.147E-02
-1.131E-02
2.145E-03
1.202E-02
2.570E-04
-2.144E-02
-1.717E-02
1.291E-02
2.403E-02
-1.168E-03
-2.916E-02
-2.242E-02
8.302E-03
1.089E-02
-9.105E-03
-8.516E-03
1.640E-02
2.808E-02
5.559E-03
-3.227E-02
-4.379E-02
-7.246E-03
4.319E-02
4.191E-02
-8.350E-03
-4.494E-02
-1.753E-02
2.517E-02
7.647E-03
-3.275E-02
-3.547E-02
-7.270E-03
1.808E-02
1.406E-02
-2.185E-02
-4.930E-02
-3.293E-02
1.033E-02
3.464E-02
1.870E-02
-6.996E-03
-4.689E-03
3.720E-03
2.732E-03
4.898E-03
1.359E-02
2.279E-02
1.629E-02
-4.321E-03
-2.521E-02
-2.336E-02
1.839E-03
3.032E-02
3.622E-02
1.647E-02
-8.710E-03
-1.518E-02
1.518E-03
1.580E-02
7.803E-03
-7.513E-03
-4.542E-03
1.312E-02
1.408E-02
-7.515E-03
-2.036E-02
-1.263E-02
1.566E-03
9.548E-03
3.617E-03
-1.163E-02
-1.093E-02
1.071E-02
2.574E-02
1.346E-02
-8.795E-03
-1.339E-02
-1.934E-03
9.796E-03
1.380E-02
8.445E-03
-4.705E-04
-1.414E-04
1.002E-02
2.008E-02
1.219E-02
5.267E-04
2.144E-03
-1.082E-02
-2.830E-02
-2.062E-02
5.931E-03
2.276E-02
1.144E-02
-1.662E-02
-2.952E-02
-1.249E-02
1.728E-02
3.261E-02
2.207E-02
3.309E-03
-8.163E-04
5.354E-03
7.300E-03
3.997E-03
5.245E-04
1.069E-05
6.461E-04
1.020E-03
2.458E-03
6.463E-03
9.825E-03
7.390E-03
-1.094E-04
3.760E-04
7.365E-05
-2.925E-04
6.628E-03
1.504E-02
1.423E-02
4.008E-03
-6.831E-03
-1.305E-02
-1.152E-02
-5.714E-03
-4.784E-03
-1.076E-02
-1.071E-02
-8.985E-04
3.757E-03
5.178E-03
1.214E-02
2.210E-02
2.179E-02
8.769E-03
2.450E-03
9.367E-03
1.888E-02
1.573E-02
-3.754E-03
-2.689E-02
-3.038E-02
-5.251E-03
-2.520E-03
-1.131E-02
3.484E-03
1.646E-02
4.783E-03
-2.289E-03
1.411E-02
2.164E-02
7.212E-03
-1.411E-02
-2.346E-02
-1.673E-02
-3.750E-03
-2.413E-03
-1.357E-02
-1.548E-02
-4.612E-03
3.812E-03
8.817E-03
1.570E-02
1.388E-02
2.220E-03
6.608E-03
1.292E-02
1.219E-03
-2.045E-02
-2.908E-02
-1.934E-02
-4.364E-03
6.006E-03
1.073E-03
-1.778E-02
-2.421E-02
-1.198E-02
4.337E-03
1.513E-02
2.074E-02
1.452E-02
6.980E-03
1.150E-02
1.309E-02
2.067E-03
-1.031E-02
-1.299E-02
-8.030E-03
-3.812E-03
-4.258E-03
-1.015E-02
-2.066E-02
-1.433E-02
3.165E-02
5.521E-02
2.476E-02
-2.151E-02
-4.869E-02
-4.256E-02
-1.925E-02
1.264E-03
1.235E-02
1.258E-02
-5.151E-03
-3.529E-02
-3.925E-02
-4.279E-03
4.238E-02
5.997E-02
2.792E-02
-2.964E-02
-7.925E-02
-6.241E-02
2.113E-02
6.223E-02
2.924E-02
-2.040E-02
-4.036E-02
-4.619E-02
-6.399E-02
-4.403E-02
2.906E-02
6.016E-02
1.442E-02
-5.196E-02
-4.855E-02
7.769E-03
3.774E-02
1.593E-02
-2.791E-02
-4.613E-02
-2.377E-02
8.059E-03
6.204E-03
-2.400E-02
-5.416E-02
-6.523E-02
-5.334E-02
-3.268E-02
-3.299E-02
-7.848E-02
-1.067E-01
-7.620E-02
-2.453E-02
-2.597E-03
-1.574E-02
-2.186E-02
-7.484E-03
9.477E-03
1.767E-03
-2.505E-02
-2.261E-02
2.593E-02
8.450E-02
7.596E-02
-5.536E-03
-3.427E-02
2.489E-02
9.307E-02
9.390E-02
4.322E-02
8.612E-03
2.326E-02
6.407E-02
9.881E-02
1.175E-01
8.696E-02
1.271E-02
-3.798E-02
-2.130E-02
2.660E-02
3.607E-02
1.499E-02
5.824E-03
1.355E-02
2.243E-02
2.492E-02
2.575E-02
2.829E-02
3.245E-02
4.058E-02
5.562E-02
7.312E-02
9.008E-02
1.053E-01
1.162E-01
6.664E-02
-4.546E-02
-1.317E-01
-1.176E-01
-3.637E-02
3.921E-02
5.822E-02
2.873E-02
-3.311E-03
3.079E-03
5.036E-02
9.353E-02
1.054E-01
9.717E-02
9.209E-02
9.269E-02
9.507E-02
9.394E-02
8.588E-02
6.813E-02
4.898E-02
4.478E-02
6.573E-02
8.034E-02
6.663E-02
3.636E-02
9.822E-03
-1.242E-02
-3.312E-02
-4.429E-02
-3.954E-02
-3.135E-02
-3.550E-02
-1.111E-01
-1.833E-01
-1.657E-01
-1.003E-01
-8.838E-02
-1.411E-01
-1.534E-01
-9.763E-02
-5.017E-02
-5.395E-02
-6.832E-02
-5.107E-02
-1.448E-02
-1.386E-03
-1.952E-02
-2.521E-02
-4.238E-02
-9.609E-02
-1.551E-01
-1.804E-01
-1.697E-01
-1.559E-01
-1.600E-01
-1.410E-01
-7.378E-02
1.244E-02
8.900E-02
1.351E-01
1.496E-01
1.473E-01
1.428E-01
1.811E-01
2.055E-01
1.677E-01
1.082E-01
6.574E-02
6.197E-02
5.980E-02
6.492E-03
-8.567E-02
-1.434E-01
-1.225E-01
-5.763E-02
1.163E-03
4.684E-02
8.901E-02
1.038E-01
5.717E-02
-9.271E-03
-2.762E-02
-2.368E-03
-6.240E-03
-8.452E-02
-2.002E-01
-2.532E-01
-1.843E-01
-5.919E-02
-1.661E-02
-6.656E-02
-1.144E-01
-8.488E-02
-2.328E-03
2.550E-02
-3.034E-02
-1.082E-01
-1.228E-01
-5.772E-02
1.093E-02
8.030E-04
-6.257E-02
-5.930E-02
2.684E-02
1.141E-01
1.113E-01
4.240E-02
4.938E-02
1.521E-01
2.449E-01
2.371E-01
1.587E-01
8.349E-02
2.889E-02
-2.174E-02
-7.808E-02
-1.276E-01
-1.266E-01
-7.635E-02
-2.061E-02
2.393E-02
6.280E-02
1.001E-01
7.447E-02
-1.970E-02
-6.375E-02
-2.295E-02
8.306E-03
-1.146E-02
-4.376E-02
-5.293E-02
-4.646E-02
-4.245E-02
-4.501E-02
-4.772E-02
-4.232E-02
-8.599E-03
4.836E-02
1.042E-01
1.151E-01
8.169E-02
4.244E-02
1.297E-02
-1.204E-02
-3.941E-02
-6.338E-02
-7.548E-02
-7.838E-02
-8.064E-02
-8.279E-02
-8.317E-02
-8.230E-02
-8.603E-02
-9.901E-02
-1.175E-01
-1.355E-01
-1.500E-01
-1.459E-01
-1.159E-01
-7.492E-02
-3.704E-02
-3.447E-03
2.888E-02
5.270E-02
6.594E-02
7.528E-02
7.516E-02
5.994E-02
3.720E-02
1.602E-02
2.640E-03
1.776E-03
8.894E-03
1.367E-02
1.562E-02
2.472E-02
3.590E-02
2.562E-02
-5.119E-03
-3.499E-02
-1.529E-02
4.439E-02
6.432E-02
3.100E-02
-1.141E-02
-3.416E-02
-2.621E-02
-1.151E-02
-1.891E-02
-4.093E-02
-5.293E-02
-4.265E-02
-3.831E-02
-6.065E-02
-7.685E-02
-3.975E-02
2.460E-02
4.534E-02
2.074E-02
1.946E-02
6.330E-02
9.529E-02
9.932E-02
9.138E-02
6.415E-02
3.492E-02
4.095E-02
6.867E-02
7.742E-02
6.475E-02
5.026E-02
4.916E-02
6.356E-02
8.390E-02
9.339E-02
7.939E-02
4.992E-02
2.143E-02
-7.691E-04
-1.851E-02
-3.626E-02
-5.380E-02
-7.068E-02
-8.613E-02
-9.990E-02
-9.100E-02
-5.509E-02
-4.162E-02
-9.480E-02
-1.190E-01
-6.217E-02
-1.212E-02
-1.761E-02
-4.629E-02
-5.388E-02
-2.054E-02
3.389E-02
5.407E-02
2.650E-02
-1.453E-02
-2.515E-02
1.463E-02
7.677E-02
9.366E-02
7.000E-02
9.656E-02
1.877E-01
2.867E-01
3.423E-01
3.477E-01
3.507E-01
3.755E-01
4.063E-01
4.304E-01
4.463E-01
4.112E-01
2.909E-01
1.733E-01
1.205E-01
9.898E-02
6.674E-02
2.045E-02
-2.334E-02
-5.933E-02
-8.055E-02
-8.457E-02
-8.713E-02
-9.863E-02
-1.132E-01
-1.163E-01
-1.064E-01
-9.523E-02
-9.388E-02
-1.232E-01
-1.640E-01
-1.714E-01
-1.467E-01
-1.190E-01
-9.977E-02
-8.380E-02
-7.041E-02
-5.795E-02
-3.254E-02
5.490E-03
3.121E-02
3.774E-02
3.677E-02
2.735E-02
9.850E-03
2.196E-03
1.270E-02
3.026E-02
4.457E-02
4.804E-02
4.994E-02
5.952E-02
7.149E-02
8.145E-02
8.956E-02
9.662E-02
9.013E-02
6.244E-02
2.565E-02
-4.647E-03
-2.206E-02
-3.195E-02
-4.200E-02
-4.956E-02
-4.577E-02
-3.271E-02
-3.214E-02
-5.268E-02
-8.823E-02
-1.277E-01
-1.647E-01
-1.993E-01
-2.331E-01
-2.661E-01
-2.964E-01
-3.047E-01
-2.880E-01
-2.693E-01
-2.884E-01
-3.262E-01
-3.061E-01
-2.267E-01
-1.433E-01
-1.049E-01
-1.066E-01
-8.749E-02
-2.888E-02
3.787E-02
5.901E-02
3.507E-02
1.325E-02
3.612E-02
9.357E-02
1.499E-01
1.961E-01
2.379E-01
2.737E-01
2.998E-01
3.198E-01
3.389E-01
3.569E-01
3.508E-01
2.853E-01
1.788E-01
9.363E-02
6.336E-02
5.486E-02
2.422E-02
-2.025E-02
-4.030E-02
-3.193E-02
-1.997E-02
-1.481E-02
-1.370E-02
-2.688E-02
-6.073E-02
-9.048E-02
-1.055E-01
-1.385E-01
-2.015E-01
-2.693E-01
-3.135E-01
-3.035E-01
-2.611E-01
-2.453E-01
-2.636E-01
-2.569E-01
-1.900E-01
-1.151E-01
-8.298E-02
-7.486E-02
-4.987E-02
-3.755E-03
3.410E-02
5.174E-02
6.017E-02
6.989E-02
6.862E-02
5.255E-02
2.384E-02
-1.235E-02
-4.909E-02
-8.218E-02
-9.187E-02
-6.943E-02
-6.265E-02
-9.794E-02
-1.152E-01
-7.524E-02
-1.002E-02
4.590E-02
7.514E-02
7.774E-02
7.449E-02
8.830E-02
1.153E-01
1.404E-01
1.433E-01
1.158E-01
8.937E-02
8.327E-02
6.458E-02
2.039E-02
-3.041E-02
-7.365E-02
-1.077E-01
-1.224E-01
-1.159E-01
-1.004E-01
-8.544E-02
-5.641E-02
8.584E-04
7.169E-02
1.068E-01
8.609E-02
4.250E-02
1.495E-02
1.615E-03
-1.831E-02
-4.589E-02
-6.554E-02
-7.312E-02
-7.791E-02
-8.208E-02
-7.434E-02
-5.337E-02
-3.083E-02
-1.595E-02
-2.281E-02
-3.326E-02
-1.978E-02
6.875E-03
1.075E-02
-1.180E-02
-3.655E-02
-4.202E-02
-2.281E-02
-9.054E-04
5.793E-03
5.816E-03
7.430E-03
3.005E-03
-7.849E-03
-1.478E-02
-4.580E-03
-1.187E-03
-1.884E-02
-4.272E-02
-4.927E-02
-3.639E-02
-1.953E-02
-1.854E-03
2.923E-02
5.642E-02
5.222E-02
2.772E-02
2.870E-02
7.095E-02
1.264E-01
1.695E-01
1.688E-01
1.314E-01
9.642E-02
6.923E-02
3.840E-02
4.188E-03
-5.178E-04
3.004E-02
6.793E-02
9.665E-02
9.521E-02
6.211E-02
3.483E-02
2.330E-02
9.419E-03
-1.163E-02
-2.540E-02
-2.279E-02
-1.912E-02
-2.988E-02
-3.185E-02
9.959E-03
8.190E-02
1.444E-01
1.689E-01
1.668E-01
1.639E-01
1.552E-01
1.205E-01
6.559E-02
1.123E-02
-3.594E-02
-7.596E-02
-1.122E-01
-1.468E-01
-1.778E-01
-1.772E-01
-1.419E-01
-9.997E-02
-6.586E-02
-4.455E-02
-3.904E-02
-3.544E-02
-3.927E-03
4.948E-02
8.239E-02
7.349E-02
4.455E-02
2.837E-02
4.068E-02
6.910E-02
9.504E-02
1.163E-01
1.370E-01
1.565E-01
1.420E-01
1.128E-01
1.028E-01
9.415E-02
6.827E-02
3.116E-02
-2.910E-03
-2.841E-02
-4.277E-02
-5.081E-02
-5.773E-02
-6.098E-02
-6.163E-02
-6.976E-02
-8.522E-02
-9.462E-02
-8.653E-02
-6.840E-02
-6.167E-02
-7.025E-02
-6.531E-02
-3.721E-02
-3.810E-03
1.894E-02
2.183E-02
2.784E-02
5.136E-02
8.020E-02
1.042E-01
1.153E-01
9.480E-02
4.864E-02
6.545E-03
-1.650E-02
-2.689E-02
-2.078E-02
5.640E-03
3.729E-02
4.778E-02
2.250E-02
1.067E-02
3.752E-02
7.634E-02
8.764E-02
5.117E-02
-2.963E-03
-2.582E-02
-2.438E-02
-3.538E-02
-6.434E-02
-9.394E-02
-1.065E-01
-7.912E-02
-2.188E-02
3.580E-02
7.437E-02
8.960E-02
9.473E-02
1.002E-01
9.368E-02
5.683E-02
1.706E-03
-2.422E-02
-1.129E-02
9.400E-03
1.482E-02
6.645E-03
6.242E-03
1.762E-02
2.567E-02
1.892E-02
-3.763E-03
-3.445E-02
-6.322E-02
-8.719E-02
-8.583E-02
-5.956E-02
-3.117E-02
-4.013E-02
-8.666E-02
-1.207E-01
-1.063E-01
-6.226E-02
-3.048E-02
-2.741E-02
-3.322E-02
-3.875E-02
-4.987E-02
-6.425E-02
-7.322E-02
-6.434E-02
-4.325E-02
-2.216E-02
-1.262E-02
-4.288E-02
-9.497E-02
-9.477E-02
-3.978E-02
8.152E-03
9.439E-03
-1.351E-02
1.078E-03
6.798E-02
1.027E-01
7.101E-02
2.104E-02
7.954E-03
4.095E-02
7.148E-02
7.063E-02
5.252E-02
3.659E-02
2.602E-02
1.767E-02
1.974E-02
3.339E-02
4.926E-02
6.266E-02
7.439E-02
8.402E-02
5.878E-02
6.671E-04
-2.387E-02
-1.490E-02
-3.731E-02
-7.651E-02
-8.504E-02
-9.031E-02
-1.046E-01
-1.034E-01
-8.380E-02
-6.541E-02
-7.001E-02
-9.202E-02
-1.062E-01
-9.424E-02
-6.522E-02
-3.620E-02
5.864E-03
5.503E-02
7.395E-02
6.198E-02
5.913E-02
8.340E-02
1.183E-01
1.473E-01
1.491E-01
1.005E-01
2.953E-02
1.790E-02
6.959E-02
9.349E-02
5.560E-02
2.926E-03
-1.497E-02
5.798E-03
3.735E-02
6.016E-02
5.009E-02
5.572E-03
-2.983E-02
-3.034E-02
-1.333E-02
-4.613E-03
3.378E-03
2.095E-03
-2.258E-02
-5.903E-02
-6.926E-02
-4.640E-02
-1.769E-02
3.288E-03
3.014E-02
7.017E-02
1.124E-01
1.418E-01
1.208E-01
5.820E-02
3.829E-02
6.313E-02
6.275E-02
2.548E-02
1.015E-03
1.025E-02
2.923E-02
3.970E-02
2.484E-02
-1.364E-02
-5.758E-02
-9.694E-02
-1.331E-01
-1.673E-01
-1.708E-01
-1.237E-01
-5.354E-02
-1.165E-02
-3.117E-02
-6.204E-02
-4.794E-02
-3.321E-03
3.141E-02
1.667E-02
-2.287E-02
-2.269E-02
1.870E-02
6.119E-02
5.758E-02
1.198E-02
-3.335E-03
3.000E-02
6.947E-02
4.429E-02
-3.007E-02
-5.818E-02
-2.834E-02
4.595E-04
-1.697E-02
-6.258E-02
-9.225E-02
-7.664E-02
-3.505E-02
-2.081E-02
-5.445E-02
-7.926E-02
-4.957E-02
5.187E-03
1.773E-02
-1.612E-02
-5.456E-02
-7.754E-02
-8.727E-02
-9.387E-02
-1.013E-01
-9.783E-02
-6.886E-02
-2.364E-02
5.810E-03
-3.254E-03
-2.777E-02
-1.463E-02
3.603E-02
8.683E-02
8.098E-02
1.916E-02
-3.194E-02
-1.539E-02
1.643E-02
6.504E-04
-4.222E-02
-6.366E-02
-2.494E-02
4.786E-02
7.419E-02
3.662E-02
-1.308E-02
-3.551E-02
-2.209E-02
2.201E-03
8.500E-03
-3.227E-02
-1.025E-01
-1.470E-01
-1.074E-01
-1.079E-02
5.084E-02
2.605E-02
-4.263E-02
-9.279E-02
-5.900E-02
4.160E-02
1.398E-01
1.420E-01
5.444E-02
-2.849E-02
-4.337E-02
-1.073E-02
-1.433E-02
-2.167E-02
1.246E-02
3.548E-02
1.761E-02
1.316E-02
5.903E-02
1.265E-01
1.420E-01
8.457E-02
3.667E-02
6.055E-02
1.248E-01
1.733E-01
1.519E-01
7.462E-02
-1.942E-03
-3.760E-02
-2.555E-02
-3.212E-02
-9.073E-02
-1.666E-01
-1.815E-01
-1.323E-01
-7.604E-02
-4.397E-02
-3.687E-02
-3.135E-02
-6.532E-03
3.129E-02
6.624E-02
7.895E-02
7.954E-02
9.070E-02
1.095E-01
9.746E-02
5.636E-02
4.315E-02
6.836E-02
1.001E-01
1.146E-01
9.507E-02
6.493E-02
5.788E-02
6.811E-02
7.045E-02
4.451E-02
6.761E-04
-4.163E-02
-7.655E-02
-9.233E-02
-8.784E-02
-7.805E-02
-7.129E-02
-7.821E-02
-1.167E-01
-1.547E-01
-1.293E-01
-5.301E-02
1.521E-02
8.776E-04
-8.224E-02
-1.342E-01
-1.093E-01
-4.950E-02
-1.561E-02
-2.322E-02
-3.021E-02
-3.960E-03
-2.279E-03
-4.859E-02
-7.523E-02
-5.544E-02
-2.315E-02
-1.194E-02
-3.438E-02
-7.233E-02
-9.403E-02
-7.057E-02
-1.695E-02
1.277E-02
-1.362E-02
-6.746E-02
-6.974E-02
-3.391E-03
3.390E-02
5.405E-03
-1.826E-02
-1.027E-02
-4.813E-03
-2.913E-03
1.167E-02
3.620E-02
5.967E-02
7.728E-02
9.204E-02
1.073E-01
1.216E-01
1.193E-01
9.606E-02
8.030E-02
8.473E-02
9.671E-02
1.034E-01
9.006E-02
5.629E-02
4.678E-02
8.447E-02
1.357E-01
1.226E-01
4.520E-02
-2.232E-02
-2.042E-02
2.931E-02
6.235E-02
2.328E-02
-3.322E-02
-2.227E-02
3.615E-02
6.474E-02
3.821E-02
-3.244E-03
-3.316E-02
-4.002E-02
-3.364E-02
-2.687E-02
-2.325E-02
-1.935E-02
-1.718E-02
-2.435E-02
-2.802E-02
-4.284E-03
3.864E-02
8.178E-02
1.169E-01
1.376E-01
1.362E-01
1.233E-01
1.125E-01
1.166E-01
1.311E-01
1.428E-01
1.039E-01
2.689E-02
-7.183E-03
1.244E-02
3.912E-02
2.090E-02
-2.441E-02
-3.268E-02
-7.826E-04
3.468E-02
4.259E-02
1.938E-02
-1.463E-02
-4.249E-02
-6.327E-02
-8.770E-02
-1.271E-01
-1.758E-01
-2.218E-01
-2.534E-01
-2.506E-01
-2.209E-01
-1.913E-01
-1.704E-01
-1.465E-01
-1.053E-01
-6.743E-02
-6.210E-02
-8.108E-02
-9.977E-02
-1.093E-01
-1.143E-01
-1.208E-01
-1.283E-01
-1.331E-01
-9.753E-02
-5.594E-03
6.909E-02
7.193E-02
3.822E-02
3.394E-02
8.136E-02
1.260E-01
1.229E-01
9.145E-02
8.005E-02
1.020E-01
1.343E-01
1.498E-01
1.270E-01
7.819E-02
4.684E-02
4.748E-02
5.888E-02
2.693E-02
-2.232E-02
-3.010E-02
-2.457E-02
-4.969E-02
-7.027E-02
-5.695E-02
-2.967E-02
-8.462E-03
2.141E-04
-5.234E-04
-7.099E-03
-2.151E-02
-4.233E-02
-6.349E-02
-8.267E-02
-1.006E-01
-1.179E-01
-1.340E-01
-1.370E-01
-1.198E-01
-9.380E-02
-6.975E-02
-4.897E-02
-2.754E-02
-4.402E-03
2.640E-02
6.986E-02
1.190E-01
1.555E-01
1.714E-01
1.827E-01
1.983E-01
2.038E-01
1.944E-01
1.814E-01
1.714E-01
1.635E-01
1.558E-01
1.493E-01
1.443E-01
1.394E-01
1.285E-01
1.102E-01
9.021E-02
7.280E-02
6.953E-02
8.036E-02
8.912E-02
7.170E-02
3.268E-02
3.884E-03
-4.913E-03
-1.737E-02
-6.177E-02
-1.273E-01
-1.702E-01
-1.727E-01
-1.627E-01
-1.665E-01
-1.765E-01
-1.687E-01
-1.450E-01
-1.378E-01
-1.556E-01
-1.778E-01
-1.943E-01
-2.077E-01
-2.198E-01
-2.001E-01
-1.442E-01
-8.025E-02
-1.336E-02
3.827E-02
5.863E-02
7.808E-02
1.152E-01
1.590E-01
1.958E-01
2.042E-01
1.629E-01
1.115E-01
9.333E-02
9.715E-02
8.512E-02
5.077E-02
2.050E-02
1.484E-02
1.569E-02
2.857E-03
-1.711E-02
-2.375E-02
-1.457E-02
-1.202E-02
-2.721E-02
-5.038E-02
-7.043E-02
-8.696E-02
-1.026E-01
-1.185E-01
-1.368E-01
-1.556E-01
-1.629E-01
-1.498E-01
-1.258E-01
-1.090E-01
-1.049E-01
-9.282E-02
-6.400E-02
-3.277E-02
-2.278E-02
-2.362E-02
-7.787E-03
2.290E-02
5.376E-02
7.803E-02
8.775E-02
8.145E-02
7.630E-02
7.945E-02
7.816E-02
6.139E-02
3.602E-02
1.214E-02
-7.101E-03
-8.473E-03
1.363E-02
4.436E-02
6.952E-02
6.574E-02
3.794E-02
3.557E-02
7.430E-02
1.248E-01
1.649E-01
1.681E-01
1.308E-01
8.154E-02
6.190E-02
8.715E-02
1.006E-01
7.923E-02
7.367E-02
8.294E-02
8.084E-02
7.878E-02
8.822E-02
1.006E-01
8.106E-02
2.950E-02
-4.222E-04
1.402E-02
4.504E-02
5.653E-02
4.007E-02
2.771E-02
3.603E-02
5.123E-02
6.063E-02
4.967E-02
1.677E-02
-2.320E-02
-5.864E-02
-7.233E-02
-7.850E-02
-1.092E-01
-1.595E-01
-1.904E-01
-1.612E-01
-9.239E-02
-4.903E-02
-5.146E-02
-6.548E-02
-5.342E-02
-2.573E-02
-2.568E-02
-4.794E-02
-6.234E-02
-6.536E-02
-6.258E-02
-4.682E-02
-1.942E-02
3.128E-03
8.056E-03
1.731E-03
-4.312E-03
-1.070E-02
-2.151E-02
-3.506E-02
-4.753E-02
-4.907E-02
-2.496E-02
1.567E-02
4.535E-02
5.936E-02
6.972E-02
7.505E-02
5.208E-02
9.979E-03
-1.085E-02
-1.546E-02
-2.763E-02
-4.800E-02
-6.642E-02
-6.604E-02
-4.937E-02
-3.136E-02
-1.603E-02
3.002E-03
2.729E-02
5.190E-02
7.312E-02
7.529E-02
5.417E-02
3.819E-02
3.934E-02
3.180E-02
1.131E-03
-2.678E-02
-2.250E-02
4.928E-03
3.155E-02
5.084E-02
6.070E-02
6.297E-02
5.573E-02
3.788E-02
1.636E-02
-6.588E-04
-1.545E-02
-3.829E-02
-6.813E-02
-9.276E-02
-9.576E-02
-8.172E-02
-6.809E-02
-6.010E-02
-5.245E-02
-3.917E-02
-2.433E-02
-2.280E-02
-3.499E-02
-4.879E-02
-5.929E-02
-6.805E-02
-7.701E-02
-8.542E-02
-9.006E-02
-8.814E-02
-8.721E-02
-9.911E-02
-1.205E-01
-1.288E-01
-1.189E-01
-1.043E-01
-9.394E-02
-9.236E-02
-9.805E-02
-1.051E-01
-1.115E-01
-1.159E-01
-1.010E-01
-6.019E-02
-2.158E-02
-1.975E-03
8.351E-03
2.090E-02
3.492E-02
4.244E-02
4.028E-02
2.399E-02
-3.594E-03
-3.151E-02
-5.560E-02
-5.725E-02
-3.566E-02
-8.532E-03
1.830E-02
5.909E-02
1.142E-01
1.660E-01
1.885E-01
1.939E-01
2.065E-01
2.243E-01
2.200E-01
1.644E-01
8.361E-02
3.165E-02
1.290E-02
-1.206E-03
-2.273E-02
-4.516E-02
-5.136E-02
-3.190E-02
3.481E-04
3.058E-02
5.644E-02
7.995E-02
7.951E-02
5.028E-02
1.393E-02
-1.697E-02
-4.373E-02
-7.046E-02
-8.847E-02
-7.983E-02
-5.012E-02
-1.945E-02
4.208E-03
1.719E-02
2.342E-02
3.577E-02
5.772E-02
7.806E-02
7.301E-02
4.494E-02
2.678E-02
2.739E-02
2.492E-02
9.332E-03
-8.481E-03
-4.725E-03
2.492E-02
6.065E-02
9.140E-02
1.184E-01
1.446E-01
1.528E-01
1.425E-01
1.379E-01
1.443E-01
1.384E-01
1.142E-01
8.613E-02
6.736E-02
6.277E-02
6.457E-02
4.909E-02
1.034E-02
-3.415E-02
-6.243E-02
-6.553E-02
-6.312E-02
-7.542E-02
-9.833E-02
-1.187E-01
-1.335E-01
-1.474E-01
-1.624E-01
-1.766E-01
-1.808E-01
-1.622E-01
-1.284E-01
-9.566E-02
-7.613E-02
-6.779E-02
-5.625E-02
-3.194E-02
-4.530E-05
2.954E-02
4.558E-02
4.348E-02
3.302E-02
2.106E-02
1.674E-03
-1.833E-02
-1.537E-02
7.890E-03
2.008E-02
1.140E-02
2.450E-03
8.125E-03
2.266E-02
3.502E-02
4.130E-02
4.062E-02
3.663E-02
3.582E-02
4.125E-02
4.898E-02
5.142E-02
3.938E-02
1.715E-02
-5.058E-03
-2.410E-02
-4.209E-02
-5.999E-02
-7.364E-02
-7.886E-02
-6.663E-02
-3.210E-02
1.224E-02
5.130E-02
6.800E-02
6.591E-02
5.994E-02
4.633E-02
2.280E-02
-3.365E-03
-2.723E-02
-4.765E-02
-4.995E-02
-2.892E-02
-3.218E-04
2.517E-02
4.701E-02
6.713E-02
6.002E-02
2.291E-02
-1.922E-02
-5.026E-02
-6.492E-02
-7.099E-02
-7.683E-02
-7.788E-02
-6.413E-02
-3.956E-02
-1.524E-02
3.303E-03
1.121E-02
1.130E-02
1.054E-02
1.115E-02
1.127E-02
-7.208E-04
-2.657E-02
-5.454E-02
-7.036E-02
-6.274E-02
-4.094E-02
-1.849E-02
3.994E-03
2.932E-02
5.542E-02
7.889E-02
8.033E-02
5.985E-02
4.437E-02
4.783E-02
5.726E-02
5.740E-02
5.305E-02
5.773E-02
7.156E-02
8.552E-02
9.188E-02
9.034E-02
8.959E-02
9.433E-02
1.015E-01
1.071E-01
1.114E-01
1.146E-01
1.147E-01
1.102E-01
9.833E-02
8.092E-02
6.340E-02
4.612E-02
2.627E-02
4.817E-03
-7.056E-03
-5.546E-03
6.036E-04
5.053E-03
7.404E-03
8.528E-03
8.695E-03
8.668E-03
8.389E-03
5.458E-03
-8.839E-03
-3.304E-02
-5.792E-02
-7.960E-02
-9.782E-02
-1.114E-01
-1.214E-01
-1.304E-01
-1.392E-01
-1.425E-01
-1.384E-01
-1.315E-01
-1.233E-01
-1.114E-01
-9.663E-02
-8.183E-02
-6.790E-02
-4.930E-02
-2.457E-02
1.344E-03
2.509E-02
4.314E-02
4.376E-02
2.897E-02
1.240E-02
-8.301E-04
-1.243E-02
-2.477E-02
-3.689E-02
-4.356E-02
-3.771E-02
-2.353E-02
-9.914E-03
9.282E-06
8.481E-03
1.763E-02
2.720E-02
3.200E-02
3.101E-02
2.850E-02
2.687E-02
2.564E-02
2.074E-02
7.512E-03
-1.122E-02
-2.953E-02
-4.512E-02
-4.815E-02
-3.557E-02
-1.797E-02
-8.110E-03
-1.149E-02
-1.541E-02
-1.018E-02
-2.809E-04
8.165E-03
1.449E-02
1.918E-02
2.055E-02
1.900E-02
1.671E-02
1.108E-02
-7.914E-05
-1.378E-02
-2.675E-02
-3.842E-02
-4.965E-02
-6.071E-02
-7.119E-02
-7.789E-02
-7.643E-02
-7.076E-02
-6.881E-02
-7.108E-02
-7.369E-02
-7.502E-02
-7.544E-02
-6.812E-02
-4.883E-02
-2.433E-02
-1.320E-03
1.929E-02
3.911E-02
5.570E-02
6.358E-02
5.951E-02
4.538E-02
2.758E-02
1.146E-02
4.563E-03
1.406E-02
3.331E-02
5.126E-02
5.910E-02
5.909E-02
6.001E-02
6.693E-02
7.746E-02
8.683E-02
8.736E-02
7.614E-02
6.034E-02
4.574E-02
3.046E-02
1.186E-02
-7.724E-03
-2.384E-02
-3.350E-02
-3.949E-02
-4.379E-02
-4.568E-02
-4.528E-02
-4.401E-02
-3.549E-02
-1.891E-02
-1.217E-03
9.362E-03
1.245E-02
1.513E-02
2.173E-02
3.074E-02
3.894E-02
4.521E-02
4.642E-02
4.925E-02
5.807E-02
6.455E-02
6.106E-02
5.099E-02
4.319E-02
4.272E-02
4.655E-02
4.224E-02
2.823E-02
1.272E-02
-1.134E-04
-1.087E-02
-1.630E-02
-1.621E-02
-1.486E-02
-1.454E-02
-1.712E-02
-2.356E-02
-3.191E-02
-3.993E-02
-4.714E-02
-5.380E-02
-5.604E-02
-5.144E-02
-4.363E-02
-3.638E-02
-3.022E-02
-2.420E-02
-1.800E-02
-1.223E-02
-1.095E-02
-1.722E-02
-2.739E-02
-3.671E-02
-3.953E-02
-3.587E-02
-3.079E-02
-2.674E-02
-2.305E-02
-1.884E-02
-1.445E-02
-1.035E-02
-6.565E-03
-3.883E-03
-8.947E-03
-2.129E-02
-2.492E-02
-1.476E-02
-1.131E-03
8.425E-03
1.318E-02
1.731E-02
2.244E-02
2.753E-02
3.167E-02
3.206E-02
2.795E-02
2.213E-02
1.598E-02
7.520E-03
-3.309E-03
-1.339E-02
-1.531E-02
-9.002E-03
9.001E-04
1.166E-02
2.173E-02
3.065E-02
3.552E-02
3.677E-02
3.717E-02
3.817E-02
3.926E-02
4.006E-02
4.134E-02
4.380E-02
4.670E-02
4.933E-02
5.157E-02
5.333E-02
5.044E-02
3.961E-02
2.457E-02
1.032E-02
-2.142E-03
-1.391E-02
-2.536E-02
-3.376E-02
-3.862E-02
-4.239E-02
-4.638E-02
-5.021E-02
-5.093E-02
-4.664E-02
-3.978E-02
-3.342E-02
-2.875E-02
-3.102E-02
-3.988E-02
-4.948E-02
-5.719E-02
-6.208E-02
-5.903E-02
-4.867E-02
-3.756E-02
-2.824E-02
-2.012E-02
-1.259E-02
-6.545E-03
-1.659E-03
2.693E-03
7.014E-03
1.107E-02
1.485E-02
1.827E-02
2.145E-02
2.347E-02
2.445E-02
2.504E-02
2.570E-02
2.626E-02
2.680E-02
2.740E-02
2.818E-02
2.883E-02
2.936E-02
2.932E-02
2.814E-02
2.603E-02
2.399E-02
2.214E-02
2.044E-02
1.811E-02
1.526E-02
1.229E-02
9.689E-03
7.157E-03
3.543E-03
-3.339E-03
-1.217E-02
-2.062E-02
-2.767E-02
-3.411E-02
-3.999E-02
-4.468E-02
-3.779E-02
-2.640E-02
-2.165E-02
-2.103E-02
-2.000E-02
-1.738E-02
-1.493E-02
-1.360E-02
-1.335E-02
-1.328E-02
-1.308E-02
-1.240E-02
-9.022E-03
-3.071E-03
2.887E-03
7.919E-03
1.222E-02
1.630E-02
2.007E-02
2.342E-02
2.629E-02
2.872E-02
2.973E-02
2.866E-02
2.645E-02
2.434E-02
2.259E-02
2.097E-02
1.964E-02
1.873E-02
1.792E-02
1.704E-02
1.604E-02
1.446E-02
1.180E-02
8.721E-03
5.949E-03
3.717E-03
2.147E-03
1.106E-03
2.307E-04
-5.637E-04
-1.135E-03
-1.223E-03
-1.000E-03
-6.654E-04
-3.086E-04
3.288E-05
3.372E-04
7.720E-04
1.410E-03
2.069E-03
2.573E-03
2.926E-03
3.172E-03
3.317E-03
3.275E-03
2.210E-03
2.624E-04
-1.568E-03
-2.928E-03
-3.953E-03
-4.830E-03
-5.535E-03
-6.020E-03
-5.917E-03
-4.917E-03
-3.492E-03
-2.283E-03
-1.397E-03
-7.083E-04
-1.301E-04
3.027E-04
5.690E-04
6.404E-04
5.666E-04
2.176E-04
-3.994E-04
-1.032E-03
-1.286E-03
-1.196E-03
-1.232E-03
-1.510E-03
-1.819E-03
-2.048E-03
-2.227E-03
-2.389E-03
-2.516E-03
-2.615E-03
-2.704E-03
-2.796E-03
-2.884E-03
-2.964E-03
-3.031E-03
-3.086E-03
-3.128E-03
-3.157E-03
-3.170E-03
-3.170E-03
-3.150E-03
-3.114E-03
-3.065E-03
-3.018E-03
-2.966E-03
-2.894E-03
-2.798E-03
-2.683E-03
-2.553E-03
-2.412E-03
-2.260E-03
-2.100E-03
-1.933E-03
-1.763E-03
-1.591E-03
-1.417E-03
-1.243E-03
-1.068E-03
-8.939E-04
-7.203E-04
-5.478E-04
-3.772E-04
-2.090E-04
-4.347E-05
1.191E-04
2.786E-04
4.349E-04
