-0.001087880
-0.001072250
-0.001068440
-0.001055640
-0.001051630
-0.001033930
-0.001021120
-0.000998138
-0.000995392
-0.000995755
-0.001014910
-0.001032180
-0.001067790
-0.001091380
-0.001116620
-0.001133190
-0.001164340
-0.001192080
-0.001229660
-0.001226830
-0.001174630
-0.001074970
-0.000974878
-0.000984793
-0.001162480
-0.001402230
-0.001662160
-0.001920520
-0.002049020
-0.001971910
-0.001824390
-0.001671040
-0.001525700
-0.001354250
-0.001208690
-0.001086780
-0.000971032
-0.000862476
-0.000972888
-0.001322670
-0.001749200
-0.002159350
-0.002520290
-0.002681270
-0.002639310
-0.002556560
-0.002492270
-0.002422500
-0.002301750
-0.002115100
-0.001638110
-0.001594480
-0.002377800
-0.002914570
-0.002385120
-0.001792760
-0.001890040
-0.002293470
-0.002183310
-0.001477080
-0.000828381
-0.001575450
-0.002503120
-0.000675830
0.003474140
0.004653730
0.000762624
-0.005612880
-0.009416280
-0.007864610
-0.003598540
-0.000750341
-0.001816040
-0.004013890
-0.004395510
-0.003958010
-0.004131680
-0.005379940
-0.004938880
0.000735614
0.009601410
-0.000804322
-0.015793800
-0.011685800
0.003404740
0.010403100
-0.001126100
-0.018744400
-0.016981600
0.005168910
0.014624700
0.002800600
-0.009957940
-0.004418750
0.013149200
0.012837700
-0.009963790
-0.020219700
-0.003996640
0.012561700
0.004251810
-0.020243000
-0.039391500
-0.024961200
0.016461000
0.031174800
0.004737880
-0.016672500
-0.008436710
0.012008400
0.016975600
0.004739940
-0.009235880
-0.011455200
0.001306890
0.009403170
-0.001018340
-0.009306890
-0.004488280
-0.000706849
-0.005326530
-0.010060400
-0.009839400
-0.002505800
0.012176000
0.015821800
-0.006794540
-0.023133900
-0.009774730
0.017190900
0.022809400
0.002009500
-0.022871200
-0.024513400
-0.004436710
0.011385300
0.008047760
-0.006275350
-0.010355900
0.000878770
0.007249010
-0.001015710
-0.005697510
0.002760800
0.012738600
0.015462400
0.007962430
-0.006621260
-0.020679400
-0.015415100
0.000748431
-0.003561770
-0.016070600
-0.015182900
-0.004291610
0.005763860
0.011993500
0.014087300
0.007056060
0.001796010
0.007472880
0.014323400
0.008911720
-0.005124890
-0.004714940
0.012451200
0.020805900
0.011760200
-0.001707670
-0.013837400
-0.006601020
0.013209600
0.009360230
-0.003025490
0.011587300
0.036746300
0.036885400
0.014069600
-0.008946110
-0.008176430
0.013668000
0.017270400
-0.004307930
-0.012672300
-0.002844150
0.004597870
0.004405670
0.002252660
0.002657460
0.003354310
0.002781380
0.004922070
0.009406300
0.007970830
0.006529770
0.012404200
0.015760100
0.005215560
-0.001695190
0.000309088
-0.002910710
0.000172254
0.006811220
0.011542700
0.017722200
0.018173400
0.010675400
0.000555539
-0.001873840
0.005176960
0.014964800
0.020507000
0.014607300
0.000374967
-0.002818400
0.006204350
0.007216620
0.000229370
-0.001663780
-0.001933490
-0.006296800
-0.003112420
0.007415480
0.010930100
0.004601090
-0.003996180
-0.006125520
-0.003236600
-0.000198495
0.000959372
0.001770080
0.002834700
0.003289220
0.001014220
-0.001342820
0.004082130
0.016902200
0.015430000
0.002016790
-0.007453000
-0.008745880
-0.005648970
-0.002781460
-0.000292032
0.003930480
0.007549180
0.008606110
0.008578980
0.008947240
0.009636770
0.006988660
-0.000056776
-0.007073770
-0.009013250
-0.006028870
-0.000668217
0.006657340
0.013613300
0.012727100
0.003860410
0.012677500
0.012556600
0.000571879
-0.000849654
-0.009214900
-0.021044100
-0.013521700
0.011693800
0.029601800
0.009501750
-0.013382300
-0.005836730
0.012001700
0.022645300
0.017747100
-0.001447910
-0.014413200
-0.002375820
0.006993130
-0.006184620
-0.019208700
-0.006638960
0.021570600
0.047097900
0.040566000
0.015311100
0.010211800
0.020313900
0.002740650
-0.019368400
-0.014129600
-0.000098771
-0.005942540
-0.030892100
-0.045989600
-0.030519900
0.002854530
0.007281440
-0.024124600
-0.061400500
-0.089756500
-0.100016000
-0.085609800
-0.066509200
-0.067898700
-0.065481900
-0.070546700
-0.102703000
-0.117048000
-0.075296300
-0.016484700
0.014991600
0.021704100
0.009970640
-0.010239000
-0.004247900
0.022947600
0.025468600
0.017984500
0.001948240
-0.017597400
-0.022177200
-0.033940000
-0.029740800
0.011753200
0.068192500
0.098884300
0.098250800
0.077129200
0.053773000
0.042835200
0.012881100
-0.038637900
-0.045009600
0.005820050
0.027743500
0.006069950
-0.017986000
-0.036174200
-0.012667700
0.057497600
0.125651000
0.171013000
0.177598000
0.115947000
0.010163000
-0.012813200
0.066975800
0.110138000
0.061316000
-0.017355700
-0.077614700
-0.120421000
-0.107996000
-0.024001500
0.037865700
0.029064200
-0.014178900
-0.051310700
-0.055112600
-0.019881500
0.018518000
0.034538300
0.023305200
-0.001973600
-0.011843700
0.016504400
0.070276200
0.123667000
0.159875000
0.149504000
0.099710900
0.047807100
0.044552800
0.098392500
0.152087000
0.176560000
0.148982000
0.088128700
0.038824500
0.017476600
0.012242100
-0.013652800
-0.066148000
-0.106920000
-0.114942000
-0.097348000
-0.093384900
-0.113833000
-0.108912000
-0.047505200
-0.009322770
-0.036529400
-0.076723400
-0.089862000
-0.091876400
-0.109082000
-0.124894000
-0.134399000
-0.151823000
-0.169420000
-0.146370000
-0.082184600
-0.011548600
0.048419500
0.076728200
0.052756100
-0.004430790
-0.060174900
-0.074474300
-0.021895700
0.026530000
0.038105400
0.062914500
0.118644000
0.175012000
0.207728000
0.227201000
0.243835000
0.230650000
0.180694000
0.111333000
0.038904600
0.012757300
0.038785100
0.050750900
0.023456700
0.003567010
0.020640800
0.053996600
0.050684700
0.002548060
-0.023753700
-0.004432500
0.024738200
0.013283600
-0.044761300
-0.094906400
-0.057069400
0.048201700
0.088371900
0.052234600
0.021817400
0.009630240
-0.014765100
-0.033762600
-0.013649100
0.005236950
-0.011704400
-0.042236100
-0.061801500
-0.040117900
0.013811200
0.062472900
0.067547900
0.038841400
0.020663900
0.032091300
0.046309900
0.029929200
-0.026137200
-0.088029200
-0.113949000
-0.102930000
-0.082963000
-0.077190200
-0.087091700
-0.094552500
-0.087836900
-0.074955800
-0.074842000
-0.087296300
-0.100497000
-0.097545200
-0.073056300
-0.048647800
-0.041656300
-0.027068100
0.014832300
0.071143600
0.106358000
0.094958200
0.030176800
-0.014292200
-0.001997070
0.027392100
0.046302000
0.056185500
0.055176300
0.033152000
0.000093090
0.003279080
0.058558100
0.109066000
0.115239000
0.076678300
0.016210300
-0.016714900
0.004980390
0.052769300
0.063233100
0.032953500
0.002813050
-0.000553045
0.022231800
0.040623100
0.024099800
-0.020785000
-0.064564600
-0.081780600
-0.079620700
-0.125145000
-0.191340000
-0.210823000
-0.193883000
-0.183133000
-0.189493000
-0.197708000
-0.198400000
-0.195274000
-0.193158000
-0.190133000
-0.180462000
-0.165600000
-0.156092000
-0.158400000
-0.160198000
-0.145101000
-0.121758000
-0.099623300
-0.078333600
-0.068974100
-0.048539800
-0.000741313
0.049994400
0.083401100
0.096270000
0.090106100
0.074260000
0.057969300
0.043786400
0.037209400
0.045189800
0.040608900
0.016661800
0.012922900
0.038023300
0.052156100
0.035369000
0.006691230
-0.008958950
-0.010536300
-0.011844300
-0.024139400
-0.048410400
-0.074522300
-0.076420100
-0.044224000
-0.022183900
-0.033220600
-0.057848300
-0.079994900
-0.099588200
-0.119487000
-0.107994000
-0.083081600
-0.086571000
-0.098059200
-0.099361500
-0.100814000
-0.104017000
-0.095961200
-0.077234000
-0.063920100
-0.066299200
-0.069625200
-0.054474300
-0.023836000
0.006692980
0.023686500
0.022578800
0.024898800
0.040586500
0.051861200
0.047963500
0.039476400
0.034498100
0.036324400
0.051784200
0.078111900
0.097717900
0.103241000
0.101930000
0.102772000
0.110916000
0.123721000
0.119497000
0.085331500
0.041565800
0.014394600
0.003470980
0.011863500
0.033292400
0.028452300
-0.003959010
-0.007094140
0.029655300
0.066726900
0.072356400
0.053356600
0.031856200
0.056562600
0.128077000
0.195740000
0.218986000
0.212385000
0.214158000
0.224008000
0.211804000
0.164621000
0.098487700
0.057000000
0.041459700
0.018591000
-0.009353610
-0.009583550
0.019243600
0.035053300
0.015344900
-0.000651448
0.013418700
0.038395200
0.056734200
0.048144500
0.023098500
0.013369800
0.015108700
0.006757220
-0.012267500
-0.031639700
-0.039618300
-0.038706200
-0.045844900
-0.066733900
-0.083752300
-0.092232200
-0.105658000
-0.108414000
-0.092621500
-0.092994400
-0.096180500
-0.067347300
-0.016134000
0.031681600
0.068720200
0.091237700
0.107503000
0.127996000
0.132728000
0.113888000
0.091363600
0.080161000
0.068202900
0.046462900
0.022567600
0.004965590
-0.000839142
0.000170228
-0.010130800
-0.033581200
-0.059211800
-0.081487700
-0.100670000
-0.092528200
-0.050360000
0.002159880
0.049792300
0.092850800
0.128767000
0.152002000
0.166338000
0.169768000
0.150042000
0.122186000
0.107794000
0.103858000
0.103544000
0.104560000
0.108529000
0.115473000
0.122476000
0.127918000
0.120446000
0.097991400
0.075609300
0.058979200
0.044696700
0.036409700
0.032169500
0.015417800
-0.010571100
-0.023435400
-0.020810800
-0.022293900
-0.046085800
-0.086114500
-0.120744000
-0.139972000
-0.147084000
-0.150586000
-0.148227000
-0.139610000
-0.128627000
-0.114480000
-0.092508000
-0.064984000
-0.038126100
-0.029273400
-0.043250800
-0.063652800
-0.054495500
-0.009343240
0.044185300
0.085075300
0.101690000
0.103308000
0.103992000
0.107181000
0.109764000
0.111879000
0.114154000
0.116362000
0.103052000
0.050194400
-0.032110300
-0.114529000
-0.174629000
-0.193330000
-0.195245000
-0.209574000
-0.234362000
-0.257036000
-0.271246000
-0.250999000
-0.196970000
-0.137586000
-0.095501200
-0.072872100
-0.056018500
-0.038124800
-0.036763600
-0.045347900
-0.021650400
0.035338000
0.071085000
0.061971700
0.036975800
0.041733900
0.065886600
0.082341000
0.102564000
0.133152000
0.156305000
0.162027000
0.148684000
0.117895000
0.082292200
0.048257700
0.020570600
-0.001049180
-0.010584500
-0.014097300
-0.021958800
-0.033253400
-0.028740300
0.001715180
0.043852400
0.080479500
0.088293300
0.070173200
0.049784800
0.045029700
0.053177100
0.044545300
0.006364790
-0.044734300
-0.084559800
-0.095639900
-0.086867500
-0.089390500
-0.108992000
-0.129503000
-0.126712000
-0.102974000
-0.078656600
-0.064600300
-0.056986700
-0.055951700
-0.061965200
-0.070033900
-0.077119900
-0.082110800
-0.085259500
-0.073908200
-0.046097300
-0.014774300
0.013514500
0.039326100
0.058334000
0.068691700
0.080830100
0.098811700
0.115605000
0.124564000
0.127748000
0.121163000
0.103526000
0.096033500
0.106788000
0.122970000
0.143775000
0.170809000
0.196715000
0.214940000
0.227493000
0.209117000
0.152525000
0.084101000
0.021242600
-0.036887700
-0.096066500
-0.156352000
-0.209424000
-0.235197000
-0.242207000
-0.249500000
-0.229370000
-0.171950000
-0.103836000
-0.044985100
-0.035654900
-0.066587700
-0.081914700
-0.083930600
-0.098899000
-0.124173000
-0.142497000
-0.149553000
-0.138065000
-0.111203000
-0.077196300
-0.039321100
-0.000725549
0.036725000
0.065269400
0.084945800
0.102691000
0.118211000
0.117467000
0.100251000
0.081522000
0.070795700
0.065637800
0.061405200
0.059279300
0.059158300
0.054114700
0.046395800
0.053278200
0.073869800
0.076372700
0.051818400
0.026676400
0.008989600
-0.012854200
-0.043001900
-0.074755200
-0.103121000
-0.112680000
-0.108190000
-0.105768000
-0.106860000
-0.097783000
-0.059379500
0.000126117
0.059087900
0.094018600
0.103676000
0.102492000
0.090378600
0.069102000
0.046165400
0.038415000
0.047069900
0.056126800
0.047672900
0.024216100
0.003632350
-0.006716340
-0.011942100
-0.015548800
-0.014647100
-0.010070500
-0.004091570
0.001500590
0.004286920
-0.003054530
-0.018742900
-0.035045600
-0.038721100
-0.026029400
-0.013029600
-0.044035600
-0.104764000
-0.141583000
-0.149663000
-0.151763000
-0.144807000
-0.119062000
-0.093877000
-0.071262400
-0.039554900
-0.013757400
-0.003533660
0.011073100
0.038521700
0.066927700
0.081014400
0.059546600
0.020421400
0.016093800
0.047430100
0.078786000
0.091488100
0.095707100
0.097840300
0.102352000
0.121842000
0.151808000
0.143518000
0.090165100
0.028065800
-0.023201000
-0.052254200
-0.052406600
-0.048367100
-0.061103100
-0.074201100
-0.066572300
-0.044828800
-0.031860100
-0.041879600
-0.064832300
-0.085398800
-0.084196800
-0.067991400
-0.058058800
-0.056275900
-0.049957500
-0.032908300
-0.012165200
0.004511740
0.008347230
-0.002244400
-0.018377000
-0.022933300
-0.002999460
0.029823400
0.038731800
0.023445700
0.017287300
0.028032000
0.040660800
0.041999500
0.033540100
0.022471500
0.012627500
0.002883260
-0.010084000
-0.025020900
-0.028737700
-0.020434400
-0.013590200
-0.014455500
-0.017956800
-0.019405600
-0.009160230
0.013979300
0.039441500
0.040381000
0.009529470
-0.004004480
0.019663900
0.052755900
0.070438000
0.065243900
0.032183100
-0.018041100
-0.050968000
-0.079251200
-0.105049000
-0.114260000
-0.115373000
-0.120869000
-0.102070000
-0.049824100
0.010824800
0.064369000
0.103273000
0.105625000
0.075449200
0.029169200
-0.002459030
-0.001806100
0.001006320
-0.024296600
-0.051938700
-0.045747800
-0.025557800
-0.018913100
-0.018318100
-0.018351500
-0.030772200
-0.051042900
-0.069099600
-0.066019700
-0.042832300
-0.021426800
-0.012029500
-0.024535200
-0.056877100
-0.070753300
-0.068471800
-0.053579400
-0.012634800
0.042932900
0.066288700
0.048607900
0.036254200
0.055712000
0.092483100
0.123840000
0.135177000
0.106491000
0.066244100
0.057892500
0.069749000
0.074716900
0.069828300
0.057186100
0.049258300
0.057903400
0.076510000
0.093636600
0.106002000
0.091882300
0.053471300
0.018833800
-0.024506600
-0.079996900
-0.107659000
-0.113151000
-0.107930000
-0.081049800
-0.057818800
-0.062040400
-0.087426400
-0.115893000
-0.111527000
-0.071753900
-0.028639500
-0.013158200
-0.012897100
0.001852300
0.030631300
0.060508900
0.085260300
0.105590000
0.117724000
0.123407000
0.125160000
0.123778000
0.120875000
0.118616000
0.119061000
0.122576000
0.104814000
0.053763400
-0.009349560
-0.037698100
-0.025794000
-0.021550700
-0.031875000
-0.029586100
-0.010737100
0.006384070
0.001315560
-0.021298000
-0.043388200
-0.045093400
-0.026729300
-0.006990580
0.002394790
-0.001844180
-0.012978400
-0.010415000
0.016212800
0.024734000
0.012620800
0.007037800
0.000571208
-0.020912800
-0.052487900
-0.071762700
-0.067957600
-0.053307500
-0.042278700
-0.036762800
-0.023538500
0.002959750
0.033961400
0.060564800
0.051208700
-0.006140930
-0.055897000
-0.054359300
-0.027442400
-0.015923300
-0.031141400
-0.053409900
-0.040334700
0.005464940
0.028433200
-0.000296025
-0.028049300
-0.034373600
-0.048958300
-0.083169700
-0.124433000
-0.154193000
-0.139306000
-0.088373300
-0.046107600
-0.023510900
-0.016151600
-0.027637000
-0.035183400
-0.019585900
-0.009012980
-0.027922400
-0.057870300
-0.061904600
-0.034029600
0.006143830
0.043294500
0.077219700
0.104074000
0.083666200
0.016020200
-0.027881900
-0.015386000
0.019630900
0.028694400
0.011027100
-0.014137900
-0.036216900
-0.024276400
0.007026470
0.015941800
0.018919300
0.013235200
-0.015561500
-0.057721600
-0.081612600
-0.071680700
-0.046380400
-0.046019500
-0.076431700
-0.105690000
-0.080740600
-0.021302300
-0.007178470
-0.031625800
-0.035534400
-0.011563300
0.011446800
0.022712400
0.031121500
0.044051600
0.059402700
0.073510100
0.086164900
0.098680600
0.106482000
0.107515000
0.105976000
0.102133000
0.085425200
0.053217800
0.016190200
-0.018294100
-0.035537500
-0.027111700
-0.015824400
-0.017022200
-0.015788800
-0.009389080
-0.009276870
-0.012103200
-0.014297800
-0.028168900
-0.053945400
-0.078559600
-0.091258300
-0.101037000
-0.095784700
-0.069343800
-0.033587300
0.002720350
0.037484500
0.069985000
0.065804000
-0.009064850
-0.076392300
-0.076597200
-0.040479600
-0.008046670
-0.018431300
-0.054320700
-0.052279000
-0.006719290
0.018650500
0.001771580
-0.014796700
-0.007412730
0.008807130
0.018076800
0.013654600
0.002968560
0.006546340
0.030890900
0.040168800
0.015519400
-0.014240700
-0.020344100
-0.004352150
0.016008300
0.027309100
0.029642900
0.037554400
0.055519500
0.072737600
0.079118500
0.074230700
0.056987800
0.031239400
0.018980500
0.016172700
0.013453900
0.015075100
0.014906000
0.020621200
0.039509700
0.063692300
0.085017000
0.100068000
0.107855000
0.106830000
0.105573000
0.096395200
0.064674900
0.018024200
-0.027238800
-0.046405500
-0.031345600
-0.002585100
0.022703200
0.035209600
0.049591600
0.086592700
0.139600000
0.179335000
0.181169000
0.161509000
0.157064000
0.153541000
0.128419000
0.090594200
0.054767000
0.024528000
0.004441270
-0.003817680
-0.007243730
-0.010222400
-0.013180800
-0.015487300
-0.018296500
-0.035096500
-0.067848400
-0.102579000
-0.120337000
-0.114666000
-0.094630600
-0.075928700
-0.073926100
-0.076542500
-0.068822400
-0.054130300
-0.058894800
-0.089008800
-0.125220000
-0.144907000
-0.141587000
-0.139310000
-0.154258000
-0.147860000
-0.104569000
-0.052632600
-0.027858100
-0.035583200
-0.051504000
-0.061490500
-0.051393000
-0.022418300
0.010623100
0.032049800
0.030418200
0.014243400
0.004269700
0.004732150
0.007063450
0.006670390
0.005456460
0.008730250
0.019219500
0.024077200
0.017181000
0.021373000
0.046948900
0.079977000
0.108476000
0.114989000
0.076771000
0.020848800
0.000889680
0.021086300
0.053956500
0.081415000
0.085845900
0.070076000
0.073667600
0.105204000
0.127883000
0.124463000
0.120159000
0.115023000
0.086130500
0.037120700
-0.010149100
-0.035227400
-0.043693400
-0.054936500
-0.061364900
-0.042825400
-0.004665200
0.034189300
0.061843300
0.059720400
0.032908500
0.003262250
-0.019479200
-0.037489700
-0.044722300
-0.039105400
-0.028669900
-0.007466270
0.024956500
0.059425100
0.081642700
0.090320700
0.095425500
0.101679000
0.100325000
0.086103700
0.073444000
0.080424100
0.102778000
0.121086000
0.127242000
0.127524000
0.128506000
0.121931000
0.092954600
0.046561000
-0.000047265
-0.028703100
-0.032101500
-0.031317000
-0.040927000
-0.055450000
-0.067365000
-0.071701100
-0.066866600
-0.057710500
-0.049196800
-0.048732800
-0.060754000
-0.079556600
-0.097903900
-0.113858000
-0.118636000
-0.109063000
-0.099164900
-0.099341200
-0.105334000
-0.108731000
-0.102387000
-0.089109500
-0.080597100
-0.079918600
-0.079010500
-0.073129500
-0.068267900
-0.069819000
-0.061499100
-0.026834900
0.023546500
0.067614800
0.089146800
0.094857900
0.099146200
0.088007700
0.055573000
0.016825100
-0.018462900
-0.050143700
-0.073345300
-0.081940100
-0.096524400
-0.114334000
-0.103927000
-0.066556800
-0.025435700
0.008009760
0.021535200
0.006320500
-0.019565900
-0.039417300
-0.054100100
-0.065146900
-0.069370800
-0.063286700
-0.047092800
-0.033428500
-0.028411500
-0.026421600
-0.023271200
-0.024937000
-0.036622500
-0.053085000
-0.062082000
-0.059971500
-0.053779700
-0.043322600
-0.014527200
0.031555300
0.079970900
0.124481000
0.166830000
0.208725000
0.230448000
0.214497000
0.174648000
0.121510000
0.059557700
-0.003547580
-0.063451000
-0.088010400
-0.064850900
-0.022411900
0.015271900
0.047362900
0.080465900
0.114659000
0.130507000
0.119395000
0.087412100
0.046537200
0.006793380
-0.030154300
-0.049523200
-0.041389800
-0.019340700
-0.000450621
-0.016112900
-0.067028400
-0.116902000
-0.133836000
-0.127222000
-0.144363000
-0.192222000
-0.244583000
-0.268847000
-0.188408000
-0.024850900
0.088153900
0.122058000
0.138936000
0.173164000
0.189033000
0.161321000
0.113158000
0.070416100
0.036231100
0.030731300
0.055616500
0.074592000
0.058900800
0.022043300
0.015866400
0.050370900
0.092266100
0.111377000
0.087661100
0.038594400
-0.000431949
-0.021224500
-0.044835700
-0.078701000
-0.108458000
-0.097394900
-0.048925300
0.004420950
0.048830400
0.082141000
0.076399700
0.032276800
-0.018940200
-0.062940500
-0.102797000
-0.136625000
-0.157931000
-0.152751000
-0.111649000
-0.051243200
0.009810770
0.069372600
0.129943000
0.187570000
0.186101000
0.109792000
0.010143100
-0.072692400
-0.123646000
-0.157097000
-0.188946000
-0.192285000
-0.154110000
-0.100797000
-0.053189200
-0.023669300
-0.024080800
-0.045345300
-0.064258800
-0.065865700
-0.064877000
-0.079401400
-0.103085000
-0.125618000
-0.137015000
-0.110003000
-0.046843600
0.021002700
0.078931200
0.088857500
0.037546200
-0.038363100
-0.096592600
-0.114686000
-0.114560000
-0.122870000
-0.137412000
-0.137276000
-0.104062000
-0.051436800
0.000674357
0.047356200
0.090744600
0.087773400
0.019151100
-0.040890800
-0.050491600
-0.040285700
-0.031909500
-0.021062900
-0.002131090
0.019696000
0.039277600
0.041346400
0.018569700
-0.016311500
-0.045375400
-0.062433000
-0.072944500
-0.081827400
-0.061844700
-0.009317600
0.049778000
0.102243000
0.150500000
0.200500000
0.251363000
0.290930000
0.300292000
0.285964000
0.270490000
0.264848000
0.266822000
0.267868000
0.249451000
0.179461000
0.071135400
-0.026456200
-0.083720300
-0.116913000
-0.149989000
-0.172129000
-0.174540000
-0.169045000
-0.141025000
-0.080442100
-0.007403700
0.028421900
0.015024700
-0.013114900
-0.033305700
-0.038480900
-0.038334700
-0.052692000
-0.081652200
-0.112124000
-0.138631000
-0.160890000
-0.155526000
-0.119328000
-0.076888800
-0.040726900
-0.009220090
0.023567500
0.057187000
0.090376300
0.121752000
0.153299000
0.184484000
0.213257000
0.216297000
0.186661000
0.146045000
0.119773000
0.116511000
0.113270000
0.087022900
0.045054200
0.004203640
-0.031399400
-0.061512800
-0.082290100
-0.095735800
-0.107941000
-0.120597000
-0.124232000
-0.111903000
-0.091423700
-0.071867900
-0.054844500
-0.040236100
-0.031844600
-0.028986000
-0.027161900
-0.024393500
-0.021284600
-0.018475600
-0.014152700
-0.007443950
0.000122733
0.007376970
0.014232000
0.020919400
0.026060100
0.027527800
0.026299200
0.025020400
0.026306600
0.035528800
0.050666500
0.053632600
0.038958600
0.029469800
0.039273500
0.056752600
0.067046100
0.070252000
0.073154600
0.070743400
0.057729300
0.039334800
0.021615000
0.005854130
-0.005367910
-0.006632270
-0.000625676
0.006055730
0.011190000
0.015910300
0.019831300
0.015945600
0.003901300
-0.009459430
-0.020883500
-0.027169800
-0.027723900
-0.025875000
-0.025895100
-0.032034100
-0.040761400
-0.040168200
-0.029927100
-0.018253000
-0.008891340
-0.001185150
0.002300820
0.001303070
-0.000793006
-0.002230320
-0.003285570
-0.004662570
-0.007587000
-0.013849000
-0.021950300
-0.023838300
-0.015845700
-0.003774750
0.007361690
0.017102700
0.026154600
0.022339900
0.003850000
-0.017536900
-0.036091400
-0.051544900
-0.062380000
-0.068738700
-0.073652500
-0.071389700
-0.058269500
-0.040211700
-0.027324700
-0.021182900
-0.017372500
-0.014618400
-0.008353900
0.004016970
0.018736600
0.032679600
0.042069300
0.043132300
0.038376000
0.032663700
0.018759500
-0.005122680
-0.031322100
-0.054846300
-0.066504800
-0.062404100
-0.044976000
-0.017145100
0.014821500
0.046085200
0.070421600
0.084780600
0.092323700
0.076142600
0.028527400
-0.030530300
-0.084703400
-0.110357000
-0.104527000
-0.088254300
-0.075668400
-0.066576400
-0.065416300
-0.064181400
-0.058445300
-0.058579000
-0.066109900
-0.070022200
-0.063650300
-0.053156400
-0.049495600
-0.056538100
-0.058494100
-0.047454200
-0.031876900
-0.020958100
-0.016853100
-0.015270400
-0.012872300
-0.009851560
-0.007122360
-0.002837800
0.009595650
0.029606100
0.050511000
0.069369600
0.082997300
0.088272100
0.085416400
0.070736900
0.046524700
0.021205000
-0.002317850
-0.024489000
-0.042422300
-0.053798300
-0.062605500
-0.071564100
-0.080641200
-0.078758900
-0.064027000
-0.046202900
-0.039959700
-0.045458300
-0.051905200
-0.046909300
-0.029126500
-0.008402020
0.004905920
0.010230800
0.011839700
0.008726270
0.001636200
-0.006383450
-0.013544700
-0.017567900
-0.016324300
-0.011812900
-0.007222520
-0.003365810
0.000508306
0.006983670
0.016302400
0.026073900
0.032068200
0.032215900
0.029178700
0.021804600
0.008896130
-0.004119280
-0.011607700
-0.017625100
-0.029264600
-0.044931900
-0.059630600
-0.056903400
-0.036287500
-0.012639200
0.007389470
0.025752700
0.045184100
0.064187000
0.065968500
0.041721600
0.005983170
-0.026817100
-0.043561400
-0.035265500
-0.012174200
0.010935800
0.030671500
0.047027800
0.051637400
0.044501700
0.035206900
0.027915700
0.021798800
0.015268500
0.014638500
0.022794100
0.034538500
0.045080000
0.052362600
0.054737200
0.053783100
0.052481900
0.051788800
0.051070700
0.047413600
0.037188000
0.022356300
0.007349300
-0.005944190
-0.009761960
-0.003582710
0.004555880
0.010988500
0.016475000
0.021952600
0.017037600
-0.001332650
-0.023631800
-0.041845200
-0.051973600
-0.057349400
-0.062568200
-0.066007600
-0.062593300
-0.053821300
-0.043478300
-0.032910000
-0.022043000
-0.011003100
-0.000486610
0.003329590
-0.000256328
-0.005367780
-0.009186740
-0.012288700
-0.015578500
-0.015763800
-0.011898000
-0.007029530
-0.002878210
0.001261210
0.014575700
0.041422800
0.068502400
0.075184600
0.063988600
0.051255000
0.042659700
0.035200600
0.026185700
0.016550200
0.007516260
0.000613316
0.000667983
0.007117860
0.014557300
0.022397500
0.032531800
0.044713500
0.056815800
0.065685000
0.068903600
0.069994500
0.076382400
0.083425500
0.077682500
0.060547600
0.042209400
0.026704400
0.012181200
-0.003115370
-0.018740800
-0.032974000
-0.032208100
-0.013111700
0.011268400
0.032302000
0.040648000
0.037707100
0.030797400
0.021361700
0.009705130
-0.002288310
-0.007236460
-0.002549280
0.005654960
0.012598200
0.017595400
0.022143300
0.027036200
0.032103400
0.036693700
0.039366100
0.037441300
0.032052200
0.026351700
0.021595900
0.018489400
0.018106800
0.019560700
0.021160400
0.020737800
0.017557600
0.013296400
0.009330300
0.005646010
0.001895630
-0.001870380
-0.005336630
-0.004192230
0.006057680
0.015896600
0.008773860
-0.012478000
-0.033229100
-0.038613100
-0.045338000
-0.052657800
-0.060922000
-0.065689600
-0.066219000
-0.066016300
-0.066604200
-0.067516000
-0.068060100
-0.067884200
-0.060170300
-0.041610200
-0.024350300
-0.014988400
-0.007027300
0.003994700
0.016479300
0.027894800
0.036801100
0.043145700
0.048397200
0.051992900
0.050063100
0.043288100
0.036190700
0.033982700
0.036985400
0.041009900
0.044905300
0.049715100
0.055522400
0.059129500
0.057794100
0.053288900
0.049220800
0.046962600
0.045756900
0.044379100
0.042701800
0.041022700
0.039517400
0.037674500
0.030673100
0.017739800
0.003874210
-0.008689620
-0.020259900
-0.031493300
-0.036674000
-0.034894700
-0.031316000
-0.028933800
-0.027240600
-0.025434400
-0.024207800
-0.023916600
-0.023876300
-0.023698400
-0.023329600
-0.023048900
-0.022792600
-0.022523900
-0.021576900
-0.019839200
-0.017855000
-0.016062700
-0.014399600
-0.012780200
-0.011160600
-0.009615360
-0.008001350
-0.006295260
-0.004571360
-0.002959390
-0.001415380
0.000027896
0.001377250
0.001763990
-0.000916550
-0.006085500
-0.010725900
-0.013566800
-0.015421400
-0.017428700
-0.019473200
-0.020363000
-0.019781600
-0.018719500
-0.015800100
-0.010310600
-0.003824150
0.002119220
0.007380710
0.011513600
0.014546600
0.017131500
0.019660900
0.022042800
0.024065400
0.024587600
0.023768500
0.022734300
0.021920100
0.021128800
0.020193900
0.018373300
0.015113900
0.011124500
0.007305080
0.003857990
0.000634562
-0.002783660
-0.006846850
-0.011271800
-0.015401600
-0.019127100
-0.022256300
-0.021030900
-0.014234200
-0.009388950
-0.011391300
-0.016865700
-0.021390300
-0.024531600
-0.027343900
-0.030307000
-0.032942900
-0.034647500
-0.031691600
-0.024492600
-0.017076000
-0.011107900
-0.006026700
-0.001202380
0.003092380
0.005224560
0.005195230
0.003427320
0.000563817
-0.002253350
-0.004693430
-0.006810970
-0.008432350
-0.009291390
-0.009702740
-0.010025200
-0.010363400
-0.010644100
-0.010843300
-0.010889500
-0.010710200
-0.010372100
-0.010038100
-0.009747790
-0.009475460
-0.009144220
-0.008681060
-0.008148080
-0.007666270
-0.007256030
-0.006898890
-0.006579510
-0.006313700
-0.006285450
-0.006535680
-0.006838730
-0.007037330
-0.007116580
-0.007016420
-0.006770560
-0.006506550
-0.006259230
-0.006018210
-0.005779960
-0.005589970
-0.005430690
-0.005251470
-0.005035830
-0.004817390
-0.004617140
-0.004407550
-0.004149050
-0.003815430
-0.003438200
-0.003065240
-0.002715590
-0.002382360
-0.002049200
-0.001712830
-0.001375290
-0.001039820
-0.000707488
-0.000375643
-0.000042065
0.000287383
0.000605950
0.000913378
0.001218360
0.001529120
0.001831470
0.002109210
0.002356800
0.002585400
0.002809120
0.003030940
0.003247310
0.003459280
0.003672070
0.003886180
0.004098760
0.004307870
0.004513430
0.004716090
0.004916080
0.005112960
0.005306100
0.005495120
0.005680120
0.005861160
0.006038220
0.006211240
0.006380120
