-0.003922410
-0.003388780
-0.001027380
-0.000850876
-0.005257300
-0.002137210
0.002512810
0.001263100
-0.000547687
-0.003920150
-0.006035020
-0.005922270
-0.006880590
-0.010297200
-0.016179100
-0.016858200
-0.012785100
-0.007701230
-0.006868800
-0.010069500
-0.009386130
-0.007427810
-0.005578680
-0.002438300
0.001569010
0.005634410
0.008850090
0.004056660
-0.005951060
-0.004981610
0.002323010
0.004160360
-0.000824102
-0.002138670
0.003647950
0.006037900
0.009277460
0.012074300
0.010167800
0.006909790
0.011611800
0.015275400
0.004539550
-0.003062890
-0.002771600
-0.007098930
-0.012294400
-0.000137574
0.008650080
0.002142780
0.001590180
0.001376160
0.000921362
0.002264770
0.005318660
0.002883880
-0.004180740
-0.004098280
-0.001445480
-0.004907630
-0.014715200
-0.023657000
-0.018694100
-0.004364580
0.003177770
0.004344040
0.002242190
0.001016450
0.008247490
0.014679800
0.015810100
0.013719200
0.008604950
0.006686320
0.006223160
0.006181220
0.001616540
-0.001538550
-0.001679600
-0.000844558
-0.004798470
-0.005120210
0.003309590
0.011245700
0.013410500
0.008975920
0.006484380
0.006536660
0.006481790
0.009636810
0.010145900
0.003303790
-0.004365580
-0.003292590
0.008606640
0.013478000
0.010713600
0.009517920
0.008776080
0.001766290
-0.006981630
0.001149360
0.002732920
-0.011416000
-0.018950400
-0.015006700
0.000518054
0.012314600
0.012098600
0.017536400
0.024741800
0.018775900
0.012820200
0.000609733
-0.015615500
-0.013669400
-0.010441300
-0.017590700
-0.024989000
-0.022231200
-0.010361800
-0.010063400
-0.019929200
-0.021126200
-0.012885100
-0.005730420
0.001910790
0.012190700
0.016462800
0.015079900
0.019705800
0.014792600
-0.004768840
-0.012009800
-0.016044800
-0.020756300
-0.019571100
-0.028994000
-0.030001900
-0.003214830
0.027864300
0.042844800
0.049159300
0.044284300
0.031153400
0.026829200
0.029388900
0.028568200
0.016030800
0.012613200
0.019763700
0.008583770
-0.022317900
-0.043930500
-0.035195000
-0.004201180
0.017819700
0.027981000
0.030422800
0.017392300
0.009720780
0.011054800
0.015568100
0.018623800
0.017652600
0.006433270
-0.013912000
-0.030997400
-0.044852400
-0.047729300
-0.043994500
-0.024629400
0.004493080
0.012598400
0.015091600
0.008803670
-0.005286330
-0.005595160
-0.005498050
-0.014496300
-0.024586100
-0.032557300
-0.029506400
-0.018881100
-0.011181100
0.003542520
0.009357430
0.015477300
0.023409600
0.029476400
0.018451900
-0.005874340
-0.010100500
0.001616850
0.009748900
0.002512560
-0.004287240
0.002450350
0.014104300
0.026922000
0.046977700
0.062060800
0.075984100
0.086721900
0.107168000
0.131297000
0.141795000
0.100909000
0.027206700
-0.038719900
-0.094774000
-0.097874800
-0.074439300
-0.079240500
-0.115383000
-0.160196000
-0.212815000
-0.231000000
-0.222195000
-0.075225000
0.013331100
-0.001179780
0.024560600
0.102094000
0.176318000
0.218356000
0.237742000
0.230039000
0.190580000
0.053042400
-0.018512300
-0.094576400
-0.139340000
-0.084881800
-0.020892900
-0.012182900
-0.027809100
0.013613200
0.062762000
0.085139900
0.018344200
-0.093052100
-0.154610000
-0.201792000
-0.190086000
-0.114281000
-0.032748100
0.021561600
0.064947100
0.092871400
0.134901000
0.199561000
0.243941000
0.241126000
0.237729000
0.226728000
0.208671000
0.145046000
0.065411500
0.000132969
-0.014770800
0.005521470
0.039868300
0.130484000
0.142751000
0.121859000
0.115070000
0.075346400
-0.006250310
-0.123494000
-0.190166000
-0.135175000
-0.074320500
-0.123780000
-0.218385000
-0.281684000
-0.324758000
-0.346015000
-0.363435000
-0.385420000
-0.347475000
-0.247501000
-0.121271000
0.014131100
0.039653300
0.011560200
0.010718400
0.010268300
0.074700400
0.114101000
0.070692000
-0.061190300
-0.171996000
-0.175093000
-0.113563000
0.012312000
0.088576900
0.120739000
0.128416000
0.146593000
0.176246000
0.200087000
0.125692000
-0.043630900
-0.118109000
-0.143831000
-0.024382700
0.162156000
0.218312000
0.220857000
0.189341000
0.125112000
0.056682600
0.010809200
-0.067161600
-0.133014000
-0.183803000
-0.161752000
-0.012425500
0.057022200
0.115716000
0.152410000
0.154686000
0.126918000
0.024441600
-0.054767700
-0.100698000
-0.125386000
-0.087693100
0.027132100
0.084790300
0.088897500
0.054503700
0.011278800
-0.000513848
0.019284900
0.070433400
0.094041800
0.032574100
-0.060389200
-0.121852000
-0.173412000
-0.210140000
-0.221875000
-0.192901000
-0.162263000
-0.152374000
-0.141834000
-0.081297700
-0.007716690
0.042346200
0.064373400
0.022943200
-0.052264200
-0.063824700
-0.020965100
0.024602500
0.071291100
0.108765000
0.092322700
0.021859100
-0.010351400
-0.014601700
-0.016321400
0.003355410
0.031267700
0.038651400
0.040797500
0.072637700
0.101520000
0.117340000
0.106928000
0.024935900
-0.045060700
-0.091450500
-0.138714000
-0.161099000
-0.166397000
-0.112946000
-0.006590690
0.079226700
0.162872000
0.221063000
0.237541000
0.230580000
0.174867000
0.106833000
0.042857200
-0.008719500
-0.029479000
-0.040239400
-0.046603600
-0.044269300
-0.021649300
-0.000146164
-0.019116600
-0.060985100
-0.086613200
-0.079314600
-0.065994000
-0.037459100
0.002302930
0.014832000
0.006498950
-0.013639600
-0.046437300
-0.080071500
-0.098529100
-0.113162000
-0.117481000
-0.107479000
-0.082686400
-0.068205200
-0.077699100
-0.083790300
-0.072634400
-0.042117900
-0.011510500
0.014951500
0.044776400
0.063654700
0.074916600
0.071969000
0.047525800
-0.001040430
-0.050354300
-0.093919500
-0.130419000
-0.159282000
-0.172559000
-0.178854000
-0.153042000
-0.034200500
0.055567700
0.118844000
0.197156000
0.236058000
0.234358000
0.165362000
0.074853400
0.037214200
0.026288900
0.029168200
0.041014300
0.051039800
0.054594300
0.053725100
0.049939600
0.037638200
0.001592230
-0.044023400
-0.068860700
-0.089914700
-0.074089700
-0.015403200
0.035136400
0.072530400
0.091440900
0.080248100
0.040280100
-0.000226485
-0.027006900
-0.035890500
-0.018780300
0.020247600
0.066163500
0.101993000
0.130869000
0.147696000
0.150377000
0.111963000
0.052018700
0.009841250
-0.013497800
-0.024986600
-0.025978500
-0.022727200
-0.013199900
-0.004061170
-0.006406660
-0.014162200
-0.028244900
-0.041849200
-0.050179000
-0.046823800
-0.032479100
-0.015955600
-0.017507600
-0.034300500
-0.051856300
-0.062642400
-0.060836500
-0.044473300
-0.033402800
-0.029981400
-0.029260900
-0.021452400
-0.010588000
-0.010201100
-0.026395200
-0.036336800
-0.023000000
0.002877730
0.024679500
0.047366700
0.059338800
0.075233700
0.090647200
0.108124000
0.104583000
0.013758500
-0.020238900
-0.036746300
-0.045204900
-0.032396500
-0.024151600
-0.014831600
-0.014350900
0.002875050
0.026505600
0.051122500
0.065976000
0.077128900
0.077383100
0.071896700
0.048409300
0.016772200
-0.005724740
-0.021572300
-0.027406500
-0.019472800
-0.005889290
0.010666500
0.026829600
0.030877100
0.024699100
0.005241710
-0.024628800
-0.046641300
-0.056057800
-0.057870200
-0.058942100
-0.055784100
-0.041335700
-0.022733900
-0.001215820
0.013513100
0.021149900
0.026995600
0.026902900
0.015139300
0.000771699
-0.015277900
-0.036812100
-0.055194400
-0.071115600
-0.080494400
-0.078322700
-0.068274700
-0.039049600
0.013142900
0.043757200
0.056107400
0.056166600
0.044524400
0.027368000
-0.008911280
-0.037361100
-0.052987400
-0.056654300
-0.050370000
-0.006859890
0.029012500
0.032766200
0.020303800
-0.018311300
-0.043667500
-0.050749300
-0.044567100
-0.028244000
-0.011671100
-0.002062640
0.008537210
0.012630500
0.009725530
0.003834010
0.000953534
0.005012120
0.014275800
0.025746700
0.035536600
0.043266200
0.048606900
0.046888200
0.043437500
0.049334200
0.057833800
0.064111900
0.071448800
0.075440000
0.067121900
0.041516800
0.019176800
0.006649140
0.008321930
0.019144100
0.026892000
0.034277800
0.041232200
0.040828300
0.034414500
0.032620300
0.036127100
0.040989400
0.030240600
0.003940930
-0.020947100
-0.037509800
-0.050183400
-0.054060400
-0.052383500
-0.040487300
-0.032371100
-0.031259300
-0.029106100
-0.026543900
-0.021094000
-0.016978300
-0.010151400
-0.001779280
0.006221610
0.006763230
-0.008491880
-0.028996900
-0.042879100
-0.050209800
-0.055271100
-0.057036700
-0.050949300
-0.041532700
-0.027353600
-0.016533400
-0.009380160
-0.004612660
-0.002045290
-0.000865125
-0.010764200
-0.024189400
-0.038553000
-0.049743400
-0.045327800
-0.023668000
0.000992541
0.013006100
0.022460600
0.030816500
0.038131900
0.043152400
0.043208600
0.034876300
0.022864800
0.016056400
0.011917300
0.013417800
0.016405400
0.021632000
0.024615600
0.027024900
0.028763000
0.025617500
0.019865800
0.020708400
0.026127700
0.033076100
0.040297800
0.037508200
0.033472100
0.034403500
0.036957700
0.036885400
0.027716800
0.006723250
-0.011952800
-0.020659400
-0.027537100
-0.033905900
-0.040076700
-0.048601700
-0.055530400
-0.055585400
-0.047255900
-0.037212800
-0.030884600
-0.031721800
-0.029180800
-0.028458500
-0.034300800
-0.030039100
-0.014590000
0.005434870
0.024291800
0.039055500
0.043700800
0.036073400
0.015349300
-0.012287400
-0.026263200
-0.028067300
-0.023893200
-0.017573100
-0.007395280
0.013633300
0.029578200
0.034517300
0.033230300
0.023006100
0.005320610
-0.007312830
-0.007651180
-0.006339170
-0.009397850
-0.016077500
-0.026608700
-0.033920800
-0.028209500
-0.022856200
-0.020202900
-0.008664290
0.003690290
0.016535500
0.030237500
0.037410500
0.025179000
0.008052570
-0.003274160
-0.010805500
-0.011293700
-0.013514800
-0.020692200
-0.019516700
0.000445073
0.034501200
0.063699200
0.075399000
0.070101500
0.045029300
0.017144000
0.002982780
-0.005996840
-0.016117800
-0.032726000
-0.048005200
-0.050431300
-0.027109500
0.007021210
0.016279200
0.005700290
-0.013540500
-0.030776900
-0.034465800
-0.033068800
-0.033873100
-0.032125300
-0.024893000
-0.018011500
-0.009191990
0.001807230
0.002385130
-0.004755310
-0.013705200
-0.019743000
-0.017354600
-0.010413900
-0.011192600
-0.016263400
-0.014838900
-0.012282100
-0.019472500
-0.026251800
-0.025653400
-0.016585900
-0.001320960
0.009355040
0.017100600
0.018027400
0.013590100
0.009066100
0.010223500
0.016644100
0.015629900
0.011020300
0.012388800
0.016571600
0.015451300
0.003509940
-0.023013400
-0.041875500
-0.040185600
-0.020397800
0.010347900
0.033756600
0.049476700
0.050207800
0.035847100
0.017335900
0.009939720
0.005456650
-0.004299810
-0.022944500
-0.038903600
-0.043101000
-0.021132400
0.015463000
0.031959400
0.043849400
0.051793100
0.058437300
0.062631400
0.059442800
0.032461700
-0.001259540
-0.012403100
-0.008088540
0.004832790
0.020365300
0.028795600
0.036472100
0.051362100
0.053256200
0.018548700
-0.036961700
-0.067781000
-0.079592600
-0.049892200
0.015326700
0.058821600
0.084164600
0.086950300
0.057342800
0.009274390
-0.019419100
-0.028149200
-0.021632300
-0.003547570
0.010276600
0.020829700
0.019477300
0.001698880
-0.018500000
-0.028975200
-0.031933000
-0.026866500
-0.021858100
-0.023101300
-0.029069100
-0.030420400
-0.026255500
-0.017676000
-0.010765200
-0.005105010
0.006651780
0.025543500
0.035601000
0.025933700
0.010023000
-0.012739000
-0.033961800
-0.046572800
-0.044252900
-0.027734700
-0.011926400
-0.006346630
-0.007753860
-0.013261500
-0.015730500
-0.005000730
0.009689720
0.023379600
0.032306000
0.035163400
0.031366400
0.022038000
0.009499560
0.005286410
0.015778600
0.026190200
0.015184900
-0.007133190
-0.016351400
-0.000529700
0.025872500
0.039375800
0.028499100
-0.000451030
-0.017430400
-0.026658800
-0.031252300
-0.030890600
-0.030533000
-0.030808800
-0.031498700
-0.029750900
-0.024172900
-0.008616210
0.011548800
0.020680500
0.013998200
0.001836360
-0.007405170
-0.015307400
-0.019191900
-0.018191600
-0.012391100
-0.002405640
0.012944100
0.028837400
0.040439700
0.048853400
0.045617700
0.027288100
0.003547360
-0.003425570
-0.003884780
-0.001807230
0.005056160
0.016624800
0.027627400
0.028948100
0.020391200
0.003518210
-0.007674390
-0.018020400
-0.027367800
-0.033176800
-0.033790900
-0.026472500
-0.022473200
-0.027484500
-0.032893600
-0.031024000
-0.022460100
-0.011602300
-0.002069390
-0.001273810
-0.007092920
-0.010279400
-0.002662030
0.023428600
0.045813500
0.052966800
0.050850400
0.043047400
0.022545500
-0.002521980
-0.022813800
-0.038906200
-0.048585900
-0.053593000
-0.053025800
-0.052471800
-0.044624800
-0.032097000
-0.013277900
0.014741700
0.033912800
0.037670600
0.030701100
0.027383300
0.024254100
0.014122700
0.004085080
0.006070230
0.009136590
0.002082520
-0.002026810
-0.004825420
-0.011220600
-0.014337400
-0.000607891
0.017027200
0.021859200
0.027524600
0.050208700
0.064532900
0.074588400
0.057714900
-0.007362740
-0.058313400
-0.087337100
-0.094128900
-0.060911200
-0.013479800
-0.001375030
-0.015539300
-0.037370000
-0.034029000
-0.001853710
0.023531500
0.046138200
0.058303200
0.059694000
0.042597200
0.004739380
-0.025080800
-0.039411300
-0.058144100
-0.047715100
0.012571500
0.063446600
0.088502500
0.098401100
0.058720600
-0.013687600
-0.066551500
-0.095966700
-0.103175000
-0.071925100
-0.002136080
0.043415700
0.053956000
0.038527100
0.002560550
-0.017427700
-0.015065700
-0.002626170
-0.008522090
-0.036954900
-0.058525200
-0.059572000
-0.047692300
-0.037077500
-0.038490500
-0.038688600
-0.036331700
-0.019517200
0.006738360
0.020187800
0.018428100
0.018347300
0.032255800
0.046591700
0.054100700
0.043598600
0.015768800
-0.014300000
-0.037074700
-0.049154700
-0.044444500
-0.034127400
-0.018676500
0.005920650
0.018325800
0.008783560
-0.010275300
-0.023382300
-0.023639500
-0.018731300
-0.013735400
-0.007111610
0.003485110
0.015011100
0.020613900
0.017019400
0.009810990
0.005786050
0.003511440
0.001899830
-0.000426785
-0.007834010
-0.024441600
-0.042937300
-0.040152600
0.003391200
0.042024800
0.042812300
0.003496410
-0.031421200
-0.022829600
0.010774300
0.031418200
0.027418900
0.018475600
0.017054900
0.026727700
0.026493200
0.010300800
-0.009662490
-0.009123790
0.014278200
0.037705700
0.040598600
0.030045900
0.009106480
-0.012571400
-0.024165500
-0.029826300
-0.033040100
-0.024675900
-0.001415640
0.015724700
0.018605400
0.006399280
-0.009544100
-0.006267600
0.001775350
-0.003345800
-0.014194200
-0.020168100
-0.016160300
-0.000242857
0.023464300
0.038537100
0.040020500
0.035339000
0.035009900
0.031710500
0.021483300
-0.001743790
-0.028898900
-0.044709600
-0.042562100
-0.021128500
-0.004794860
-0.009195780
-0.024183300
-0.027321400
-0.013269500
-0.002544840
0.001459060
0.004665330
0.008011350
0.013174000
0.014904300
0.010282100
-0.000083694
-0.006274650
-0.005889660
-0.003272910
-0.003536630
-0.001432920
0.005971730
0.008074420
0.005368840
-0.000751689
-0.007965660
-0.008699560
-0.004260020
-0.001706450
-0.001974200
-0.002898830
-0.000607384
0.003820960
0.007478190
0.009220890
0.006618390
0.003072390
0.001588850
0.002233020
0.005691380
0.010283000
0.016388200
0.021181800
0.023190700
0.021256400
0.013275500
0.006799060
0.005089120
0.006493240
0.007268020
0.005730470
0.001097220
-0.006065620
-0.014563600
-0.019646700
-0.018598500
-0.014814700
-0.010418900
-0.006295420
-0.003925320
-0.003474850
-0.003605780
-0.002766680
-0.001631780
0.000731201
0.003585830
0.005554080
0.007220410
0.009655830
0.015563300
0.019564400
0.017706700
0.010125700
0.005089660
0.006242960
0.009259800
0.006340240
-0.003414330
-0.011973500
-0.018864900
-0.024030500
-0.025414900
-0.018923900
-0.007519620
-0.003488870
-0.008170970
-0.012610300
-0.009954500
0.002327040
0.014224000
0.020732400
0.026608300
0.032680100
0.033048100
0.019760200
0.002328180
-0.006189090
-0.005263190
0.002064230
0.009542610
0.011991400
0.015505000
0.019573500
0.020439300
0.016584400
0.007047200
-0.000678525
-0.003666350
-0.003222890
-0.005187650
-0.007822550
-0.007533110
-0.007341590
-0.011159700
-0.019412700
-0.023621500
-0.018053500
-0.007315210
-0.001443300
-0.002146310
-0.002940100
-0.003053540
-0.002665150
-0.006117050
-0.014335400
-0.018832800
-0.014738800
-0.004694020
0.003158730
0.004869050
-0.000005748
-0.004704090
-0.007414450
-0.005897930
0.000523773
0.005613350
0.005734520
0.001580860
-0.000269643
0.002855420
0.006932140
0.006114900
0.003671780
0.001649920
-0.001056360
-0.005737360
-0.007202300
-0.003029700
0.003824480
0.009863680
0.011879000
0.008917690
0.001367420
-0.003443120
-0.008350570
-0.017120800
-0.025761400
-0.032451800
-0.034020800
-0.026569900
-0.013750800
-0.005201400
0.000351241
0.006382260
0.010658900
0.012784300
0.011888500
0.009914580
0.008438400
0.005836130
0.001194880
0.000482669
0.002580560
0.001373640
-0.001028710
-0.001689930
0.001212730
0.005264920
0.007607600
0.007497170
0.006039320
0.003735890
0.001419190
-0.000847527
-0.001539370
0.000139268
0.002111660
0.004105470
0.004954840
0.003096110
-0.001058650
-0.003578360
-0.007281260
-0.010676100
-0.012899000
-0.010819600
-0.005641330
-0.001893150
0.000824821
0.002563590
0.002704020
0.001491920
0.005514460
0.012896900
0.020038600
0.023228800
0.020137800
0.009982340
-0.002166230
-0.010684600
-0.014272300
-0.013304700
-0.009947270
-0.009313220
-0.010773200
-0.013241000
-0.016079100
-0.016393600
-0.012534400
-0.006163840
0.000051617
0.007482910
0.017030700
0.026709000
0.030063400
0.026914200
0.015394900
-0.000074902
-0.012207300
-0.016715100
-0.012643700
-0.003832430
0.004562700
0.009170560
0.011335500
0.012181600
0.010931600
0.009269510
0.005471520
-0.000866270
-0.006859310
-0.010986800
-0.011145400
-0.010209600
-0.009995990
-0.011124700
-0.012479800
-0.011427800
-0.009661710
-0.009564390
-0.009725140
-0.007799990
-0.002951540
0.004032790
0.010056300
0.010533000
0.008426040
0.004635060
0.001943640
0.002141860
0.003264200
0.003666410
0.001585930
-0.001968460
-0.004135660
-0.002260600
0.004560430
0.011784300
0.015272000
0.013725900
0.009124970
0.002033150
-0.008394070
-0.018748900
-0.025981500
-0.027403200
-0.026074900
-0.019112200
-0.006956690
0.002795700
0.007856080
0.010863200
0.013492900
0.014286600
0.012955600
0.010232300
0.008363780
0.008551550
0.008469010
0.008875040
0.012446100
0.015388900
0.015028900
0.014454600
0.016253900
0.017914500
0.015935700
0.010581700
0.005308270
0.002023840
-0.000016209
-0.002963050
-0.006914600
-0.009171940
-0.009819730
-0.007932830
-0.003653030
0.002569870
0.007583030
0.010247100
0.012892800
0.013234400
0.011818400
0.007719850
0.004186360
0.003864840
0.002172420
0.001171550
0.001787370
0.001667760
-0.000190971
-0.004330430
-0.008538240
-0.009805410
-0.008796970
-0.009386880
-0.011735300
-0.015038400
-0.015853800
-0.012553500
-0.009809090
-0.007532880
-0.004926210
-0.004243270
-0.004471210
-0.006480080
-0.007982020
-0.007530680
-0.008099360
-0.009044420
-0.010685100
-0.008208140
-0.000656655
0.005605540
0.009286100
0.010111700
0.008936990
0.006891220
0.004411940
0.000039521
-0.002602990
-0.002302820
0.002289500
0.009706170
0.015695900
0.019635300
0.018086200
0.015157900
0.011700300
0.010011400
0.007213640
0.002335110
-0.002830050
-0.008746980
-0.013272600
-0.015302400
-0.013615300
-0.012240300
-0.010065600
-0.010365500
-0.012763500
-0.012884900
-0.011446800
-0.008366490
-0.006952860
-0.006887690
-0.007015320
-0.005673150
0.000186589
0.005047730
0.007282340
0.007913500
0.005783510
0.001357470
-0.003388870
-0.005683140
-0.003478210
-0.000509326
0.001337540
0.002395930
0.003949000
0.004488170
0.003609520
0.002442190
0.001501290
0.001622180
0.001776710
0.003723360
0.005283420
0.007072950
0.005799400
0.002210430
-0.000745137
-0.000796786
0.003656880
0.008332890
0.010673100
0.010128700
0.007347410
0.004482480
0.000618943
-0.003440450
-0.007110230
-0.009393860
-0.010391300
-0.012371000
-0.012892100
-0.012321900
-0.006745470
-0.000047099
0.005271190
0.010197800
0.012517200
0.011809300
0.009562120
0.007396560
0.005332960
0.006732250
0.010993600
0.014502200
0.013672700
0.009159000
0.002514450
-0.003935300
-0.008530720
-0.011246300
-0.013091900
-0.011501000
-0.008963690
-0.006272350
-0.000838250
0.002468100
0.000631591
-0.003900810
-0.007890590
-0.012102700
-0.013344700
-0.011465500
-0.007850240
-0.006482090
-0.005715760
-0.004258920
-0.002054440
-0.000318173
-0.001028910
-0.000747209
-0.001885380
-0.004029290
-0.006334390
-0.005122560
0.001256570
0.009066730
0.011036300
0.005941410
0.000665909
-0.000669358
0.001593910
0.007354730
0.014343600
0.019861600
0.023115200
0.023273000
0.014241700
0.001030310
-0.008958880
-0.014196900
-0.012504100
-0.007472900
-0.001199330
0.003485050
0.006076360
0.006544000
0.006676040
0.006470420
0.005449800
0.005349190
0.008245300
0.012121600
0.013312200
0.011121500
0.009442820
0.009524600
0.006524940
0.002831650
-0.000126253
-0.002011150
-0.003582930
-0.005740220
-0.006323690
-0.004621370
-0.001988830
0.000963967
0.000084425
-0.003641260
-0.009856900
-0.015249500
-0.018990500
-0.021014100
-0.020120000
-0.016304100
-0.011093700
-0.005634810
-0.001412030
0.000093686
0.001296210
0.002307790
0.002819630
0.003465670
0.004853400
0.004955460
0.006311370
0.010157300
0.013075200
0.014114100
0.014185000
0.012868200
0.012429000
0.012453300
0.010605000
0.006049090
0.000632607
-0.003766880
-0.006608160
-0.007280080
-0.006923960
-0.007063460
-0.006073070
-0.000912506
0.003652730
0.007451470
0.008569180
0.008224700
0.007982530
0.008846970
0.010209300
0.009824970
0.007814730
0.004618080
0.002557640
0.001355460
0.000404375
0.000499976
0.001115150
0.001186090
0.001022580
-0.001463730
-0.003440100
-0.004090740
-0.005818870
-0.006174530
-0.007192310
-0.008140430
-0.006233000
-0.004042980
-0.002975130
-0.002429910
-0.003225810
-0.005028190
-0.006317160
-0.006259990
-0.005399880
-0.004364100
-0.001899790
0.000615939
0.002726400
0.004279250
0.005282620
0.004934360
0.002326240
-0.001596240
-0.005628730
-0.007542640
-0.008018230
-0.007500080
-0.006869030
-0.005578610
-0.003841980
-0.002347660
-0.001789410
-0.001326580
-0.000231424
0.000455662
0.000852995
0.000573408
0.000482803
0.000154209
-0.001087630
-0.001608000
-0.001342950
-0.000799251
-0.000600671
-0.001201730
-0.001831980
-0.002606230
-0.003228820
-0.003950530
-0.003202050
-0.002677030
-0.002751690
-0.003657510
-0.004976490
-0.005310160
-0.005729880
-0.005583520
-0.005186810
-0.004971510
-0.004260900
-0.003606310
-0.003334630
-0.003028650
-0.002279200
-0.001185150
-0.000307630
0.000125399
0.000056801
0.000083452
0.000058415
-0.000181655
-0.000883831
-0.001395350
-0.001449030
-0.001177500
-0.000647701
-0.000511133
-0.000532159
-0.000358900
-0.000370174
-0.000460928
-0.000327796
-0.000415535
-0.000424914
-0.000236544
0.000094055
0.000339532
0.000401508
0.000471180
0.000378895
0.000255087
0.000353048
0.000524440
0.000778571
0.000939830
0.001015180
0.001108680
0.001184010
0.001281160
0.001356170
0.001467550
0.001527040
0.001554180
0.001566150
0.001575270
0.001626150
0.001690430
0.001735900
0.001725790
0.001689610
0.001645430
0.001622090
0.001591890
0.001548110
0.001515530
0.001491080
0.001484630
0.001487760
0.001499480
0.001510410
0.001514360
0.001517370
0.001519910
0.001520170
