-0.006563440
-0.001298050
-0.000709287
-0.000287747
0.001944350
0.000987995
0.000153076
-0.001911900
-0.003307700
-0.001174240
0.003068640
0.004692220
0.003114080
0.001362600
0.003379060
0.005248700
0.003745260
0.004267590
0.008187610
0.008189860
0.007106890
0.006903220
0.006859750
0.004467270
0.003058140
0.000178218
-0.006540920
-0.004697110
0.001256350
0.003242060
0.000367523
-0.008162850
-0.010332400
-0.006429940
-0.006706300
-0.009500990
-0.010861500
-0.010110600
-0.007390970
-0.005442430
-0.006597710
-0.005787380
0.002457780
0.006650530
-0.002161660
-0.006406230
-0.003510760
-0.001932040
-0.004290470
-0.006413230
-0.002920840
0.000519595
0.000300319
-0.002078240
-0.005902090
-0.008339710
-0.005168290
-0.004645750
-0.009268050
-0.009067730
-0.001281620
0.005586540
0.008095280
0.007337000
0.002632400
0.001058240
-0.001774560
-0.004953080
-0.007615430
-0.006601650
-0.005771420
-0.011311000
-0.015962200
-0.017975600
-0.012283800
-0.008812540
-0.014245800
-0.018571300
-0.021961500
-0.017189500
-0.001515710
0.009518140
0.015614200
0.010909600
0.003984420
-0.000487573
-0.007591120
-0.011954900
-0.009987480
-0.007982280
-0.008163900
-0.009182900
-0.013357700
-0.012838500
-0.009350970
-0.005066790
-0.002177930
-0.001284140
-0.006897910
-0.009369000
-0.003222070
-0.001772190
-0.006440220
0.000121995
0.006791360
0.007560060
0.007261900
-0.004742760
-0.010996600
-0.010018600
-0.010581800
-0.008130830
-0.006926260
0.001271480
0.023082200
0.020349700
0.000371090
-0.008719990
-0.012423400
-0.000500334
0.007588580
0.008687480
0.010536100
0.007076740
0.008611310
0.014842000
0.016116600
0.015025800
0.010508900
-0.002621880
-0.011771500
-0.011147500
-0.000393835
0.008377010
0.009612140
-0.004944320
-0.024238600
-0.020629800
-0.006697580
-0.001278200
0.000025530
-0.000160920
-0.000395268
0.008405590
0.015912100
0.001119420
-0.012616500
-0.012736400
-0.004420860
-0.001314410
-0.016885200
-0.030507600
-0.036766700
-0.041950700
-0.032983100
-0.005560630
0.011979100
0.009331030
-0.004069840
-0.009354530
-0.001368980
0.016249500
0.023828100
0.002986570
-0.016853300
-0.014555100
-0.008927550
-0.007884860
-0.013304800
-0.016379800
-0.005860210
0.006689250
0.015851300
0.016721900
0.014352900
0.001405610
-0.012467800
-0.013017000
-0.011202800
-0.009745490
-0.003084150
0.008675190
0.013826000
0.012637500
0.008531910
0.005696220
0.009452820
0.015744200
0.000767528
-0.022145700
-0.029989400
-0.026802800
-0.014711500
0.007140120
0.024004000
0.022570200
0.016440300
0.008824290
0.000852349
0.007208390
0.018832800
0.028762900
0.038242300
0.046303900
0.044386900
0.030745100
-0.002208440
-0.062401000
-0.111146000
-0.134082000
-0.101358000
0.018068900
0.163854000
0.218174000
0.232633000
0.236847000
0.256424000
0.246652000
0.274406000
0.192252000
-0.014108200
-0.109332000
-0.242939000
-0.296064000
-0.265800000
-0.273744000
-0.281499000
-0.287628000
-0.246531000
-0.031168300
0.138468000
0.280468000
0.392250000
0.352730000
0.288126000
0.161526000
0.048911600
0.051588700
0.091598900
0.135930000
0.157545000
0.113701000
0.050158400
-0.022405600
-0.145821000
-0.279046000
-0.384660000
-0.438049000
-0.464509000
-0.478513000
-0.472704000
-0.437620000
-0.314005000
-0.128978000
0.014673400
0.147708000
0.270408000
0.401922000
0.533826000
0.548927000
0.537052000
0.511477000
0.495831000
0.246779000
0.049630900
0.004902330
-0.109073000
-0.199349000
-0.283359000
-0.334341000
-0.348270000
-0.345921000
-0.233555000
0.008525000
0.108143000
0.123953000
0.144610000
0.123980000
0.161379000
0.208102000
0.237636000
0.271444000
0.272084000
0.214133000
0.038609000
-0.070205600
-0.149537000
-0.221594000
-0.246213000
-0.122219000
0.054869200
0.122194000
0.106522000
0.024808200
-0.045411400
-0.062661400
-0.026750000
-0.025354400
-0.039749300
-0.049397100
-0.063978700
-0.094309000
-0.183834000
-0.201990000
-0.153242000
-0.153547000
-0.097453400
-0.036048900
0.014485600
0.062972900
0.084854500
0.000203297
-0.138459000
-0.189763000
-0.260815000
-0.279959000
-0.292888000
-0.227006000
-0.005370020
0.121893000
0.218670000
0.334687000
0.370556000
0.364666000
0.252707000
0.136074000
0.101403000
0.044743600
0.016252900
0.012907300
0.028152300
0.023197200
-0.005752350
-0.030075200
-0.050026200
-0.063374800
-0.056083700
-0.007983390
0.023752100
0.020332200
0.014034000
0.004787970
-0.018775800
-0.038668500
-0.032630800
-0.020545500
-0.024935200
-0.041009000
-0.040673000
-0.024565700
-0.027577400
-0.061642800
-0.117306000
-0.136387000
-0.077270800
-0.006944290
0.041233900
0.079696700
0.105886000
0.124557000
0.117811000
0.065127500
-0.002253010
-0.057667900
-0.095494900
-0.083428600
-0.030316400
0.008867660
0.025958600
0.044909900
0.053059500
0.058163500
0.042979600
0.008024050
-0.014790400
-0.030509700
-0.032504900
-0.035947500
-0.035089700
-0.009066510
0.012454500
0.018062400
0.016888400
0.018726500
0.031660100
0.085497800
0.130967000
0.131521000
0.078956900
-0.004727860
-0.066183700
-0.123011000
-0.156167000
-0.163071000
-0.137136000
-0.117555000
-0.112310000
-0.090894800
-0.029829100
0.027246300
0.040455600
0.030842400
0.001236210
-0.004036830
-0.001323260
-0.004361460
-0.006590780
-0.000993629
0.014507700
0.028873900
0.034642400
0.028732000
0.024029300
0.021894900
0.014075100
0.006102260
0.014055700
0.030788400
0.044005100
0.052247300
0.048313700
0.036066200
0.009422370
-0.022072500
-0.038551000
-0.044218500
-0.045218400
-0.035329900
-0.016185800
-0.003006670
0.003257880
0.001808180
-0.002043600
-0.000966728
0.009521690
0.019796900
0.035266100
0.056685900
0.073702300
0.070911400
0.061757800
0.058678300
0.052946700
0.037657800
0.000541958
-0.033754600
-0.072943100
-0.103750000
-0.113174000
-0.115622000
-0.100638000
-0.073597200
-0.043529700
0.002700780
0.043042800
0.054981900
0.057470700
0.051334400
0.040369500
0.039588200
0.042021000
0.034357800
0.001424120
-0.036441300
-0.061862600
-0.079117800
-0.093584400
-0.112156000
-0.116311000
-0.096117600
-0.038868900
0.016786500
0.044446100
0.054205600
0.046879200
0.031197900
0.021169500
0.024143000
0.033138600
0.036611000
0.038450300
0.046269900
0.047720600
0.038355200
0.008195160
-0.022504500
-0.028481400
-0.019877400
0.007113190
0.029786100
0.036049200
0.030329400
-0.006721700
-0.036208500
-0.051832500
-0.066074400
-0.073197600
-0.074151900
-0.067612300
-0.053005500
-0.029672600
-0.002723740
0.024022100
0.040434400
0.043849800
0.035476100
0.029419800
0.028925600
0.029769600
0.022889200
0.006773660
-0.001259350
-0.004986940
-0.000629993
0.014147300
0.018325700
0.005185620
-0.005733950
-0.007542880
0.002245600
0.017952100
0.031452400
0.041910000
0.043334500
0.036364500
0.005278510
-0.026606100
-0.038277300
-0.043022800
-0.031474700
0.006789160
0.040074400
0.051116600
0.051723100
0.034769300
0.006350730
-0.014827900
-0.023860300
-0.026317900
-0.026242700
-0.026768400
-0.030336700
-0.028301100
-0.013854100
0.009217970
0.028413000
0.035557800
0.030922600
0.015465300
-0.008723300
-0.033397400
-0.053353000
-0.064446700
-0.066102500
-0.062485800
-0.052368700
-0.028288800
0.008200390
0.035474900
0.047884000
0.045804000
0.031410500
0.015208600
0.002609310
-0.000052103
0.003972590
0.002412780
0.000620419
-0.001902260
-0.005455140
-0.007366830
-0.008646120
-0.012582500
-0.021594400
-0.032792200
-0.034489600
-0.022196800
0.002750170
0.035265500
0.054831000
0.063109100
0.063975900
0.054512200
0.020893900
-0.016731100
-0.039341600
-0.050766700
-0.039566300
-0.006116580
0.025731700
0.046774200
0.058570300
0.058381500
0.051071000
0.025683000
-0.002266140
-0.019550200
-0.040455200
-0.057462900
-0.068852300
-0.073473100
-0.064274800
-0.048060000
-0.028676100
-0.007011430
0.012515300
0.025780300
0.032125600
0.025422000
0.000981657
-0.027162300
-0.042826600
-0.043084800
-0.037315800
-0.028090000
-0.021360100
-0.018594000
-0.017250800
-0.017764000
-0.017022600
-0.016047600
-0.016624000
-0.020575600
-0.024387400
-0.019252900
-0.006500970
0.007415790
0.022783000
0.031623200
0.039901400
0.038111200
0.020546700
0.002353850
-0.008471530
-0.012590400
-0.007573140
0.001481280
0.010267400
0.029346400
0.048505000
0.062403400
0.070087900
0.068428300
0.061009700
0.058110700
0.055581000
0.045071800
0.022456300
0.001716470
-0.008939590
-0.012516900
-0.005979810
-0.000031295
-0.010950500
-0.033820100
-0.064521200
-0.092575400
-0.104733000
-0.098432500
-0.061010900
-0.027191900
-0.013378200
-0.001240320
0.009125800
0.018379100
0.025786200
0.021196000
0.007651310
-0.001522720
-0.000614049
0.003482120
0.008892040
0.017264000
0.021510100
0.015718400
0.002906040
-0.012672600
-0.030060700
-0.042176400
-0.041926700
-0.029258500
-0.013748500
0.001080060
0.009020580
0.006987530
0.008433710
0.013310100
0.013321200
0.012963000
0.014278600
0.009934180
-0.000261943
-0.007644910
-0.010085000
-0.008028840
-0.002757700
0.002534870
0.014667600
0.028595400
0.034614200
0.042151800
0.048466400
0.046021200
0.036360600
0.022949400
0.013453900
0.014563500
0.021042200
0.016391800
0.002367570
-0.011477200
-0.021264300
-0.021083000
-0.011897200
0.004077800
0.014969100
0.014734200
0.009261620
0.003656430
0.000561456
0.003427360
0.012351000
0.020112900
0.015603200
0.000711920
-0.012068000
-0.013706400
-0.007004320
0.004012380
0.012799300
0.013619100
0.010536300
0.003259290
-0.004224800
-0.003322450
0.002663570
0.013339600
0.025781100
0.027470900
0.018390500
-0.012135400
-0.032642900
-0.031928300
-0.030822000
-0.028410100
-0.020104600
-0.000386364
0.013298600
0.016279600
0.014674700
0.012763800
0.005466340
-0.015461400
-0.036666700
-0.044257900
-0.045924100
-0.040935700
-0.028684900
-0.009173810
0.011144100
0.021114200
0.021969500
0.013827300
0.003937940
-0.006923520
-0.012901200
-0.015232400
-0.017601400
-0.013906400
-0.006449730
-0.002910860
-0.009137470
-0.017960000
-0.022522000
-0.024879700
-0.027141600
-0.022097300
-0.008965330
0.000406875
0.005346160
0.008253600
0.007407430
0.006270560
0.005878280
0.003408250
-0.002085060
-0.007727290
-0.009341550
-0.003896400
0.011313200
0.032099100
0.046330600
0.050909700
0.046159900
0.029682200
0.012007000
0.000730183
-0.004119580
-0.011454100
-0.014534100
-0.005859740
0.004088640
0.016766500
0.032333000
0.044895700
0.048980000
0.048119400
0.027644200
0.009572140
0.006555240
0.005570180
0.002941890
-0.001655000
-0.003387740
-0.011971800
-0.010667000
-0.006284890
-0.004282420
-0.006851590
-0.015413300
-0.014760300
0.008843730
0.036284000
0.046723800
0.022428600
-0.015971200
-0.026479100
-0.017680400
0.006540670
0.021211500
0.018675900
0.014296100
0.006311660
-0.010974200
-0.022468500
-0.026588200
-0.033224200
-0.036424900
-0.032183600
-0.026982600
-0.027712900
-0.033505400
-0.028109500
-0.012828900
-0.007292290
-0.011926100
-0.012517700
-0.004349550
0.006943890
0.015267100
0.011419600
-0.011359000
-0.036661200
-0.047168200
-0.043146400
-0.026695900
-0.004034620
0.025350500
0.049682500
0.066445100
0.078134200
0.079264300
0.062299600
0.040754000
0.028611800
0.015143600
0.002799440
-0.010931900
-0.027925300
-0.039691100
-0.033852800
-0.009744260
0.012004000
0.022808700
0.027522900
0.035008500
0.043481500
0.050392800
0.049761200
0.031389700
0.008050870
-0.013699900
-0.034645800
-0.045389700
-0.038812000
-0.015136000
0.010204600
0.025045300
0.020410100
-0.013309300
-0.043029400
-0.048494900
-0.035865600
-0.011529700
-0.001074040
-0.008849850
-0.018230100
-0.024035300
-0.029662000
-0.034701200
-0.043564300
-0.052317300
-0.052890000
-0.032752500
-0.007752740
0.000522091
0.001212200
-0.000043862
-0.003468450
-0.010489600
-0.011325400
-0.009358300
-0.004738180
0.000283810
-0.004675930
-0.013186300
-0.016742500
-0.012944600
-0.006394650
-0.003393320
-0.006749660
-0.007172490
-0.001450850
0.005491720
0.010956300
0.010752700
0.010147300
0.008525920
0.009088350
0.018518700
0.027525700
0.034249900
0.037945700
0.034961600
0.032696500
0.032480600
0.027714500
0.024739600
0.023474100
0.021092700
0.014555800
0.009607100
0.004533920
-0.002489500
-0.013448100
-0.029744300
-0.043981200
-0.041800200
-0.029092800
-0.014412700
0.001974840
0.006278460
0.000373901
-0.012138200
-0.014514600
0.008159160
0.043802200
0.063809700
0.061896400
0.050593900
0.030964200
-0.002111200
-0.025213000
-0.028196400
-0.018972400
-0.012723800
-0.013522300
-0.020007400
-0.041164100
-0.067786000
-0.065090100
-0.014235900
0.011011200
0.002174010
-0.000189284
0.014677300
0.037230500
0.054322700
0.058859600
0.055231500
0.042439700
0.012135500
-0.009091730
-0.029682500
-0.044467400
-0.040137600
-0.025249700
-0.022417200
-0.027569300
-0.019533800
0.001831050
0.024395400
0.040301200
0.051969900
0.051911600
0.043633200
0.039345000
0.038877700
0.029601700
0.006309840
-0.023548800
-0.043377700
-0.042948500
-0.032545700
-0.032507100
-0.037195200
-0.033647900
-0.021157200
-0.005186220
0.001226290
-0.010309100
-0.041529500
-0.055741400
-0.040482500
-0.009868470
0.016322800
0.013871500
-0.003894140
-0.008565020
-0.001770080
0.007709490
0.017635800
0.029599100
0.043764500
0.039143600
0.024179800
0.005613410
-0.014190200
-0.031144000
-0.023718800
0.006462590
0.026194100
0.036829200
0.042870300
0.042737300
0.036802500
0.026524500
0.005145920
-0.014247800
-0.014577700
-0.000462375
0.014441400
0.018590300
0.008401020
-0.000976330
-0.002968890
-0.007019810
-0.017734400
-0.034342600
-0.043924000
-0.035049500
-0.018417900
-0.001138610
0.009711590
0.014411200
0.022988800
0.027705700
0.021124100
0.002013830
-0.011057000
-0.007863010
0.001359210
0.008714840
0.012106700
0.007371250
-0.001575810
-0.006874330
-0.008290750
-0.017339800
-0.027029500
-0.028660100
-0.011510500
0.020417800
0.028839300
0.014302600
-0.001622380
-0.002856270
0.002248100
-0.010002800
-0.034969100
-0.053086100
-0.062357600
-0.055814000
-0.027412900
0.000906647
0.017339100
0.027373100
0.032601800
0.033187500
0.025933500
0.017864500
0.013937700
0.014240800
0.012619200
0.010668100
0.006219070
0.001191660
-0.001772290
-0.010560500
-0.020295200
-0.030260400
-0.036863800
-0.031799300
-0.012865000
-0.000826805
-0.000057612
-0.003871280
-0.005415460
-0.001213990
0.002116400
-0.002606120
-0.014294200
-0.025601900
-0.031285300
-0.017809000
0.005836740
0.020896100
0.025874700
0.024382500
0.020757400
0.016716200
0.003075790
-0.018411500
-0.029890600
-0.027171300
-0.002042560
0.029498900
0.042763000
0.044349000
0.043146400
0.040762600
0.031652000
0.018612200
0.004739160
-0.008241410
-0.019927600
-0.030328600
-0.037289200
-0.037567700
-0.031135700
-0.021997600
-0.016638600
-0.010197400
0.000095309
0.009974920
0.015975500
0.008953660
-0.005589620
-0.020040100
-0.028500100
-0.028726700
-0.025207800
-0.022926200
-0.016861500
0.000294748
0.017770200
0.026741000
0.028424800
0.019998400
0.011002800
0.010831300
0.014718300
0.019949700
0.022778000
0.025478700
0.027350200
0.026090300
0.021927400
0.018073600
0.016225200
0.015934200
0.013952100
0.009131370
0.002221640
-0.006634250
-0.016866100
-0.024549000
-0.026028300
-0.027616700
-0.029688600
-0.029096300
-0.020633600
-0.006244760
0.001093850
0.004797180
0.005078400
-0.001188780
-0.015017200
-0.024264900
-0.023194200
-0.018920700
-0.012847900
-0.009957580
-0.002927050
0.006253640
0.018361700
0.030538100
0.036491500
0.035114200
0.029433500
0.024257600
0.014324500
-0.002491570
-0.022121800
-0.034509100
-0.036801400
-0.031087700
-0.018684900
0.002509300
0.021093300
0.031669300
0.033529400
0.025793300
0.013571300
0.002425360
-0.001802940
-0.001444310
0.005686110
0.016770000
0.026626900
0.037341600
0.043239800
0.043705600
0.041336700
0.035630400
0.027412800
0.015796700
0.005691090
-0.002223520
-0.011079600
-0.019562400
-0.027086300
-0.032711000
-0.037778800
-0.042478400
-0.044784100
-0.043035200
-0.035850800
-0.025709400
-0.018142500
-0.013849700
-0.012808800
-0.013033600
-0.012019200
-0.011976800
-0.010768600
-0.006606440
-0.003652990
-0.003238320
-0.001670030
-0.001133990
-0.001793380
-0.002327320
-0.002444070
-0.003588990
-0.002291010
0.001552890
0.008326230
0.013377800
0.012703100
0.006248060
-0.001189240
-0.001829270
-0.000208973
0.001677540
0.003498770
0.005591330
0.006377260
0.007830270
0.009372020
0.007282570
0.001810800
-0.003161170
-0.001608200
0.004483760
0.009799510
0.013402700
0.015414700
0.015058200
0.013073800
0.010263200
0.004860780
0.000848633
0.000799182
0.005209170
0.011306200
0.016750500
0.020560700
0.020390900
0.017946500
0.016417100
0.016576700
0.018145000
0.020542500
0.020617500
0.017861000
0.013171600
0.009284880
0.007713600
0.009395100
0.011312200
0.015566200
0.021200200
0.023862900
0.021742900
0.015540800
0.007229370
-0.002141840
-0.009730090
-0.017148000
-0.022437200
-0.023549400
-0.020888700
-0.018629900
-0.017721500
-0.013564500
-0.005997520
-0.001832300
-0.003826850
-0.011422200
-0.020761800
-0.025461400
-0.028694200
-0.032550200
-0.036291000
-0.036840200
-0.031836500
-0.023913600
-0.014138300
-0.004054010
0.001202640
0.003045360
0.000594909
-0.004603420
-0.008139150
-0.008860700
-0.004239490
0.003210190
0.008645370
0.009597660
0.008933250
0.007199880
0.007708480
0.009447200
0.012648600
0.015626600
0.015961800
0.015283200
0.014736100
0.016013800
0.016040000
0.014907400
0.007907810
0.000869468
-0.004563390
-0.006432360
-0.004062220
-0.000236522
0.005469040
0.009814940
0.013668200
0.014154400
0.011872400
0.008341860
0.002733600
-0.004622930
-0.012656700
-0.017295000
-0.018494700
-0.017750400
-0.016411400
-0.013887200
-0.009333130
-0.004182380
0.000865354
0.003162160
0.001572760
-0.006151920
-0.013465500
-0.017859900
-0.022384900
-0.026798600
-0.029490600
-0.029264300
-0.025791400
-0.017631600
-0.007936660
0.003485130
0.012167200
0.016022700
0.016506000
0.012132100
0.006740230
0.004060560
0.002891520
0.001385880
-0.001556930
-0.001700850
0.000464518
0.003316350
0.005502130
0.007537980
0.008044850
0.005057210
0.000118320
-0.006380140
-0.008581340
-0.009124010
-0.010201200
-0.009511650
-0.009204630
-0.007232970
-0.000672319
0.006566640
0.011899200
0.014878700
0.011843200
0.005811990
0.000090869
-0.005229380
-0.008660590
-0.010860600
-0.011627600
-0.013786800
-0.014271200
-0.014256800
-0.012594100
-0.007952960
-0.003907490
0.000022725
-0.000284131
-0.002229100
-0.002537970
-0.002425580
-0.002534520
-0.001916190
0.001571410
0.006619620
0.011509700
0.015829700
0.019374500
0.021800300
0.022306500
0.022975900
0.023636100
0.023415100
0.023547000
0.023492300
0.026330200
0.029436500
0.028357700
0.022237000
0.011254100
0.000610765
-0.006349310
-0.010553300
-0.011266900
-0.011808100
-0.013890500
-0.014070500
-0.014187400
-0.013738100
-0.011149800
-0.007976130
-0.004320950
-0.000240414
0.003970690
0.007731990
0.008609750
0.006111330
0.002067630
-0.003149070
-0.008187250
-0.012573600
-0.016504100
-0.017579500
-0.017462600
-0.015863600
-0.012070500
-0.009263780
-0.008630660
-0.011378800
-0.015862000
-0.020364500
-0.024699800
-0.024988700
-0.021198600
-0.016954600
-0.012133200
-0.009218260
-0.004986450
0.001044660
0.008351800
0.015920100
0.024341100
0.031509500
0.032029700
0.026417600
0.009853710
-0.005599320
-0.016773400
-0.024334700
-0.028204600
-0.031329900
-0.029010300
-0.021103300
-0.006579410
0.008451390
0.021285100
0.032962200
0.041885300
0.044222200
0.040285200
0.028059700
0.015277200
0.005043740
-0.005261100
-0.013226000
-0.021389900
-0.027196500
-0.028335500
-0.021599100
-0.008608100
0.000017351
0.003410220
0.002889370
0.002081910
0.004054990
0.005742490
0.009293540
0.012561100
0.015091100
0.012928200
0.010016600
0.009017520
0.006705720
0.006761350
0.005790890
0.003468940
0.001589690
-0.000266081
-0.002567570
-0.004114250
-0.004812270
-0.004163870
-0.003533810
-0.005235450
-0.006877910
-0.007380000
-0.006747820
-0.008418790
-0.008548520
-0.005658000
-0.006423150
-0.008589760
-0.008355270
-0.004824120
-0.000561615
0.006332510
0.015693000
0.023235900
0.029404900
0.032451600
0.030239300
0.020281100
0.008417590
-0.002866560
-0.010568500
-0.014841100
-0.016923800
-0.016611400
-0.014867000
-0.012410600
-0.010732500
-0.008062870
-0.008234950
-0.005953910
-0.002445790
0.000181066
0.000533348
-0.001904050
-0.002863440
-0.006422790
-0.007766680
-0.004921410
-0.001622220
0.002789820
0.003515600
0.001740360
-0.000743759
-0.002223150
-0.002670280
-0.004583130
-0.005792160
-0.008100720
-0.010604100
-0.013659200
-0.013749200
-0.013869800
-0.013754700
-0.013927300
-0.010747000
-0.004179370
0.002301610
0.006314230
0.006638550
0.005508370
0.001474280
0.000486946
0.002150620
0.006057300
0.006538850
0.006532860
0.006461610
0.006621930
0.006240650
0.004187620
0.001899000
0.000679360
0.000751066
0.000619052
0.000521260
0.001325710
0.003565020
0.003589240
0.003569480
0.003687690
0.003576030
0.001921020
-0.000439085
-0.002091120
-0.001864020
-0.002231480
-0.001826600
-0.002527410
-0.002391890
-0.001409140
0.002114340
0.004135350
0.004011070
0.003440590
0.001105580
0.001787870
0.001704820
0.001610210
0.001316360
0.000914094
0.000579391
0.001748510
0.000662989
-0.001217710
-0.001268180
-0.000543932
0.001598580
0.001490720
0.001720140
0.001443570
0.003471170
0.004199820
0.004039210
0.003738850
0.001623290
-0.000453377
-0.003732070
-0.006475400
-0.009509760
-0.010627800
-0.009961690
-0.007357660
-0.002458070
0.001565550
0.003982990
0.003964350
0.000299184
-0.003270670
-0.005194770
-0.004811680
-0.002334250
0.000816465
0.003510550
0.006439810
0.008907260
0.009571050
0.011064500
0.010790700
0.008998960
0.008330380
0.006608890
0.006001300
0.005990530
0.005731750
0.005678430
0.005449970
0.003873550
0.001613690
-0.000176827
-0.002003130
-0.001526460
-0.000224834
0.000448691
0.001781290
0.003227070
0.003228760
0.003227860
0.002395750
0.000318560
-0.001003970
-0.002258310
-0.002883220
-0.003722640
-0.003631390
-0.002610620
-0.001081180
0.000559656
0.001663770
0.002428350
0.001706660
0.000571277
-0.000826313
-0.001510020
-0.002139580
-0.002643570
-0.003660560
-0.004049060
-0.003434580
-0.002198400
-0.000768888
0.000196785
0.000971759
0.001542370
0.002187410
0.002126210
0.002073290
0.001326080
0.001161400
0.000993483
0.000887362
0.001208930
0.001831180
0.002909810
0.003559810
0.003853480
0.003873920
0.003571970
0.003482990
0.003038820
0.002556690
0.002312270
0.001996160
0.001393980
0.000971307
0.001103210
0.000935867
0.000752336
0.000439575
-0.000136127
-0.000573005
-0.000991222
-0.001244700
-0.001421180
-0.001734590
-0.001917410
-0.001886370
-0.001662000
-0.001514130
-0.001401370
-0.001259040
-0.001218680
-0.001301620
-0.001361870
-0.001419250
-0.001611020
-0.001825360
-0.001981100
-0.001925960
-0.001840430
-0.001741920
-0.001696990
-0.001666250
-0.001559290
-0.001442630
-0.001271490
-0.001180170
-0.001103290
-0.001075920
-0.001032080
-0.001004180
-0.000995062
-0.000966354
-0.000943735
-0.000908886
-0.000864938
-0.000809805
-0.000755438
-0.000701993
-0.000658138
-0.000617183
-0.000576319
-0.000535269
-0.000497239
