0.000502735
0.000748869
0.001125480
0.001268480
0.001271610
0.001132190
0.001324890
0.001948440
0.002424330
0.002738640
0.002479600
0.001558480
0.001675400
0.002462110
0.001819610
0.000337563
-0.000093215
0.000031602
-0.000656665
-0.001586180
-0.002376780
-0.002645790
-0.001586890
0.000283716
0.002827250
0.004555800
0.004757790
0.005512900
0.005807220
0.004581880
0.003213740
0.001805650
0.000274451
0.001841410
0.009750260
0.018336200
0.020507500
0.014618400
0.001296020
-0.009372440
-0.011601600
-0.011989400
-0.009652240
-0.006215050
-0.009301180
-0.015512000
-0.018326800
-0.012779100
0.001454790
0.009743140
0.007848670
0.008757700
0.010019300
0.006719590
0.005461320
0.007369590
0.007457550
0.003095520
-0.004496040
-0.009963890
-0.010169500
-0.010280800
-0.010307600
-0.005519060
0.001873210
0.006361190
0.008350510
0.012267300
0.016116000
0.014260900
0.007998760
0.004095770
0.003760120
0.003611710
-0.000366321
-0.006738310
-0.008928080
-0.007353040
-0.003673940
0.002104880
0.007389920
0.012436900
0.018511300
0.023787800
0.026392200
0.021358800
-0.001217550
-0.025121000
-0.024551300
-0.019421600
-0.023742300
-0.016455300
0.000989950
0.014056500
0.023446300
0.027456700
0.023709900
0.005258490
-0.018393400
-0.015139900
-0.005719500
-0.019453600
-0.031576400
-0.030406800
-0.030201000
-0.031348900
-0.025654100
-0.012870500
0.000069132
0.005611350
0.004627560
0.003916440
0.012859700
0.027427400
0.029932100
0.026993500
0.025432000
0.011268000
-0.002693850
0.000718232
0.006552570
0.007843620
0.010280100
0.011750300
0.009613190
0.008659750
0.016159600
0.027165600
0.030447700
0.028818600
0.027422400
0.022127400
0.015410400
0.009983260
0.003073910
-0.003713940
-0.006994740
-0.005665420
-0.001582380
-0.000870587
-0.006911370
-0.014051400
-0.017669900
-0.019994100
-0.020299500
-0.014441200
-0.006716290
-0.004872910
-0.001984450
0.012231300
0.028482500
0.035414900
0.037448800
0.030774500
0.004278240
-0.026437000
-0.055887400
-0.100622000
-0.137638000
-0.140185000
-0.120525000
-0.098537800
-0.086045900
-0.080832900
-0.071830300
-0.058821300
-0.049709500
-0.043075700
-0.042566600
-0.050553300
-0.053838300
-0.047325000
-0.023145800
0.019573900
0.054538900
0.072447100
0.092399300
0.115125000
0.126281000
0.129294000
0.114596000
0.077322100
0.028945200
-0.008718960
-0.007194560
0.007057090
0.024750500
0.057977800
0.080879400
0.099588500
0.119562000
0.125407000
0.124873000
0.104721000
0.062145200
0.013756400
-0.050102100
-0.072896900
-0.050825700
-0.039018600
0.034216500
0.101412000
0.070533200
0.038696100
0.001122730
-0.050836100
-0.063825900
-0.052938500
-0.023906800
0.011612300
0.015453000
0.002053080
-0.007808870
-0.018614600
-0.013331400
-0.010433200
-0.037352200
-0.061143600
-0.061007200
-0.056088100
-0.039093700
-0.005538720
0.009532050
-0.003054630
-0.029992100
-0.054491100
-0.053903500
-0.039333200
-0.011409600
0.031906800
0.048470800
0.038073000
0.013706500
-0.051547200
-0.118339000
-0.117261000
-0.084370000
-0.062170100
-0.025080700
-0.003657360
-0.013310200
-0.012209000
-0.021858500
-0.053611700
-0.064154100
-0.049898300
-0.040817400
-0.040999200
-0.049419200
-0.077179200
-0.094480900
-0.082436100
-0.069689200
-0.051481000
-0.027733000
-0.019610300
-0.026073800
-0.019813200
0.013789500
0.040402600
0.056845000
0.088274000
0.112052000
0.110713000
0.106306000
0.105886000
0.097162600
0.083483100
0.075414700
0.054597500
0.010769700
-0.022554000
-0.072480300
-0.169295000
-0.209876000
-0.177014000
-0.146886000
-0.088901300
-0.026052800
-0.012522800
-0.013106400
-0.013589000
-0.016563000
-0.018189400
-0.016563900
0.012254700
0.058175300
0.090539600
0.126752000
0.153473000
0.147514000
0.132218000
0.074043800
-0.006163260
-0.026230700
-0.011383100
0.038363800
0.106336000
0.134902000
0.160081000
0.176947000
0.157645000
0.119582000
0.072154200
0.034816400
0.019410200
0.029997700
0.056256900
0.075806700
0.092317700
0.098148600
0.076793400
0.054015100
0.044730500
0.034903900
0.028836000
0.029545600
0.036511500
0.031462000
-0.000082554
-0.033647300
-0.070668300
-0.090047500
-0.071297000
-0.061272100
-0.065614300
-0.068718600
-0.091765900
-0.149804000
-0.190358000
-0.175061000
-0.166890000
-0.148795000
-0.071449800
0.021048200
0.133297000
0.207933000
0.186980000
0.189822000
0.207003000
0.145780000
0.079478600
0.040805100
-0.014300700
-0.058241700
-0.083737100
-0.116122000
-0.133076000
-0.140434000
-0.156313000
-0.162806000
-0.164206000
-0.160346000
-0.140536000
-0.119758000
-0.105900000
-0.099713700
-0.095608900
-0.078922700
-0.057940200
-0.047327500
-0.040792200
-0.029395800
-0.015533700
-0.008062480
-0.011754900
-0.003930500
0.036806800
0.079236100
0.106493000
0.136720000
0.152818000
0.152012000
0.138783000
0.098332300
0.052727700
0.008638190
-0.022938600
-0.015564400
0.009477050
0.035153800
0.047170300
0.028588300
-0.016327200
-0.069614400
-0.088414000
-0.071349600
-0.053500900
-0.037562700
-0.035995100
-0.050127400
-0.059003200
-0.058313100
-0.054394900
-0.058620500
-0.065950200
-0.062603800
-0.048740000
-0.032651500
-0.018665500
-0.013208300
-0.017401700
-0.013305800
0.006418440
0.023702400
0.025185300
0.007036170
-0.025447900
-0.062373000
-0.091277400
-0.072571500
-0.009096610
0.039478500
0.071200000
0.120520000
0.165602000
0.176922000
0.153864000
0.093965900
0.007104300
-0.067058900
-0.082835400
-0.073903000
-0.079265100
-0.063995600
-0.034451900
-0.012659800
0.010825200
0.021340200
0.017130300
0.037363600
0.079964000
0.106512000
0.127507000
0.161164000
0.189761000
0.190852000
0.147879000
0.087403400
0.050236500
0.017926000
-0.026156200
-0.057605600
-0.069433000
-0.080881200
-0.085103200
-0.074004400
-0.057156600
-0.027208400
-0.005515830
-0.013080700
-0.016416200
0.008657310
0.040711200
0.061741400
0.101664000
0.155755000
0.167585000
0.146845000
0.123389000
0.089273700
0.029711700
-0.012379700
0.012347000
0.049115300
0.074835300
0.088376600
0.083549900
0.072594800
0.015157300
-0.042204400
-0.046063200
-0.046696200
-0.050216300
-0.062445200
-0.089901100
-0.103689000
-0.114506000
-0.138081000
-0.157362000
-0.130105000
-0.062362100
-0.014364400
0.003779980
0.002572390
-0.017541800
-0.050984900
-0.087992500
-0.109556000
-0.115232000
-0.112630000
-0.081418300
-0.024776200
0.030251200
0.081101200
0.102280000
0.086973800
0.067982400
0.036225500
-0.007477850
-0.051705800
-0.123112000
-0.175172000
-0.166027000
-0.160651000
-0.127769000
-0.034317000
0.004559690
-0.015714000
-0.012443000
-0.025341900
-0.064472000
-0.061410600
-0.049479900
-0.062012500
-0.039579100
-0.001896630
-0.006781880
-0.016363500
-0.015727700
-0.032453800
-0.049090500
-0.052932600
-0.055803800
-0.063961400
-0.070728600
-0.066031800
-0.041396600
0.002620830
0.047207500
0.064063100
0.052373900
0.051572600
0.066171700
0.068796400
0.063291100
0.063461100
0.071103200
0.067005300
0.039624900
0.006006020
-0.026142500
-0.035423500
-0.008021810
0.031600500
0.059420100
0.076588400
0.093027100
0.092308700
0.077974300
0.065313100
0.051836200
0.044187600
0.041606800
0.062225800
0.102446000
0.105207000
0.086492500
0.080886000
0.060079500
0.041033100
0.046994200
0.044487000
0.027577400
0.016202100
0.008385220
-0.001951160
-0.013251400
-0.023172100
-0.038580100
-0.059295700
-0.069417700
-0.076373200
-0.078428600
-0.038382100
0.022039600
0.065421800
0.104425000
0.115278000
0.100471000
0.091430500
0.066385600
0.034039200
0.004267190
-0.039393500
-0.084198100
-0.119760000
-0.132367000
-0.130612000
-0.137614000
-0.136021000
-0.127891000
-0.111445000
-0.074744600
-0.045326100
-0.020728800
0.017688300
0.038851900
0.033995500
0.036452500
0.040250800
0.024686000
-0.003693230
-0.018437700
-0.016438200
-0.016119700
0.006699710
0.053041200
0.072400200
0.068464700
0.073115000
0.067082300
0.040592200
0.018108900
-0.008010400
-0.050449900
-0.069997400
-0.055077900
-0.041274200
-0.033027100
-0.027145600
-0.029688200
-0.032714900
-0.031140300
-0.027566900
-0.019957400
-0.009018530
-0.005044920
-0.007731330
-0.017385700
-0.053252700
-0.084229100
-0.077258200
-0.072869200
-0.074999700
-0.060837000
-0.045067300
-0.033666500
-0.016242300
0.009416050
0.034703700
0.050180400
0.055687900
0.058536800
0.056159000
0.043370600
0.025217700
0.010432200
0.003741620
0.004379070
0.011106600
0.020300000
0.024804100
0.022473300
0.012179900
-0.010407600
-0.027190000
-0.019042900
-0.003632830
0.003452500
0.000953309
-0.015007300
-0.045802200
-0.077737600
-0.085805700
-0.082262600
-0.087069300
-0.082762300
-0.073813400
-0.077286300
-0.079862000
-0.064956800
-0.040320300
-0.019561200
0.001182870
0.012686600
0.006704080
-0.000655958
-0.004947950
-0.000633487
0.026478900
0.056241300
0.063172300
0.056595300
0.034878000
-0.015971100
-0.052108800
-0.040683700
-0.023481800
-0.019925100
-0.015992200
-0.018115900
-0.031377000
-0.038136300
-0.036313800
-0.028762500
-0.001729460
0.031067800
0.052792200
0.076804500
0.100824000
0.107598000
0.111802000
0.133927000
0.159561000
0.173822000
0.178963000
0.175394000
0.163494000
0.145717000
0.127971000
0.109323000
0.088409500
0.079057500
0.077150000
0.068152600
0.061695100
0.065321700
0.077704400
0.096951500
0.111415000
0.119696000
0.121164000
0.093586400
0.050163100
0.027144900
0.006884310
-0.019749000
-0.026302300
-0.027236300
-0.037365700
-0.037349500
-0.029641000
-0.026898700
-0.024892300
-0.017515500
-0.005714550
0.004246970
0.011992100
0.026211600
0.045475000
0.053405600
0.054652200
0.066793700
0.080967600
0.084145300
0.070597300
0.039557400
0.005205390
-0.031832000
-0.059710700
-0.059109300
-0.051500000
-0.044649600
-0.032251000
-0.023313400
-0.022123800
-0.028562300
-0.041748700
-0.053377200
-0.054720100
-0.052904200
-0.045524700
-0.027564900
-0.006040440
0.009298250
0.006880010
-0.003778520
-0.008579210
-0.010966800
-0.010409300
0.001031660
0.015531900
0.021471100
0.018402200
-0.001722350
-0.031104400
-0.045318900
-0.049276300
-0.058839500
-0.066285700
-0.061439700
-0.055464900
-0.051617000
-0.039386800
-0.024150400
-0.009860930
-0.000094700
0.000408234
-0.000842521
-0.003000120
-0.006023680
-0.008700560
-0.009575350
0.001330090
0.023442400
0.040947300
0.045246600
0.044738000
0.035086200
0.009928240
-0.002884010
0.004559610
0.012412600
0.027815700
0.051641400
0.062204600
0.062559100
0.062541100
0.049323400
0.025406100
0.000861366
-0.019692800
-0.024272800
-0.022067300
-0.022699300
-0.016943200
-0.007278560
-0.000407987
0.006551670
0.010621100
0.008830610
0.009501720
0.011183000
0.008232030
0.005818020
0.005097130
0.003088800
0.000049330
0.004524050
0.018709700
0.032986200
0.048449400
0.061678800
0.059805100
0.044100200
0.029498700
0.025858700
0.028715600
0.034130600
0.040164700
0.040814800
0.037374800
0.031236400
0.023652900
0.021124600
0.024279200
0.028652100
0.031043800
0.029092600
0.015400800
-0.013316300
-0.041774100
-0.053137200
-0.054168300
-0.053435100
-0.042836500
-0.019734900
-0.000736510
0.001824560
0.001479380
-0.001143670
-0.021404400
-0.044291300
-0.049303100
-0.047734500
-0.050501200
-0.050816900
-0.052943300
-0.061943400
-0.068863100
-0.071463800
-0.073975700
-0.076403400
-0.073526100
-0.065839400
-0.055504700
-0.038721000
-0.020811000
-0.007709650
-0.003080470
-0.006667350
-0.007984260
-0.006230610
-0.008119330
-0.010551800
-0.007730490
-0.003242200
-0.001473920
0.000125495
-0.001894560
-0.010617000
-0.019207600
-0.026541100
-0.035294500
-0.044982100
-0.054185200
-0.059338600
-0.062911600
-0.065639500
-0.062216400
-0.058955700
-0.057972400
-0.052130800
-0.042428900
-0.031756300
-0.023509500
-0.019092100
-0.016750300
-0.019303600
-0.025352200
-0.029601900
-0.033508300
-0.044521700
-0.061786300
-0.069267600
-0.068399000
-0.072585300
-0.073582300
-0.067853800
-0.064600900
-0.061608100
-0.057337800
-0.054763400
-0.052413100
-0.052615900
-0.055590700
-0.056752700
-0.057305000
-0.055793000
-0.050694400
-0.045657800
-0.037699400
-0.026999300
-0.021750400
-0.021296500
-0.023466000
-0.028559400
-0.031192000
-0.030318500
-0.025459600
-0.019023100
-0.014512100
-0.013378900
-0.019968100
-0.031344400
-0.038211400
-0.037808600
-0.035817900
-0.030194500
-0.021031300
-0.013806800
-0.005768590
0.004087240
0.013832200
0.020660800
0.024553300
0.027503900
0.024411000
0.018664400
0.017724900
0.014914500
0.006097930
-0.000384291
-0.000945471
0.001091930
0.007112940
0.015693000
0.022141800
0.023339000
0.017764700
0.009164440
0.004704520
0.006031620
0.008697360
0.010711500
0.014428700
0.018315400
0.016327900
0.012584400
0.013555100
0.017317200
0.020613200
0.022167200
0.024762600
0.026480800
0.023206300
0.019859100
0.022023600
0.027675000
0.032418400
0.034611900
0.032301500
0.029621200
0.030293000
0.030568300
0.031245700
0.032526600
0.032332200
0.029688900
0.025995400
0.020973500
0.010588300
0.000755040
-0.000622884
0.001236560
-0.000817464
-0.003855330
-0.006905900
-0.011226000
-0.014267700
-0.017551000
-0.024259000
-0.032571700
-0.036897400
-0.038599600
-0.038387200
-0.033876500
-0.031417900
-0.030931900
-0.027570700
-0.023046100
-0.018365400
-0.014115900
-0.007715210
0.001888720
0.009300110
0.015813900
0.021987000
0.024225000
0.027124900
0.032120000
0.036852000
0.042062900
0.045357000
0.047114200
0.048343200
0.045677300
0.042909200
0.043595400
0.043032700
0.040534100
0.039020600
0.037932000
0.033548100
0.025990300
0.020381700
0.016207100
0.006672220
-0.009267020
-0.020517700
-0.023276500
-0.026342800
-0.027088000
-0.023194000
-0.022879000
-0.023749600
-0.021720200
-0.020472400
-0.020310500
-0.020783400
-0.020421300
-0.014391100
-0.002051490
0.007257580
0.007774000
0.003060170
-0.009639380
-0.021345000
-0.018620500
-0.011378900
-0.003839560
0.007424420
0.013179300
0.010096000
0.006303690
0.004457470
0.005559650
0.012184100
0.024350400
0.036928500
0.042446200
0.045418100
0.050246900
0.049930600
0.043332100
0.038033800
0.034918500
0.034321200
0.038039800
0.040731900
0.042248600
0.041537800
0.030906000
0.012848200
-0.003317310
-0.010167800
-0.011580700
-0.012644000
-0.006352030
0.003000060
0.006726980
0.007321240
0.006818420
0.007796840
0.013081500
0.017661900
0.020095700
0.021598300
0.011272700
-0.003308040
-0.002900120
0.002805450
0.010177200
0.028494600
0.042354000
0.042203300
0.041149400
0.041103000
0.036163100
0.029628200
0.027925400
0.026985600
0.024107800
0.026134300
0.029933700
0.031208700
0.032954500
0.032887600
0.030176200
0.027905600
0.025638900
0.025366500
0.028015000
0.028186200
0.024176800
0.020395200
0.018063200
0.017339500
0.018993900
0.019526100
0.018292100
0.016892000
0.016207300
0.017006700
0.017555200
0.016839200
0.014557600
0.011492700
0.009189270
0.007931990
0.007313940
0.006231650
0.004635380
0.002412780
-0.001761870
-0.006049870
-0.007829620
-0.009779680
-0.009928900
-0.005345360
-0.000488145
0.005971960
0.014766700
0.019402800
0.020919700
0.022075200
0.020091800
0.018201200
0.017488100
0.015581100
0.019333000
0.027622000
0.030342100
0.032447500
0.035434500
0.031790100
0.025204900
0.017329400
0.009517700
0.005849600
0.002023650
-0.001901190
-0.002411030
-0.003399420
-0.008050300
-0.014005500
-0.016382400
-0.016263500
-0.018614700
-0.021221400
-0.021712800
-0.022758300
-0.023343700
-0.020658800
-0.017804500
-0.016629400
-0.014273600
-0.010894500
-0.009019820
-0.009121400
-0.008409080
-0.003737430
0.000519114
0.000472746
0.001776400
0.004916300
0.005556230
0.005649230
0.006455410
0.005250150
0.002799670
0.001770810
0.000886290
-0.000832156
-0.000216070
0.003654560
0.006864930
0.009501390
0.012799200
0.014412500
0.015686100
0.015718600
0.011978000
0.009700070
0.009306850
0.007100220
0.007204060
0.010245800
0.011937300
0.013942400
0.015628900
0.014764900
0.015265500
0.016242100
0.013502700
0.010148100
0.008615860
0.006374970
0.003540480
0.001237860
-0.001293190
-0.003812140
-0.006525020
-0.012551600
-0.022119100
-0.029098000
-0.033048900
-0.036019500
-0.035588300
-0.035471000
-0.037452500
-0.038488600
-0.039616700
-0.040279400
-0.037526000
-0.033677300
-0.029905000
-0.023500300
-0.020102800
-0.019926200
-0.017506000
-0.018331000
-0.021662600
-0.022025200
-0.020412700
-0.017220600
-0.013870900
-0.012435300
-0.013208200
-0.014251000
-0.011602700
-0.003885000
0.002730550
0.006504930
0.010045800
0.005094880
-0.004235610
-0.006795680
-0.012677900
-0.021417400
-0.022162300
-0.022928500
-0.027084800
-0.028756800
-0.030323100
-0.030677900
-0.027189900
-0.025721200
-0.022950400
-0.013048500
-0.004832350
-0.003306690
-0.004250520
-0.006005490
-0.008180610
-0.011554900
-0.016072400
-0.016942900
-0.016457200
-0.018884200
-0.020220500
-0.020753100
-0.021662600
-0.019928200
-0.016439400
-0.011719800
-0.007320360
-0.005092070
-0.002974910
-0.005606170
-0.013164700
-0.017381900
-0.019500600
-0.020552300
-0.016172300
-0.010408000
-0.009476940
-0.010534700
-0.011504900
-0.014738900
-0.018745500
-0.021074400
-0.020132600
-0.012994500
-0.002758310
0.001543580
0.001057710
0.000258763
-0.005748480
-0.013738400
-0.015044300
-0.014593600
-0.015685200
-0.014522000
-0.014534400
-0.016551600
-0.016051800
-0.013907600
-0.012994500
-0.012587600
-0.011810600
-0.012243600
-0.013514000
-0.013647400
-0.011942600
-0.009247430
-0.006858620
-0.005468890
-0.007188900
-0.010210800
-0.012212800
-0.016588900
-0.023886400
-0.030108400
-0.032390800
-0.030857200
-0.025579100
-0.020002700
-0.019318700
-0.022303600
-0.025960300
-0.028406100
-0.029276500
-0.028637600
-0.025613000
-0.019616300
-0.011715700
-0.006906800
-0.001978520
0.004532150
0.003338960
-0.002582550
-0.006081190
-0.009359590
-0.013373900
-0.014968100
-0.011213600
-0.002728250
0.005827910
0.011280000
0.015600400
0.018832300
0.018512900
0.017512900
0.018746500
0.020383300
0.019840200
0.016938100
0.013099200
0.006629850
-0.002263950
-0.007279330
-0.008097810
-0.008881150
-0.007824310
-0.005451780
-0.003581990
-0.001440950
-0.001324480
-0.002348000
-0.001693860
-0.001610500
-0.003944720
-0.006076840
-0.006348410
-0.006701090
-0.006301520
-0.004629580
-0.004014380
-0.001617650
0.003933370
0.007216200
0.008475870
0.011062900
0.012873700
0.014060100
0.017689800
0.022529600
0.025489500
0.027448600
0.028855500
0.028738800
0.031255200
0.036409500
0.038443600
0.038916400
0.037600300
0.031695800
0.025851300
0.023218800
0.021746900
0.022464000
0.026151100
0.028035800
0.028262600
0.027256100
0.024156600
0.022675400
0.021667600
0.019165200
0.017814000
0.018161700
0.017965200
0.017137600
0.016685300
0.017272700
0.019316600
0.021375400
0.023501700
0.024407500
0.021884400
0.019767300
0.019256200
0.017229800
0.014789700
0.014704300
0.017070000
0.019151100
0.020688800
0.023421400
0.026552700
0.028206000
0.025238000
0.017862500
0.009108830
0.002930750
0.001698320
-0.001174930
-0.005629320
-0.003619620
0.000145116
0.002659450
0.008289720
0.011473100
0.012522500
0.015941700
0.014909100
0.010939600
0.009644850
0.004835390
-0.001913310
-0.003077190
-0.002361690
-0.003527790
-0.004771840
-0.005022180
-0.004520540
-0.002428120
0.000455753
0.002267760
0.004711300
0.005046120
0.000564120
-0.006940350
-0.016387900
-0.021732400
-0.024314100
-0.028922300
-0.031873400
-0.031634900
-0.028951500
-0.026313200
-0.024015600
-0.022071100
-0.022861100
-0.023709700
-0.022422600
-0.020509900
-0.018624100
-0.018674100
-0.022308600
-0.025509200
-0.026721300
-0.028949200
-0.026865600
-0.018871600
-0.013088800
-0.009256430
-0.005070060
-0.002221090
-0.002261980
-0.004718220
-0.006152780
-0.007784310
-0.009783730
-0.008900760
-0.007733980
-0.008044620
-0.008059780
-0.009047420
-0.010920200
-0.011880000
-0.010917000
-0.006725370
0.005128680
0.022166200
0.027077800
0.024621200
0.026531100
0.019834300
0.005994860
0.001046250
0.002853480
0.002573560
0.004079950
0.006434720
0.006383090
0.008103980
0.011123000
0.014179900
0.016940700
0.018867100
0.021031500
0.023182600
0.024531200
0.025766500
0.024768400
0.020844300
0.016699100
0.012203100
0.007983210
0.004293800
0.002931120
0.005332340
0.006597930
0.005162640
0.002072960
-0.001131620
-0.002332690
-0.003688870
-0.006136580
-0.007872800
-0.009140160
-0.010709600
-0.011996100
-0.014654900
-0.020645600
-0.025886500
-0.027277900
-0.027985000
-0.028876500
-0.027120200
-0.022470000
-0.015199800
-0.003527740
0.009208520
0.015667500
0.014586100
0.009414110
0.003248030
-0.000099810
-0.000124628
0.001170660
0.004268500
0.004996640
0.000191364
-0.005086170
-0.008795380
-0.009631290
-0.006705580
-0.004724290
-0.002014910
0.002645940
0.004156450
0.004490070
0.007303980
0.011875200
0.014987700
0.014647400
0.013418100
0.010790000
0.003127660
-0.003419200
-0.003797270
-0.004066020
-0.002335010
0.003795290
0.006973680
0.005266620
0.002674400
0.000872466
0.000004291
-0.000015921
-0.000860866
-0.002711810
-0.001572870
0.003131700
0.006778560
0.009653250
0.012804900
0.014049700
0.016674700
0.022196700
0.025158900
0.027742600
0.032726700
0.033459000
0.030665100
0.030312300
0.029915500
0.027388400
0.024317700
0.020821800
0.019023400
0.018910500
0.017797600
0.017226600
0.014641300
0.007719550
0.003443210
0.002826150
0.004132940
0.008877570
0.015811000
0.021221200
0.022961900
0.024168300
0.023502400
0.018565200
0.014234200
0.015355500
0.017531000
0.016475700
0.014657600
0.012323900
0.009771130
0.007360970
0.005697670
0.006072500
0.006681560
0.006329870
0.005183920
0.002318600
-0.001284090
-0.003953110
-0.005348910
-0.005171820
-0.004390920
-0.004865250
-0.006644190
-0.008006280
-0.009205440
-0.010322600
-0.010400900
-0.010762400
-0.012218800
-0.015170200
-0.018924000
-0.021847800
-0.022919100
-0.020781500
-0.017235300
-0.013181300
-0.009361540
-0.008059850
-0.008153100
-0.008556260
-0.009324450
-0.012357300
-0.015665800
-0.015970400
-0.015491000
-0.014357100
-0.012893800
-0.011467000
-0.010498800
-0.012932800
-0.016498800
-0.019555700
-0.023364000
-0.025466900
-0.026478400
-0.028364100
-0.029834400
-0.028627400
-0.024972200
-0.022699700
-0.020999900
-0.016487200
-0.011556500
-0.009092510
-0.006774410
-0.004374220
-0.003881030
-0.003153770
-0.001317670
-0.000022722
0.000502270
0.000079360
-0.001652780
-0.005066340
-0.009219150
-0.011145200
-0.014908100
-0.025613600
-0.032088400
-0.028608500
-0.027101400
-0.025533700
-0.019283200
-0.018866100
-0.021845100
-0.019726300
-0.014034500
-0.007459410
-0.002619950
0.001327660
0.004614690
0.004629960
0.003118550
0.001695010
0.001491690
0.004914360
0.008208940
0.009463950
0.011861200
0.013020700
0.012099100
0.012301400
0.012651300
0.012079400
0.011595600
0.011287100
0.011134200
0.010774700
0.009878320
0.008931950
0.009962340
0.013071700
0.015106000
0.017077500
0.020804100
0.020958900
0.016583300
0.012793700
0.007203310
0.002208120
0.002680450
0.002311520
-0.000117841
-0.000738273
-0.001087610
-0.001830570
0.000403419
0.005003330
0.009603040
0.013868600
0.015864200
0.012850900
0.004566040
-0.001401380
-0.003443180
-0.005035640
-0.005361360
-0.006621180
-0.009061080
-0.011190400
-0.012133300
-0.011818700
-0.011105700
-0.009675860
-0.008059500
-0.007052630
-0.006850490
-0.007140160
-0.007821820
-0.008519100
-0.008117760
-0.007509890
-0.007429620
-0.007641630
-0.008985570
-0.010657300
-0.011957200
-0.012392800
-0.010747000
-0.009546760
-0.006530150
0.001910780
0.008374610
0.009800890
0.011085000
0.011736800
0.010213500
0.008966770
0.007591150
0.004943120
0.003031590
0.001793210
0.001308340
0.002171730
0.002736570
0.002625740
0.002503970
0.002369960
0.002751220
0.005408290
0.009577120
0.012683300
0.014256600
0.013987100
0.013286100
0.014042500
0.015490900
0.016451000
0.016882600
0.017168800
0.017165800
0.017076600
0.016615100
0.015232300
0.011712600
0.005726140
0.001848830
0.001417280
0.002224250
0.005003650
0.007287810
0.007290690
0.008415140
0.010428300
0.010797300
0.010714600
0.010998400
0.010532000
0.009571560
0.008521360
0.007381140
0.007921570
0.009640660
0.009559900
0.006569460
0.001575350
-0.004869280
-0.009696320
-0.008910880
-0.006614950
-0.005828760
-0.005214080
-0.005819080
-0.006493010
-0.004598770
-0.002185190
-0.000737279
0.000523545
-0.000032766
-0.001337850
-0.001983790
-0.004423210
-0.008782270
-0.012959900
-0.016168700
-0.017908100
-0.016648800
-0.013532700
-0.011252900
-0.007828170
-0.003694730
-0.002908580
-0.004876220
-0.006716490
-0.009161840
-0.011793500
-0.010585500
-0.007142200
-0.005659010
-0.004690530
-0.002789010
-0.001399190
-0.000792431
-0.000845704
-0.001735570
-0.002845780
-0.003563450
-0.003439720
-0.001733530
0.000334454
0.000984865
0.001135660
0.000225201
-0.001834070
-0.003226160
-0.004876550
-0.006959910
-0.008418130
-0.008866500
-0.007374660
-0.005222860
-0.004081660
-0.005095360
-0.008704540
-0.011280500
-0.011412900
-0.009078080
-0.006224190
-0.005824010
-0.007262930
-0.011657900
-0.015474400
-0.015789000
-0.016253600
-0.015980400
-0.013141200
-0.010720100
-0.009902290
-0.008737170
-0.008634940
-0.010319300
-0.011038900
-0.011128900
-0.011280100
-0.011263100
-0.012107000
-0.013709300
-0.015316000
-0.015947500
-0.014332700
-0.011999200
-0.010342300
-0.007782820
-0.005794450
-0.006594070
-0.008211470
-0.009591900
-0.010447600
-0.008500370
-0.004919160
-0.002504360
-0.001641320
-0.002431560
-0.003742950
-0.004798030
-0.007395810
-0.010734600
-0.011764800
-0.010983500
-0.008478060
-0.004188010
-0.001542070
-0.000943528
-0.001029190
-0.002470570
-0.004542100
-0.004817730
-0.001677160
0.001524460
0.003509700
0.007782240
0.012214800
0.013640700
0.013658400
0.013184900
0.011468800
0.007690680
0.003561430
0.001374550
-0.000493122
-0.002543580
-0.003873300
-0.004679140
-0.002323160
0.003414800
0.007747320
0.012144400
0.017728900
0.019073700
0.017690700
0.018347400
0.020028900
0.021510000
0.022818400
0.023976600
0.024899700
0.024559800
0.023462100
0.021828700
0.017555200
0.012253500
0.009993700
0.009397200
0.009341620
0.010895900
0.013315100
0.015154800
0.015061800
0.015577400
0.017868000
0.019281700
0.021446100
0.024809500
0.025510600
0.024032400
0.021961200
0.018893400
0.015655400
0.013602300
0.013391000
0.014084200
0.014493000
0.013959100
0.010891900
0.005887300
0.001875150
-0.001664190
-0.005391290
-0.007637610
-0.008523600
-0.008769700
-0.006081930
-0.000784584
0.003113690
0.004944210
0.005241980
0.005578110
0.006773530
0.007273110
0.007072610
0.004972440
0.001319550
-0.001069980
-0.003639990
-0.007313660
-0.010325800
-0.012640800
-0.014362400
-0.013905100
-0.011467700
-0.010225700
-0.010429500
-0.010335600
-0.010269400
-0.009414730
-0.005537430
-0.001018320
0.001800460
0.004232410
0.004552630
0.002716550
0.000997704
-0.000186470
0.000317998
0.001355100
0.001290630
0.001647080
0.001966830
0.000125389
-0.004141300
-0.008560100
-0.010813000
-0.012513600
-0.014423000
-0.015066300
-0.014388300
-0.013282100
-0.011869500
-0.009101520
-0.006323840
-0.005317080
-0.004689600
-0.003511580
-0.000533691
0.004332880
0.007415780
0.007629670
0.005329750
0.001643720
-0.002172630
-0.004489630
-0.002267720
0.000420304
0.001101340
0.003228400
0.005498550
0.005991960
0.005620840
0.004524480
0.001523970
-0.001726940
-0.001874200
-0.000210317
0.001131940
0.002888300
0.004702220
0.004759060
0.003851130
0.003837900
0.003818740
0.002984530
0.003731240
0.007240940
0.011507000
0.013462100
0.010042900
0.004508780
-0.001609050
-0.009025010
-0.011164700
-0.009524120
-0.009461440
-0.008730050
-0.006462660
-0.004880910
-0.006588880
-0.009096210
-0.009322790
-0.008958320
-0.008020170
-0.006963610
-0.006338680
-0.005883410
-0.006250890
-0.006701830
-0.007385910
-0.008526340
-0.009384200
-0.010132200
-0.011421600
-0.013664600
-0.015440800
-0.013745400
-0.008301670
-0.000312433
0.006803690
0.006198670
0.001167440
-0.000391402
-0.002433370
-0.006569740
-0.007371880
-0.007555940
-0.009742610
-0.010390100
-0.009653670
-0.009312970
-0.009173060
-0.009691780
-0.010595400
-0.009370170
-0.006251450
-0.003394410
0.000513928
0.003707560
0.003250320
0.002842100
0.003669090
0.003987510
0.005351910
0.007194320
0.008738080
0.011451400
0.013168100
0.013139700
0.014255900
0.015904100
0.015598300
0.013076700
0.008558000
0.002943010
-0.000991326
-0.003724140
-0.005503640
-0.004456460
-0.002400270
-0.000850528
0.000044349
-0.000560585
-0.001961090
-0.002797970
-0.000281869
0.005603470
0.009795360
0.012660100
0.013600600
0.010779100
0.008512230
0.007035870
0.005361630
0.004326880
0.003102000
0.001370400
-0.000514521
-0.001970680
-0.001371970
0.001782580
0.005020960
0.008514660
0.012641100
0.015655100
0.017312400
0.016685700
0.014281700
0.012161900
0.009763630
0.007319280
0.005960990
0.004771310
0.003413400
0.001513480
-0.000524846
-0.001507220
-0.001199630
0.000145999
0.001198190
0.002525950
0.003952980
0.003056360
0.001771090
0.001229120
-0.001028950
-0.002456740
-0.001728390
-0.002146890
-0.002775200
-0.002994680
-0.004740760
-0.006590850
-0.007139340
-0.006102100
-0.003341950
-0.000919989
0.000137268
0.000554266
0.000480671
-0.000188392
-0.000998595
-0.001754350
-0.002025760
-0.001311970
-0.000875588
-0.001504400
-0.002922930
-0.005493860
-0.008257100
-0.009271940
-0.009805050
-0.011161200
-0.011814200
-0.011441500
-0.010779200
-0.009829280
-0.007940420
-0.005426600
-0.004608710
-0.005339820
-0.006417700
-0.008526240
-0.009551860
-0.008577700
-0.007956680
-0.006829550
-0.005137780
-0.005208060
-0.005042030
-0.003117540
-0.002117420
-0.001864010
-0.001234820
-0.002345420
-0.004412370
-0.004749190
-0.003707880
-0.001643820
0.001895760
0.005488260
0.006872060
0.007071960
0.007431860
0.007551620
0.007702320
0.008257370
0.009518680
0.011231900
0.012867600
0.013014800
0.011388900
0.009103860
0.004688550
-0.000460205
-0.002140570
-0.002211080
-0.003067050
-0.002855210
-0.001264930
0.000343957
0.001902360
0.003858530
0.005604010
0.006835200
0.007764590
0.008198400
0.007985940
0.007421510
0.006981680
0.006401010
0.005492610
0.004411290
0.003081470
0.001345860
-0.000468567
-0.001998250
-0.003913220
-0.006352830
-0.008521550
-0.010246200
-0.011014100
-0.010907200
-0.011202100
-0.011418000
-0.010759800
-0.009499980
-0.007877840
-0.006211300
-0.004252240
-0.002056170
-0.001151700
-0.002046690
-0.002726850
-0.002478130
-0.002558310
-0.002060650
0.000074350
0.002135010
0.003669630
0.004855770
0.003950920
0.001718000
-0.000127386
-0.001274730
-0.000488457
0.001187680
0.002042610
0.002932000
0.003450390
0.002072420
-0.000061516
-0.000646934
0.000080570
0.000495734
0.000346490
-0.000009450
-0.000784687
-0.001942060
-0.003252390
-0.004213290
-0.004488650
-0.004081530
-0.003080100
-0.002180850
-0.001418420
-0.000676104
-0.002024180
-0.004834820
-0.005799190
-0.006182070
-0.005358120
-0.001409710
0.002972340
0.007065950
0.008392970
0.005196800
0.002744670
0.001670300
-0.000365452
-0.001686850
-0.002344160
-0.002546520
-0.001847410
-0.001273330
-0.000371627
0.001003830
0.001555110
0.001471590
0.002076830
0.003840290
0.005674130
0.006944730
0.007955310
0.008214080
0.007969960
0.008417090
0.009283840
0.009519290
0.008572850
0.006480550
0.004874740
0.004142180
0.003093780
0.002281800
0.001640700
0.000010679
-0.001988300
-0.003387390
-0.004796810
-0.006603590
-0.008426010
-0.010058900
-0.011579500
-0.012979100
-0.012490500
-0.010063000
-0.008563380
-0.006610150
-0.003339080
-0.001911290
-0.001677710
-0.002318280
-0.004683650
-0.007411510
-0.010164200
-0.011656900
-0.011271300
-0.010861500
-0.010943300
-0.010411100
-0.009581110
-0.009211320
-0.008164390
-0.006241380
-0.004633020
-0.004566470
-0.006023510
-0.006860210
-0.006367620
-0.004818160
-0.002813410
-0.000702806
0.002305800
0.003159640
0.001004540
0.000369348
0.000245842
-0.001452010
-0.002078370
-0.001341050
-0.000482565
0.000370903
0.000881926
0.001094100
0.000632859
-0.000406338
-0.001313370
-0.002316440
-0.003090310
-0.003544370
-0.003992850
-0.004020890
-0.004445440
-0.006648910
-0.009263830
-0.011270400
-0.011052000
-0.006212760
-0.001592050
0.001508050
0.006629240
0.008881310
0.007483610
0.007610500
0.007313620
0.004843850
0.001890190
-0.001861830
-0.002148910
0.002811690
0.005529320
0.007431030
0.012271400
0.013865200
0.012131900
0.011887900
0.012694900
0.014428300
0.016349800
0.017162500
0.016960100
0.014793100
0.012353100
0.010136000
0.006873840
0.004696450
0.003367040
0.001837430
0.001535650
0.002376560
0.002619310
0.002751500
0.003110090
0.001520290
-0.001314240
-0.002575720
-0.002802440
-0.003012990
-0.002768650
-0.001465090
0.000599287
0.002372600
0.004218130
0.006445510
0.008597710
0.010691800
0.011843900
0.010924400
0.009073930
0.007863970
0.006323210
0.003344020
0.000216269
-0.002600600
-0.005205020
-0.006548390
-0.006959730
-0.006250430
-0.004563860
-0.003335910
-0.001237890
0.002056680
0.004276380
0.005126500
0.004631430
0.002988280
0.001938040
0.000991405
-0.000423905
-0.000178411
0.001011290
0.001131670
0.001455010
0.001591410
0.000602782
-0.000057002
-0.001631860
-0.004291370
-0.005297330
-0.005821100
-0.007073600
-0.007350630
-0.006944460
-0.006157490
-0.004417070
-0.003064840
-0.002209500
-0.001167890
-0.000664949
-0.000647962
-0.000475021
0.000098012
0.000480047
0.000427249
-0.000454141
-0.002848290
-0.004877610
-0.006164270
-0.007847870
-0.008413220
-0.008152320
-0.008477150
-0.008539810
-0.008339230
-0.008342640
-0.007347740
-0.005283450
-0.003893900
-0.002840390
-0.000883597
0.000545101
0.000315839
-0.000036465
-0.000010648
-0.000343016
0.000108356
0.001638720
0.002296060
0.002469380
0.002517790
0.000851242
-0.001626790
-0.004465940
-0.007325240
-0.008246600
-0.007384390
-0.005823780
-0.004651230
-0.003587370
-0.001535450
0.000094370
-0.000162089
-0.000708433
-0.000464281
-0.000292243
0.000744089
0.002364660
0.003395470
0.005052270
0.006445640
0.006574520
0.006738260
0.006848210
0.006717630
0.006681220
0.006639670
0.006189090
0.004889660
0.003581880
0.002712410
0.001765160
0.001091250
0.000123838
-0.001860590
-0.003558310
-0.004220850
-0.004280030
-0.003587620
-0.002474200
-0.001563180
-0.000556126
0.000198024
0.000507626
0.000679868
0.000669995
0.001482880
0.003431760
0.004635320
0.004171880
0.003441740
0.002752030
0.001051570
-0.000132301
0.000027687
-0.000086558
-0.000229601
-0.000110569
-0.000135267
-0.000096531
0.000010776
0.000363213
0.001044750
0.001657580
0.001736770
0.001568120
0.001680950
0.002132980
0.003087040
0.003962260
0.004221100
0.004472170
0.004364280
0.003597750
0.003029210
0.002353840
0.001531830
0.001373200
0.001791190
0.002230960
0.002360420
0.002502080
0.002792010
0.003179860
0.003744940
0.004169150
0.004544710
0.005136620
0.005453880
0.005205990
0.004799250
0.004455140
0.003955370
0.003230570
0.002576960
0.002036080
0.001245120
0.000400448
-0.000056315
-0.000508953
-0.001053700
-0.001338850
-0.001520880
-0.001621730
-0.001586070
-0.001625550
-0.001749820
-0.001856600
-0.002014790
-0.002077420
-0.001851320
-0.001607700
-0.001492610
-0.001502870
-0.001730000
-0.001966630
-0.002079450
-0.002073910
-0.001941640
-0.001771330
-0.001539660
-0.001357240
-0.001322040
-0.001270580
-0.001150860
-0.001030780
-0.000935635
-0.000868449
-0.000867883
-0.000945494
-0.000997370
-0.000994223
-0.001040340
-0.001111130
-0.001055020
-0.000878045
-0.000719039
-0.000567821
-0.000538577
-0.000698826
-0.000737234
-0.000665289
-0.000681762
-0.000712003
-0.000713841
-0.000712543
-0.000724191
-0.000766664
-0.000808037
-0.000827255
-0.000837186
-0.000828068
-0.000809487
-0.000815621
-0.000835458
-0.000834159
-0.000813813
-0.000776460
-0.000717094
-0.000641391
-0.000599539
-0.000623578
-0.000644740
-0.000638931
-0.000636645
-0.000638310
-0.000638320
-0.000624958
-0.000600334
-0.000579979
-0.000555554
-0.000512364
-0.000451786
-0.000385882
-0.000328059
-0.000280180
-0.000238760
-0.000204157
-0.000175340
-0.000149558
-0.000125701
-0.000102959
-0.000080685
-0.000058366
-0.000035449
-0.000010966
