-0.000943443
-0.001422390
-0.001991120
-0.001904290
-0.001864850
-0.001825040
-0.001786670
-0.001748760
-0.001710560
-0.001673530
-0.001638430
-0.001606090
-0.001577650
-0.001553880
-0.001535270
-0.001521860
-0.001512280
-0.001504260
-0.001495610
-0.001486720
-0.001477670
-0.001468050
-0.001461050
-0.001458040
-0.001456760
-0.001454330
-0.001448200
-0.001437780
-0.001421340
-0.001396560
-0.001362560
-0.001319390
-0.001267970
-0.001205490
-0.001130020
-0.001047700
-0.000969590
-0.000902658
-0.000846603
-0.000800354
-0.000762275
-0.000730262
-0.000705219
-0.000690069
-0.000689089
-0.000706019
-0.000741931
-0.000798855
-0.000879650
-0.000979868
-0.001085590
-0.001179290
-0.001249570
-0.001295590
-0.001323760
-0.001342370
-0.001353790
-0.001355280
-0.001339670
-0.001296280
-0.001210670
-0.001065500
-0.000859084
-0.000611009
-0.000351988
-0.000117870
0.000069119
0.000211479
0.000319744
0.000399890
0.000454751
0.000485583
0.000485612
0.000436918
0.000334112
0.000187458
0.000000628
-0.000219794
-0.000453682
-0.000681839
-0.000903562
-0.001133190
-0.001378930
-0.001639490
-0.001901160
-0.002150790
-0.002410090
-0.002698780
-0.002996260
-0.003262110
-0.003438010
-0.003464440
-0.003288290
-0.002846020
-0.002112120
-0.001147350
-0.000086105
0.000916019
0.001778130
0.002532580
0.003230190
0.003866640
0.004398010
0.004772430
0.004957170
0.004935110
0.004706130
0.004305530
0.003765810
0.003065560
0.002134800
0.000955097
-0.000294867
-0.001327510
-0.001987150
-0.002326870
-0.002486760
-0.002550710
-0.002531530
-0.002416680
-0.002215460
-0.001990570
-0.001817900
-0.001717600
-0.001640120
-0.001504270
-0.001236510
-0.000775536
-0.000084499
0.000829680
0.001865060
0.002832150
0.003547660
0.003913950
0.003964330
0.003772610
0.003412990
0.002979170
0.002508700
0.001981810
0.001342320
0.000533466
-0.000408475
-0.001394590
-0.002330700
-0.003101670
-0.003623560
-0.003881890
-0.003866490
-0.003507950
-0.002667990
-0.001118850
0.001264290
0.004072310
0.006436620
0.007776160
0.008116930
0.007815000
0.007276550
0.006775040
0.006395790
0.006080070
0.005689510
0.005058240
0.004061880
0.002660020
0.001008570
-0.000530164
-0.001623130
-0.002146420
-0.002186730
-0.001896140
-0.001428580
-0.000961762
-0.000677697
-0.000696844
-0.001029090
-0.001595230
-0.002248520
-0.002778190
-0.003001950
-0.002784680
-0.001944970
-0.000399164
0.001739470
0.004087300
0.006011830
0.006950150
0.006549190
0.004589960
0.001141740
-0.003043490
-0.006717550
-0.009029860
-0.010054500
-0.010484200
-0.010951200
-0.011675700
-0.012566200
-0.013417100
-0.014084600
-0.014480500
-0.014453600
-0.013388200
-0.010274900
-0.004824610
0.002052140
0.009123940
0.015775800
0.021696100
0.026219300
0.028828200
0.029636200
0.029061400
0.027555500
0.025555900
0.023459600
0.021404100
0.019103100
0.015863500
0.010988700
0.004849070
-0.000941870
-0.004928010
-0.006950360
-0.007828550
-0.008350940
-0.008759810
-0.008921320
-0.008692890
-0.008079110
-0.007248790
-0.006398190
-0.005543890
-0.004547590
-0.003349800
-0.002110430
-0.001082300
-0.000531295
-0.000596342
-0.001219470
-0.002277350
-0.003567890
-0.004772310
-0.005490090
-0.005371550
-0.004270710
-0.002237740
0.000779595
0.005041850
0.010576200
0.016667100
0.021740500
0.024148600
0.022708300
0.016804700
0.007515910
-0.001882570
-0.007978810
-0.009900580
-0.009316470
-0.008355320
-0.008212700
-0.008959060
-0.009946650
-0.010517400
-0.010384900
-0.009540270
-0.008059680
-0.006057410
-0.003707800
-0.001252850
0.000860292
0.001980030
0.001516150
-0.000979270
-0.005847440
-0.012455200
-0.018796400
-0.023086500
-0.025029000
-0.025296600
-0.024616000
-0.023403100
-0.021680900
-0.019355200
-0.016605200
-0.013773000
-0.011070200
-0.008297830
-0.004523490
0.001555020
0.009800620
0.017828500
0.023306400
0.025963700
0.027046500
0.027906500
0.029124300
0.030358800
0.030785000
0.029706500
0.026804800
0.022242900
0.016892400
0.012166100
0.009087590
0.007615920
0.006991790
0.006451410
0.005479330
0.003934180
0.002149270
0.000625935
-0.000165749
0.000156142
0.001647300
0.004056640
0.007143960
0.010649900
0.014296900
0.018031100
0.021873200
0.025578800
0.028549200
0.029869700
0.028295500
0.022962700
0.015148300
0.008135600
0.004164340
0.002746860
0.002035600
0.000500637
-0.002290040
-0.005681590
-0.008729680
-0.011089400
-0.013196300
-0.015654900
-0.018604500
-0.021694700
-0.024414200
-0.026330400
-0.027252700
-0.027080300
-0.025315200
-0.020630500
-0.011810400
0.000493859
0.014095800
0.026831700
0.037315100
0.045006600
0.049848900
0.051270900
0.047569500
0.037692300
0.023262400
0.007810760
-0.004708380
-0.011445100
-0.012671300
-0.011231500
-0.010136700
-0.011437700
-0.015846200
-0.022289100
-0.028378000
-0.032015400
-0.032641000
-0.031126300
-0.028674400
-0.025798800
-0.021676500
-0.014117800
-0.001831250
0.012381700
0.022849400
0.025909600
0.021532600
0.011812300
0.000278869
-0.009070050
-0.014160100
-0.016019600
-0.017109300
-0.018959100
-0.021408900
-0.023471000
-0.024354600
-0.023885200
-0.022382800
-0.020130200
-0.017161800
-0.013491600
-0.009307340
-0.005029430
-0.001049820
0.002728110
0.006874170
0.011878200
0.017585700
0.023056200
0.027236000
0.029798400
0.031226800
0.032322700
0.033633700
0.035180700
0.036545300
0.037179100
0.036652300
0.034759600
0.031579100
0.027065700
0.020872400
0.013133300
0.005117700
-0.001357550
-0.005413450
-0.007566960
-0.008705470
-0.009269620
-0.009199760
-0.008488320
-0.007567720
-0.006953310
-0.006872610
-0.007001930
-0.006766120
-0.006063670
-0.005483980
-0.005732100
-0.006899680
-0.008487750
-0.009617710
-0.009229210
-0.006647230
-0.002137340
0.002919840
0.006583060
0.007439490
0.005364020
0.001354460
-0.003348760
-0.007851910
-0.011792800
-0.015332700
-0.018659500
-0.021672100
-0.024048000
-0.025256400
-0.024387400
-0.019502400
-0.008719460
0.006072610
0.019038200
0.025763900
0.026644800
0.024876400
0.022985500
0.021579700
0.020063100
0.017397000
0.012337800
0.003683970
-0.007733860
-0.018108500
-0.024098300
-0.025837500
-0.025841400
-0.026388800
-0.028332200
-0.031488700
-0.035218900
-0.038800900
-0.041902700
-0.044373400
-0.045740500
-0.045132200
-0.041039900
-0.032211300
-0.019330000
-0.004694660
0.009672620
0.022330400
0.031599900
0.036365800
0.037062500
0.034873400
0.030742000
0.025927000
0.022353400
0.021464400
0.023968200
0.030392100
0.040245200
0.050594000
0.056816300
0.055074000
0.044237600
0.026942600
0.007862770
-0.008607210
-0.018892200
-0.022024300
-0.020148200
-0.015945400
-0.010903000
-0.005472760
0.000122877
0.005279230
0.008921520
0.009891220
0.007811230
0.004058250
0.001176880
0.001036180
0.003944490
0.008728450
0.013332700
0.016245600
0.017560700
0.018425800
0.019839700
0.021706900
0.022742200
0.020858100
0.014841700
0.006604130
-0.000160301
-0.003451950
-0.004075570
-0.003870700
-0.004119910
-0.005179250
-0.006542420
-0.007783520
-0.009205250
-0.011513500
-0.015092100
-0.019314400
-0.022847000
-0.024355400
-0.023067400
-0.018986300
-0.012411700
-0.004192120
0.004014310
0.010277600
0.013573700
0.013838400
0.011354900
0.007532680
0.004542350
0.004148100
0.006981750
0.012296400
0.018268500
0.022808400
0.024840300
0.024616800
0.022916900
0.020026000
0.014927100
0.006641930
-0.003161410
-0.010914600
-0.014613300
-0.014997400
-0.013867200
-0.012780400
-0.012540500
-0.013290100
-0.015062000
-0.017660900
-0.020723300
-0.023789800
-0.026379300
-0.028352600
-0.029641800
-0.030204300
-0.030003600
-0.028878000
-0.026893000
-0.024435400
-0.021708500
-0.018772600
-0.015613200
-0.011234500
-0.003830440
0.006920980
0.018386900
0.026952900
0.031458900
0.033499200
0.034869500
0.035914500
0.035616200
0.033114500
0.028930100
0.025095000
0.023656600
0.024771000
0.027124300
0.028644500
0.027393700
0.023250700
0.018286800
0.015538100
0.016758800
0.021378000
0.026969200
0.030687700
0.031388100
0.029909200
0.027660300
0.025466900
0.023345900
0.020549100
0.015333900
0.005922970
-0.007443780
-0.022702400
-0.037786200
-0.051445500
-0.062216800
-0.067670600
-0.066072500
-0.057801800
-0.045476400
-0.032593100
-0.022541100
-0.017454200
-0.016539400
-0.017524500
-0.018663800
-0.019536900
-0.020310300
-0.020860400
-0.021094700
-0.020248500
-0.017453100
-0.013060400
-0.008420410
-0.005219830
-0.004710120
-0.007280890
-0.013081400
-0.021888800
-0.032396700
-0.043334800
-0.053890000
-0.063219700
-0.070564100
-0.075543000
-0.078450400
-0.079749600
-0.079571200
-0.078047900
-0.075454700
-0.072125600
-0.068623100
-0.065279400
-0.062224500
-0.059856900
-0.058467100
-0.058159300
-0.059018500
-0.060855700
-0.063022000
-0.065170500
-0.067111900
-0.068179300
-0.067929300
-0.066087500
-0.062670700
-0.058068100
-0.052971900
-0.048934300
-0.047819500
-0.051000400
-0.058865700
-0.069721100
-0.080341400
-0.088057400
-0.092100600
-0.094157700
-0.096331100
-0.099104500
-0.102038000
-0.104621000
-0.106364000
-0.107378000
-0.108206000
-0.109255000
-0.111162000
-0.114160000
-0.117618000
-0.120638000
-0.122652000
-0.122775000
-0.119350000
-0.111337000
-0.099327400
-0.085450900
-0.071814600
-0.058845100
-0.045906300
-0.032948300
-0.021023700
-0.011868400
-0.005515440
0.001407890
0.012335200
0.027671000
0.045035800
0.061847700
0.077506800
0.092569000
0.107448000
0.120986000
0.130378000
0.134276000
0.133995000
0.131309000
0.126817000
0.120169000
0.111221000
0.100933000
0.090420100
0.080497200
0.072738900
0.067723500
0.064037000
0.059903800
0.053805500
0.045288400
0.036843800
0.032754300
0.035625700
0.044881200
0.057339100
0.069819900
0.081042400
0.091586600
0.101834000
0.110717000
0.116534000
0.118417000
0.116955000
0.112618000
0.105963000
0.098250900
0.090559200
0.082908500
0.074665500
0.065490200
0.055605700
0.046408400
0.039407100
0.034653200
0.031439900
0.028732400
0.026032200
0.023736000
0.021758300
0.019937300
0.018269400
0.016445600
0.014140900
0.011011000
0.006922410
0.002491590
-0.001679860
-0.005191140
-0.007494290
-0.008740730
-0.009256240
-0.009045660
-0.008370160
-0.007884710
-0.007966610
-0.008907250
-0.011169900
-0.014931800
-0.020803700
-0.029716700
-0.041229000
-0.053912100
-0.066499400
-0.077633900
-0.085946000
-0.090518700
-0.091983200
-0.090111200
-0.080329800
-0.057421500
-0.022540300
0.017445000
0.056803900
0.093910600
0.130101000
0.167340000
0.206460000
0.246867000
0.287138000
0.323379000
0.347099000
0.351329000
0.338273000
0.317495000
0.297765000
0.281263000
0.265695000
0.248524000
0.228507000
0.206591000
0.184623000
0.163431000
0.143106000
0.123107000
0.102830000
0.082402100
0.061762000
0.040883500
0.020244700
-0.000202671
-0.020656200
-0.041127200
-0.061718800
-0.082209300
-0.101984000
-0.119049000
-0.131220000
-0.138633000
-0.143177000
-0.146812000
-0.150482000
-0.153978000
-0.156659000
-0.158902000
-0.161468000
-0.165251000
-0.171693000
-0.181601000
-0.194838000
-0.209827000
-0.224865000
-0.239204000
-0.251657000
-0.260357000
-0.264267000
-0.263907000
-0.258810000
-0.246782000
-0.227295000
-0.202816000
-0.176975000
-0.151872000
-0.127393000
-0.102607000
-0.076944900
-0.050602500
-0.023978700
0.002573860
0.028789800
0.054001700
0.075888800
0.091280400
0.099911900
0.105612000
0.113573000
0.126352000
0.140858000
0.151212000
0.153584000
0.145786000
0.127233000
0.101436000
0.073606800
0.046716400
0.021792100
0.000297321
-0.014740500
-0.021801100
-0.023396500
-0.023612900
-0.024719000
-0.026798300
-0.029639000
-0.033045000
-0.037001200
-0.041927700
-0.048087900
-0.055093500
-0.061847900
-0.067280000
-0.070991800
-0.072744100
-0.072164600
-0.069543300
-0.064503800
-0.055917100
-0.043354000
-0.027837500
-0.011256200
0.005239890
0.021281900
0.037275800
0.053548300
0.069324200
0.083826600
0.097401100
0.111194000
0.125779000
0.140737000
0.155648000
0.170434000
0.185105000
0.199555000
0.214254000
0.230301000
0.247313000
0.262263000
0.271797000
0.273764000
0.264964000
0.241059000
0.202578000
0.156706000
0.110493000
0.066500200
0.023487900
-0.018784400
-0.054197700
-0.074816600
-0.080023400
-0.075237600
-0.064430700
-0.049822200
-0.036704000
-0.031039200
-0.034643800
-0.046454600
-0.063882700
-0.083137300
-0.100468000
-0.112998000
-0.119551000
-0.121886000
-0.122849000
-0.123739000
-0.124487000
-0.124562000
-0.123644000
-0.121800000
-0.119422000
-0.116809000
-0.113965000
-0.110863000
-0.107716000
-0.104151000
-0.099566400
-0.092971200
-0.082492000
-0.067687900
-0.050979600
-0.036777500
-0.027456400
-0.021188900
-0.014880900
-0.006635490
0.003370970
0.013010900
0.019633500
0.021682000
0.019050600
0.012930800
0.005962040
0.000838862
-0.000987400
0.000091850
0.002693390
0.005979340
0.009455570
0.013718100
0.020413300
0.031162400
0.046226500
0.061666500
0.072021500
0.075398100
0.072166300
0.062392100
0.046586700
0.027015600
0.006359420
-0.014016500
-0.034277200
-0.054999300
-0.075237200
-0.092060400
-0.102438000
-0.105940000
-0.105073000
-0.102282000
-0.097921100
-0.091757700
-0.084131900
-0.075166800
-0.063776400
-0.048242400
-0.028607300
-0.006821010
0.014911100
0.035897500
0.056652500
0.077375700
0.098396500
0.118140000
0.132888000
0.141233000
0.145034000
0.146843000
0.149019000
0.152266000
0.155480000
0.157792000
0.158318000
0.155050000
0.144710000
0.125789000
0.100976000
0.074811400
0.049884700
0.025834200
0.001593660
-0.023546700
-0.049458700
-0.073808600
-0.093151000
-0.106323000
-0.116206000
-0.126276000
-0.136974000
-0.146910000
-0.154407000
-0.158941000
-0.161587000
-0.163633000
-0.165971000
-0.169074000
-0.172760000
-0.177287000
-0.183848000
-0.192815000
-0.204159000
-0.216074000
-0.224438000
-0.226851000
-0.221439000
-0.204950000
-0.177436000
-0.143820000
-0.109487000
-0.076533600
-0.044175400
-0.011195100
0.023235700
0.058927600
0.093912100
0.123507000
0.142583000
0.150914000
0.153690000
0.156437000
0.161395000
0.168327000
0.176576000
0.186540000
0.198930000
0.213084000
0.227820000
0.242371000
0.255565000
0.264519000
0.262836000
0.244238000
0.210001000
0.168158000
0.126330000
0.087318500
0.049468700
0.010724400
-0.026208000
-0.053052400
-0.062388200
-0.054104200
-0.034437700
-0.011465900
0.007673020
0.018462100
0.021057700
0.019408600
0.017822400
0.018230700
0.019995100
0.022109700
0.023731200
0.024429900
0.024112600
0.022635000
0.019643300
0.014711000
0.007858440
-0.000981120
-0.011916700
-0.024637200
-0.038378600
-0.051328400
-0.060658000
-0.065293300
-0.066233500
-0.063904100
-0.056957800
-0.043698100
-0.025192300
-0.004673130
0.015523500
0.033905000
0.048281900
0.057348500
0.062432700
0.065860000
0.069122200
0.072582300
0.076131200
0.079548100
0.082846100
0.086358800
0.089743800
0.092034600
0.091355100
0.084391000
0.069006900
0.046786600
0.022066200
-0.001499710
-0.022232400
-0.037839300
-0.046767100
-0.051016100
-0.053949700
-0.057913700
-0.063120400
-0.068327800
-0.072895800
-0.077120600
-0.081609900
-0.087430600
-0.096025900
-0.107759000
-0.121537000
-0.135852000
-0.149721000
-0.162847000
-0.174649000
-0.183952000
-0.189895000
-0.192812000
-0.193571000
-0.192373000
-0.188433000
-0.180519000
-0.168291000
-0.153269000
-0.137702000
-0.122787000
-0.108700000
-0.095858800
-0.085138800
-0.076777800
-0.069660300
-0.061879700
-0.052506300
-0.041977200
-0.031334200
-0.021487800
-0.012769000
-0.005046000
0.002286260
0.009470610
0.016167000
0.022420800
0.029072000
0.037418400
0.048264500
0.060930900
0.073676700
0.084943200
0.093724600
0.100246000
0.105925000
0.111899000
0.118711000
0.126893000
0.136960000
0.148594000
0.160878000
0.173035000
0.183742000
0.191661000
0.196281000
0.197908000
0.196883000
0.191542000
0.179791000
0.162334000
0.142104000
0.121905000
0.102627000
0.083536300
0.063924400
0.043555300
0.022769900
0.003073670
-0.012419100
-0.021203900
-0.024192000
-0.024415300
-0.024403500
-0.024768900
-0.024943500
-0.024679800
-0.024286400
-0.024224300
-0.024534700
-0.025120300
-0.025840200
-0.026122700
-0.025497400
-0.023810300
-0.020694600
-0.014970900
-0.004727770
0.010491700
0.027945800
0.043003500
0.052353200
0.056353500
0.058001000
0.059364300
0.060085200
0.058181900
0.050437500
0.035383700
0.015545000
-0.005357860
-0.025147600
-0.043905200
-0.062755300
-0.082393800
-0.102973000
-0.123817000
-0.143522000
-0.159302000
-0.168370000
-0.171319000
-0.171031000
-0.170099000
-0.169431000
-0.168246000
-0.164920000
-0.157563000
-0.145274000
-0.129087000
-0.111624000
-0.095157700
-0.081480200
-0.071836600
-0.065772500
-0.061823400
-0.058731800
-0.056388600
-0.055153900
-0.055182400
-0.056448300
-0.058475300
-0.060793000
-0.063006700
-0.064835100
-0.065976800
-0.066192500
-0.065409000
-0.063031500
-0.057935100
-0.047998700
-0.031732600
-0.011136800
0.010257600
0.030714500
0.049766600
0.065911700
0.077293600
0.084450800
0.089726200
0.094927100
0.100026000
0.103480000
0.104083000
0.101300000
0.094687400
0.084504700
0.072684100
0.062955800
0.058298000
0.058606700
0.061859900
0.065810500
0.069071500
0.070936400
0.071008200
0.069298800
0.066161500
0.062139100
0.057909200
0.054116900
0.051132800
0.049159300
0.048195900
0.048251200
0.049501800
0.052047500
0.055290600
0.058642200
0.061567500
0.063381700
0.064363500
0.065147200
0.066074500
0.067185900
0.068252100
0.068810000
0.068244800
0.066195800
0.062377000
0.056223100
0.047258100
0.036250400
0.025184300
0.015526500
0.007242390
-0.000680878
-0.009605610
-0.020040800
-0.030636400
-0.039383000
-0.044903500
-0.047139800
-0.047310200
-0.046456800
-0.044931900
-0.043093300
-0.041158000
-0.039439400
-0.038340300
-0.037614100
-0.037269800
-0.037452300
-0.038444700
-0.041328300
-0.047328300
-0.057828800
-0.072610600
-0.089245900
-0.105927000
-0.121937000
-0.137584000
-0.153583000
-0.168900000
-0.180972000
-0.187629000
-0.188671000
-0.184310000
-0.173054000
-0.154349000
-0.130896000
-0.106422000
-0.082699000
-0.059383700
-0.035772400
-0.011405700
0.012366600
0.031495700
0.043163200
0.048526900
0.051005700
0.053114200
0.055186900
0.056447100
0.056159400
0.054315300
0.051587200
0.048806800
0.046459000
0.045116800
0.045602200
0.048249500
0.053428800
0.061239800
0.070110000
0.077801200
0.082845500
0.085173500
0.085551900
0.084848200
0.083713600
0.081824000
0.079054100
0.075349200
0.070505400
0.065384400
0.061021900
0.057948400
0.056245400
0.055797000
0.056650200
0.058879000
0.062415100
0.066862200
0.071523200
0.075644200
0.078160700
0.078232400
0.075633900
0.070009900
0.061322000
0.051007200
0.041493500
0.034135200
0.028592900
0.023694200
0.018445000
0.012397500
0.005666100
-0.001566150
-0.009698870
-0.019129000
-0.029314000
-0.038583700
-0.045390300
-0.049559400
-0.052014800
-0.053570600
-0.054291900
-0.053946100
-0.052804100
-0.051451000
-0.050317000
-0.049753400
-0.049921800
-0.050735400
-0.052107000
-0.053745600
-0.055212100
-0.056518600
-0.057599200
-0.058513100
-0.059642900
-0.061075900
-0.062604400
-0.064033900
-0.065235500
-0.065934600
-0.065951000
-0.064931600
-0.062682500
-0.058784500
-0.052290600
-0.043108100
-0.031996300
-0.020168400
-0.008610880
0.002573780
0.013609000
0.024247800
0.034162100
0.043412400
0.052016200
0.060101500
0.068179000
0.076853000
0.085653000
0.093494900
0.099745600
0.104012000
0.106527000
0.107714000
0.107496000
0.105583000
0.101503000
0.095061200
0.086643900
0.077348600
0.068607400
0.061026100
0.054494200
0.048414900
0.042601600
0.037075000
0.031441800
0.025818500
0.020527600
0.015759700
0.011467200
0.007378340
0.003313660
-0.001066350
-0.006026510
-0.011546400
-0.017862600
-0.025253800
-0.033733400
-0.042866400
-0.051301300
-0.057798400
-0.062171600
-0.064962100
-0.066763600
-0.067565700
-0.067302000
-0.066333500
-0.065052900
-0.063762400
-0.062827300
-0.062425400
-0.062253600
-0.061903200
-0.060955300
-0.059066600
-0.056371200
-0.053186800
-0.049803600
-0.046829000
-0.044859500
-0.043944200
-0.044150200
-0.045169800
-0.046209100
-0.047187600
-0.048267500
-0.049277600
-0.049970800
-0.050074800
-0.049361100
-0.047810500
-0.045506300
-0.042683200
-0.039814000
-0.037425200
-0.035856800
-0.035100100
-0.035008600
-0.035294800
-0.035718500
-0.036186600
-0.036622800
-0.036857500
-0.036775200
-0.036237700
-0.034922400
-0.032867200
-0.030242400
-0.027368300
-0.024795200
-0.022665800
-0.020993400
-0.019631300
-0.018047400
-0.015767000
-0.012472400
-0.007888060
-0.001987210
0.004532600
0.011026700
0.017337700
0.023338800
0.029051600
0.034115100
0.037881400
0.040035900
0.040411200
0.038926000
0.036142600
0.033131700
0.030628300
0.029093300
0.028829500
0.029897000
0.032236000
0.035686100
0.039904500
0.044380700
0.048438300
0.051576200
0.053731000
0.054820400
0.054783100
0.053796300
0.051730600
0.048472800
0.043790800
0.036941000
0.028007700
0.017852900
0.007456090
-0.002062280
-0.009505110
-0.014212900
-0.016683400
-0.017596400
-0.017313700
-0.015828200
-0.012545200
-0.007272180
-0.000537993
0.006919480
0.013798100
0.019488800
0.024521100
0.029029000
0.033063800
0.036509400
0.038667900
0.039070700
0.037832700
0.035206700
0.031694400
0.028353500
0.025678400
0.023362500
0.021176100
0.018996000
0.016792800
0.014623900
0.012626500
0.010998600
0.009901140
0.009302930
0.009098150
0.009246190
0.009674440
0.010198000
0.010616700
0.010815000
0.010826200
0.010686100
0.010249500
0.009535870
0.008591840
0.007571350
0.006803250
0.006306910
0.005883140
0.005283330
0.004377570
0.003122570
0.001539370
-0.000330020
-0.002474130
-0.004664230
-0.006864810
-0.009123190
-0.011104100
-0.012639900
-0.013684100
-0.014199500
-0.014343000
-0.014240500
-0.014172300
-0.014318800
-0.014608600
-0.014936300
-0.015180600
-0.015046900
-0.014243300
-0.012841300
-0.010899100
-0.008659350
-0.006813600
-0.005868930
-0.005691260
-0.005780540
-0.005880210
-0.005818580
-0.005354410
-0.004753180
-0.004296980
-0.003857600
-0.003497480
-0.003293290
-0.002994350
-0.002363520
-0.001443070
-0.000251581
0.001226160
0.002895250
0.004764150
0.006861100
0.008906470
0.010602900
0.011774900
0.012138800
0.011677300
0.010317500
0.007890680
0.004391750
-0.000217893
-0.005433220
-0.010374500
-0.014676100
-0.018114000
-0.020819200
-0.023388900
-0.026046000
-0.028823700
-0.031642300
-0.034274800
-0.036602100
-0.038619700
-0.040218600
-0.041385700
-0.042164800
-0.042340700
-0.041749200
-0.040543900
-0.039220900
-0.038090700
-0.036936600
-0.035508800
-0.033694900
-0.031337800
-0.028295400
-0.024337700
-0.019411700
-0.013798700
-0.007558340
-0.000755972
0.006075370
0.012538000
0.018726900
0.024668500
0.030064400
0.034481500
0.037738100
0.039501500
0.039300000
0.037272200
0.033335000
0.027009500
0.018465600
0.008648350
-0.000831909
-0.008227390
-0.012682700
-0.014697900
-0.015344800
-0.015048800
-0.013686400
-0.010661600
-0.004872330
0.003654010
0.012725300
0.019927000
0.024256400
0.026192300
0.027013600
0.027408100
0.027304700
0.026334400
0.024195000
0.020976400
0.016811200
0.011732800
0.005811770
-0.000825121
-0.007392630
-0.012640600
-0.015835100
-0.017187700
-0.017218700
-0.015962700
-0.013188100
-0.008436020
-0.001286270
0.007567900
0.016016100
0.022011000
0.025253500
0.026630100
0.027005400
0.026751000
0.025561100
0.023515000
0.021127200
0.018684700
0.016411100
0.014448800
0.012644500
0.010535100
0.007698200
0.003872190
-0.000855611
-0.005873500
-0.010128900
-0.012894300
-0.014124600
-0.014103300
-0.013234300
-0.011678500
-0.009435100
-0.006291360
-0.002002930
0.003189800
0.008777890
0.014276300
0.019520200
0.024826900
0.030341100
0.035891800
0.041239700
0.045865300
0.049417000
0.051835000
0.053114900
0.053339500
0.052291900
0.049797700
0.046056000
0.041539000
0.037163200
0.033668800
0.031363000
0.030049500
0.029146300
0.028387000
0.027501200
0.026230200
0.024658600
0.022712800
0.020473600
0.018242500
0.015962700
0.013534700
0.010709600
0.006889120
0.001708360
-0.004431160
-0.010453800
-0.015474800
-0.019416500
-0.022802600
-0.026132800
-0.029643300
-0.033067600
-0.035805300
-0.037707700
-0.038842900
-0.039230800
-0.038943200
-0.038375200
-0.037844500
-0.037477500
-0.037584200
-0.038020400
-0.038464900
-0.038939500
-0.039420100
-0.039838000
-0.040148200
-0.040221000
-0.040051300
-0.039419500
-0.038234400
-0.036572300
-0.034224100
-0.031403200
-0.028282500
-0.024746000
-0.020932500
-0.017119400
-0.013580300
-0.010675400
-0.008707720
-0.007652060
-0.007478120
-0.007955420
-0.008649310
-0.009353020
-0.009947850
-0.010272400
-0.010336200
-0.010202200
-0.009781000
-0.009027620
-0.007995980
-0.006726230
-0.005090330
-0.003070110
-0.000955303
0.001025640
0.002872350
0.004591760
0.006353760
0.008439540
0.010908900
0.013765900
0.016780500
0.019473100
0.021834900
0.024210400
0.026725500
0.029564500
0.032639000
0.035678300
0.038608700
0.040988300
0.042400200
0.042768400
0.042185800
0.040823400
0.038738000
0.035828700
0.032039900
0.027621500
0.022932900
0.018487400
0.014924000
0.012331100
0.010301900
0.008592110
0.007239880
0.006276620
0.005756180
0.005696700
0.005810290
0.006013550
0.006100010
0.005645080
0.004572950
0.002847900
0.000253437
-0.003390010
-0.007707040
-0.012049300
-0.015928100
-0.019096600
-0.021622500
-0.023765000
-0.025945200
-0.028406800
-0.031038500
-0.033798400
-0.036476900
-0.038703700
-0.040256700
-0.040963100
-0.040776100
-0.039565000
-0.037248500
-0.034032000
-0.030288600
-0.026405300
-0.022853200
-0.020079500
-0.018158400
-0.016958500
-0.016320000
-0.015927800
-0.015542000
-0.015118700
-0.014580300
-0.013966600
-0.013458100
-0.013027300
-0.012685500
-0.012499600
-0.012444100
-0.012626400
-0.012942500
-0.013170800
-0.013314400
-0.013331700
-0.013088800
-0.012525200
-0.011648800
-0.010553200
-0.009328520
-0.007868680
-0.006131850
-0.004194060
-0.002003740
0.000387570
0.002782930
0.004922840
0.006626250
0.007817350
0.008255480
0.007778570
0.006365120
0.003977220
0.000970682
-0.002190190
-0.005208030
-0.007776790
-0.009706790
-0.011050600
-0.011991200
-0.012582200
-0.012816800
-0.012580100
-0.012022700
-0.011357500
-0.010542500
-0.009600280
-0.008476470
-0.007223920
-0.005899340
-0.004582330
-0.003575370
-0.003035960
-0.002868070
-0.002933870
-0.003389970
-0.004370250
-0.005713170
-0.007277510
-0.008831250
-0.010143400
-0.011102600
-0.011607200
-0.011550700
-0.010783300
-0.009441970
-0.007879570
-0.006295270
-0.004921250
-0.003794250
-0.002723790
-0.001718070
-0.000820828
0.000069836
0.001078710
0.002319160
0.003900180
0.005741270
0.007628460
0.009357990
0.010910000
0.012523200
0.014258000
0.016065000
0.017850100
0.019173700
0.019719400
0.019485300
0.018451400
0.016778900
0.014902300
0.013127000
0.011651500
0.010587200
0.009774460
0.009180910
0.008900010
0.009045180
0.009664600
0.010792800
0.012393000
0.014123900
0.015741000
0.017023800
0.017890100
0.018384300
0.018506500
0.018363700
0.018103200
0.017906400
0.017727600
0.017332800
0.016825000
0.016445500
0.016263700
0.016403600
0.016814800
0.017252000
0.017409400
0.017109400
0.016443900
0.015440200
0.014233100
0.013053600
0.011961100
0.010995900
0.010188100
0.009421700
0.008611250
0.007840600
0.007178940
0.006635780
0.006225580
0.006159650
0.006632230
0.007604000
0.009098320
0.011039500
0.013225700
0.015386400
0.017074400
0.017914000
0.017613100
0.016367100
0.014758600
0.012991700
0.011160300
0.009383940
0.007796980
0.006508410
0.005501060
0.004738390
0.004152850
0.003669180
0.003109140
0.002387010
0.001493580
0.000349268
-0.001084440
-0.002759830
-0.004436670
-0.005939360
-0.007094880
-0.007814080
-0.008129460
-0.007953790
-0.007293140
-0.006081290
-0.004417540
-0.002634560
-0.000973726
0.000397238
0.001385020
0.001813000
0.001621570
0.000934462
-0.000023246
-0.001013780
-0.001919000
-0.002557930
-0.002860010
-0.002881610
-0.002610610
-0.002047380
-0.001347790
-0.000786536
-0.000506812
-0.000595446
-0.001116770
-0.001983450
-0.003129190
-0.004373110
-0.005570240
-0.006737290
-0.007892700
-0.009164550
-0.010604400
-0.012229800
-0.014011900
-0.015950200
-0.018182700
-0.020630400
-0.022996500
-0.025047900
-0.026676700
-0.028021900
-0.029191000
-0.030078500
-0.030568100
-0.030477400
-0.029732900
-0.028272500
-0.026227100
-0.023788500
-0.021053200
-0.018244000
-0.015311300
-0.012145600
-0.008751960
-0.005027440
-0.000883759
0.003566530
0.008102150
0.012421700
0.016115200
0.018885000
0.020576900
0.021219600
0.020916500
0.019700300
0.017696800
0.015073900
0.012043500
0.009111880
0.006779550
0.005151790
0.004271890
0.004080950
0.004345790
0.004936630
0.005692060
0.006385370
0.006898710
0.007327230
0.007722960
0.008192060
0.008789690
0.009257490
0.009491180
0.009456340
0.008989170
0.008007140
0.006496620
0.004379530
0.001776700
-0.000954360
-0.003506130
-0.005581670
-0.006955800
-0.007618630
-0.007657510
-0.007109590
-0.006136800
-0.005071640
-0.004081730
-0.003093260
-0.001997800
-0.000682676
0.000871293
0.002445080
0.003848930
0.005056550
0.005983270
0.006593760
0.006894680
0.006668950
0.005838550
0.004488900
0.002736310
0.000909182
-0.000687035
-0.001873030
-0.002527990
-0.002534240
-0.001827990
-0.000519437
0.001246560
0.003343890
0.005621610
0.008037440
0.010535400
0.012883600
0.014916700
0.016557700
0.017547700
0.017692900
0.017098300
0.015834900
0.014046200
0.011984700
0.009667520
0.007085760
0.004390160
0.001775920
-0.000722862
-0.003115430
-0.005331110
-0.007285600
-0.009027030
-0.010664700
-0.012134900
-0.013489100
-0.014794400
-0.016121000
-0.017611700
-0.019246100
-0.021062500
-0.022967100
-0.024644300
-0.025937100
-0.026761500
-0.027078300
-0.026834500
-0.025978300
-0.024557600
-0.022775600
-0.021001000
-0.019392100
-0.017923900
-0.016652500
-0.015715700
-0.015171600
-0.014765700
-0.014094100
-0.012973600
-0.011271000
-0.009005420
-0.006338290
-0.003118730
0.000639782
0.004705980
0.008787520
0.012385600
0.015241300
0.017397000
0.018943900
0.019944100
0.020392900
0.020231400
0.019488900
0.018202300
0.016282700
0.013768000
0.010801500
0.007562020
0.004348360
0.001385150
-0.001109410
-0.003014890
-0.004487470
-0.005752210
-0.006966230
-0.008158990
-0.009351510
-0.010517500
-0.011532400
-0.012298600
-0.012811800
-0.013017400
-0.012781600
-0.012174300
-0.011413600
-0.010740600
-0.010332000
-0.010250100
-0.010535200
-0.011165500
-0.012012000
-0.012856500
-0.013537500
-0.013957000
-0.013980600
-0.013524200
-0.012570900
-0.011145900
-0.009276010
-0.006995660
-0.004553730
-0.002182610
-0.000036546
0.001756110
0.003086170
0.003806820
0.003959280
0.003670850
0.003007260
0.002099120
0.001137500
0.000233323
-0.000345897
-0.000198304
0.000748165
0.002423800
0.004946170
0.008230110
0.012097400
0.016284900
0.020273700
0.023673900
0.026154600
0.027546700
0.028109900
0.028192200
0.027952900
0.027361400
0.026339400
0.024853400
0.022857600
0.020305900
0.017139000
0.013492900
0.009718380
0.006170400
0.003127620
0.000699210
-0.001081540
-0.002207430
-0.002815200
-0.003101600
-0.003228830
-0.003353990
-0.003526710
-0.003665850
-0.003868380
-0.004338860
-0.005139830
-0.006158290
-0.007103290
-0.007822840
-0.008348830
-0.008664430
-0.008811600
-0.008937640
-0.009167410
-0.009532670
-0.009874440
-0.010033200
-0.010069000
-0.010044100
-0.009984850
-0.009887600
-0.009466090
-0.008518850
-0.007283630
-0.006080840
-0.005176890
-0.004618550
-0.004229600
-0.003982900
-0.003822130
-0.003709620
-0.003663410
-0.003527200
-0.003303810
-0.003221690
-0.003445820
-0.004017830
-0.004917090
-0.006049410
-0.007244810
-0.008401610
-0.009309210
-0.009696530
-0.009626800
-0.009073120
-0.007988200
-0.006471380
-0.004672650
-0.002820360
-0.000949285
0.000682214
0.001912730
0.002889060
0.003684740
0.004441370
0.005258060
0.006204110
0.007370710
0.008821250
0.010354200
0.011814800
0.013279200
0.014753900
0.016212300
0.017506500
0.018502200
0.019116600
0.019459200
0.019734900
0.019977600
0.020127000
0.020038100
0.019612500
0.018814100
0.017696500
0.016502200
0.015438600
0.014580400
0.014087900
0.013970600
0.013954900
0.013847300
0.013503400
0.012938700
0.012287300
0.011662500
0.011193000
0.010770400
0.010305900
0.009966880
0.009757180
0.009431010
0.009081510
0.008776090
0.008431830
0.008188490
0.008004430
0.007786330
0.007550820
0.007194370
0.006743700
0.006380160
0.005712190
0.004442080
0.002770180
0.000531502
-0.002163320
-0.004878670
-0.007499420
-0.009836430
-0.011700900
-0.012906300
-0.013114400
-0.012283000
-0.010558500
-0.008018380
-0.004961630
-0.001783960
0.001404510
0.004320840
0.006543580
0.007956290
0.008455830
0.008211890
0.007410310
0.006001140
0.003940620
0.001242800
-0.001810850
-0.004793120
-0.007314450
-0.009392100
-0.011091300
-0.012198700
-0.012744100
-0.012805300
-0.012420100
-0.011763600
-0.010937900
-0.009967560
-0.008921560
-0.007930200
-0.007018920
-0.006229320
-0.005647110
-0.005336530
-0.005213730
-0.005193080
-0.005269160
-0.005286680
-0.005232870
-0.005020010
-0.004414110
-0.003345020
-0.001733450
0.000396356
0.002732880
0.005101610
0.007397490
0.009470790
0.011296700
0.012888000
0.014281200
0.015403900
0.016199700
0.016835800
0.017407000
0.017751900
0.017969500
0.018095800
0.018091400
0.018102000
0.018120300
0.017994000
0.017721700
0.017442200
0.016926700
0.016065800
0.014831300
0.013245400
0.011487500
0.009587180
0.007610080
0.005473860
0.003026860
0.000156403
-0.003153820
-0.006525480
-0.009625550
-0.012362900
-0.014757800
-0.016877500
-0.018635500
-0.020106500
-0.021377500
-0.022236700
-0.022530100
-0.022198300
-0.021123300
-0.019245700
-0.016381200
-0.012317000
-0.007242300
-0.001558960
0.003832320
0.008098970
0.011231000
0.013300300
0.014567100
0.015310500
0.015702000
0.015885900
0.015869600
0.015810700
0.015957600
0.016419800
0.016979300
0.017318600
0.017441600
0.017362800
0.016839600
0.015897700
0.014709300
0.013445800
0.012153800
0.010743600
0.009418510
0.008033270
0.006438440
0.004844740
0.003326480
0.002128780
0.001239330
0.000614905
0.000374660
0.000203027
-0.000092699
-0.000532449
-0.001175280
-0.002078950
-0.003298570
-0.004770870
-0.006528410
-0.008490770
-0.010634200
-0.012903300
-0.015182000
-0.017407400
-0.019445900
-0.021281500
-0.022882100
-0.024153500
-0.024917100
-0.024901300
-0.024047500
-0.022488500
-0.020274400
-0.017760000
-0.015178000
-0.012643500
-0.010734900
-0.009557670
-0.009019390
-0.008959190
-0.008950960
-0.008862190
-0.008527730
-0.007969000
-0.007194530
-0.006216580
-0.005245020
-0.004190530
-0.002987370
-0.001764640
-0.000812646
-0.000225158
0.000093523
0.000196375
0.000258299
0.000209961
-0.000033462
-0.000435687
-0.000902251
-0.001393370
-0.001860860
-0.002234560
-0.002684260
-0.003185780
-0.003676710
-0.004118800
-0.004486850
-0.004921190
-0.005489860
-0.006149370
-0.006718060
-0.007134680
-0.007300480
-0.006890600
-0.005906500
-0.004379660
-0.002159660
0.000556274
0.003459070
0.006261010
0.008566240
0.010251800
0.011257000
0.011511600
0.011213800
0.010516300
0.009617120
0.008603960
0.007575750
0.006653160
0.005910870
0.005752810
0.006193700
0.007185170
0.008738660
0.010609800
0.012853000
0.015331700
0.017572800
0.019285400
0.020233500
0.020202700
0.019207400
0.017326000
0.014670400
0.011571500
0.008291440
0.005054250
0.002284580
0.000069660
-0.001578850
-0.002559890
-0.003160150
-0.003483680
-0.003519010
-0.003323550
-0.002726750
-0.001734740
-0.000479896
0.000868260
0.002109510
0.003031630
0.003548090
0.003778770
0.003702710
0.003415360
0.003129660
0.002808690
0.002211100
0.001438040
0.000798329
0.000278783
-0.000193119
-0.000768019
-0.001473400
-0.002104820
-0.002690490
-0.003196060
-0.003553350
-0.003929270
-0.004223540
-0.004409450
-0.004510880
-0.004484770
-0.004543740
-0.004752920
-0.005255000
-0.006229730
-0.007550670
-0.009088540
-0.010701400
-0.012096000
-0.013033800
-0.013453900
-0.013286200
-0.012630800
-0.011797000
-0.010749200
-0.009448230
-0.008063220
-0.006667020
-0.005384010
-0.004163190
-0.002735480
-0.001135040
0.000676509
0.002775100
0.004877200
0.006840470
0.008539720
0.009892450
0.010843400
0.011249600
0.011189500
0.010676600
0.009707610
0.008365610
0.006537150
0.004120690
0.001231590
-0.001723420
-0.004398510
-0.006562290
-0.007998940
-0.008822930
-0.009068480
-0.008593930
-0.007426170
-0.005711990
-0.003709780
-0.001636610
0.000517239
0.002612200
0.004343010
0.005556230
0.006066410
0.005796630
0.004766720
0.002986390
0.000617908
-0.002111010
-0.004963470
-0.007788580
-0.010352700
-0.012416800
-0.014129500
-0.015409900
-0.015774900
-0.015136200
-0.013657200
-0.011459300
-0.008860410
-0.006188000
-0.003743760
-0.001778320
-0.000373409
0.000345530
0.000590630
0.000654700
0.000571509
0.000353935
-0.000048705
-0.000570059
-0.001222870
-0.002089550
-0.003205830
-0.004635160
-0.006229350
-0.007667580
-0.008778900
-0.009529800
-0.009759790
-0.009251410
-0.008024940
-0.006279480
-0.004026700
-0.001194340
0.002025340
0.005259790
0.008119410
0.010284100
0.011725900
0.012375800
0.012205800
0.011713400
0.011212900
0.010769100
0.010571300
0.010671700
0.010962300
0.011274900
0.011492700
0.011465800
0.011247500
0.010945200
0.010522800
0.010081900
0.009585080
0.009107530
0.008734490
0.008386160
0.008109830
0.007827860
0.007434000
0.006934930
0.006321210
0.005687780
0.005062390
0.004322040
0.003518510
0.002650190
0.001727380
0.000825454
-0.000146508
-0.001234100
-0.002328340
-0.003315060
-0.004197460
-0.004907000
-0.005415430
-0.005696170
-0.005567450
-0.005094710
-0.004242530
-0.002893760
-0.001256570
0.000495531
0.001898690
0.002477820
0.002231520
0.001287420
0.000022313
-0.001216810
-0.002386120
-0.003486190
-0.004487330
-0.005415430
-0.006315250
-0.007026680
-0.007452120
-0.007693960
-0.007753440
-0.007695770
-0.007591290
-0.007269670
-0.006686520
-0.005927610
-0.005003910
-0.003985490
-0.002879820
-0.001782400
-0.000959037
-0.000410328
-0.000062146
-0.000056371
-0.000327001
-0.000649403
-0.000934944
-0.001210940
-0.001458990
-0.001521930
-0.001390970
-0.001139070
-0.000674400
0.000084846
0.001075840
0.002177590
0.003297910
0.004447930
0.005671030
0.006901980
0.008131940
0.009399470
0.010644400
0.011850300
0.013089700
0.014230600
0.014994000
0.015478500
0.015788800
0.015804200
0.015605400
0.015238300
0.014684800
0.013915600
0.012810100
0.011416200
0.009797990
0.008020430
0.006416310
0.005226620
0.004371680
0.003696440
0.003078880
0.002524420
0.002021770
0.001511690
0.001045570
0.000749654
0.000600502
0.000392108
0.000122169
-0.000166427
-0.000469040
-0.000688385
-0.000815538
-0.000981804
-0.001229250
-0.001388170
-0.001355090
-0.001090370
-0.000513528
0.000267072
0.000986949
0.001577480
0.002022090
0.002228570
0.002246130
0.002192770
0.002173080
0.002085980
0.001683490
0.001000150
0.000157244
-0.000859485
-0.002005850
-0.003105730
-0.003987680
-0.004686860
-0.005347740
-0.005969050
-0.006534020
-0.007093870
-0.007783130
-0.008704760
-0.009837590
-0.011118600
-0.012286600
-0.013212700
-0.014065200
-0.014862800
-0.015525100
-0.016115800
-0.016613200
-0.016926800
-0.017184500
-0.017561100
-0.018091500
-0.018707600
-0.019166500
-0.019383000
-0.019522700
-0.019531900
-0.019382900
-0.019181800
-0.019007300
-0.018977300
-0.019145800
-0.019581000
-0.020313900
-0.021054000
-0.021484900
-0.021672600
-0.021634400
-0.021245100
-0.020564500
-0.019611900
-0.018367600
-0.016934000
-0.015437200
-0.013881300
-0.012278700
-0.010599900
-0.008599540
-0.006224650
-0.003639590
-0.001113880
0.001133880
0.003012360
0.004535200
0.005892900
0.007023320
0.007888080
0.008552960
0.008966540
0.009295700
0.009687700
0.010172700
0.010655700
0.011024800
0.011349200
0.011631300
0.011839300
0.011993800
0.012006400
0.011707400
0.011119000
0.010201100
0.008919250
0.007561900
0.006344220
0.005375420
0.004711520
0.004294160
0.004073540
0.004120520
0.004475050
0.005006310
0.005594360
0.006041300
0.006140960
0.005950260
0.005607340
0.005129370
0.004640650
0.004251000
0.003979740
0.004063300
0.004630250
0.005628890
0.006985520
0.008635820
0.010489800
0.012428600
0.014382900
0.016205400
0.017758400
0.018949300
0.019692800
0.019865900
0.019557500
0.018976500
0.018150000
0.017112200
0.015773900
0.014185300
0.012571700
0.010977000
0.009390220
0.007758060
0.006221730
0.004903770
0.003594790
0.002203540
0.000783077
-0.000712361
-0.002275490
-0.003827060
-0.005546930
-0.007590000
-0.009671840
-0.011581600
-0.013179600
-0.014342700
-0.015107500
-0.015460600
-0.015515700
-0.015259800
-0.014589200
-0.013647500
-0.012448600
-0.011136400
-0.009865890
-0.008620340
-0.007510510
-0.006468820
-0.005520670
-0.004764720
-0.004090280
-0.003269890
-0.002221890
-0.001062070
0.000293076
0.001727970
0.002962340
0.004052340
0.004979070
0.005791580
0.006707670
0.007658400
0.008561590
0.009407300
0.010069200
0.010544800
0.010970200
0.011188500
0.011160000
0.011037500
0.010624700
0.009870150
0.008808090
0.007396940
0.005732080
0.003880110
0.001825670
-0.000332932
-0.002390210
-0.004303220
-0.006046990
-0.007583430
-0.008938750
-0.010073800
-0.010918700
-0.011388200
-0.011414400
-0.010917300
-0.009826060
-0.008305880
-0.006527440
-0.004611710
-0.002844030
-0.001502770
-0.000677008
-0.000307394
-0.000304441
-0.000540723
-0.000792383
-0.000775037
-0.000503900
-0.000126656
0.000369340
0.000877202
0.001366800
0.001824870
0.001994950
0.001897220
0.001649920
0.001174140
0.000507694
-0.000239016
-0.000908836
-0.001357350
-0.001485930
-0.001447370
-0.001340890
-0.001036890
-0.000697687
-0.000584290
-0.000776758
-0.001182850
-0.001781730
-0.002535740
-0.003215900
-0.003723160
-0.004096180
-0.004353380
-0.004469270
-0.004413030
-0.004199700
-0.003793510
-0.003163250
-0.002342550
-0.001282460
-0.000000710
0.001399250
0.002860920
0.004276540
0.005596720
0.006785080
0.007581270
0.007872460
0.007795920
0.007493630
0.007059960
0.006590610
0.006232200
0.005951530
0.005720720
0.005570140
0.005341470
0.004879090
0.004210430
0.003392530
0.002425010
0.001373590
0.000296708
-0.000770036
-0.001735310
-0.002622880
-0.003517210
-0.004364070
-0.005078760
-0.005723960
-0.006324220
-0.006727070
-0.007005870
-0.007251610
-0.007435050
-0.007642320
-0.007876130
-0.008046920
-0.008089070
-0.008005910
-0.007682890
-0.007167330
-0.006636870
-0.006106360
-0.005612090
-0.005250050
-0.005072450
-0.005015890
-0.005014080
-0.005011450
-0.005022170
-0.004919810
-0.004641430
-0.004264590
-0.003788140
-0.003200520
-0.002262110
-0.000822106
0.000965174
0.002996460
0.005277460
0.007759110
0.010273200
0.012621000
0.014596800
0.016010300
0.016833700
0.017036600
0.016635900
0.015687700
0.014295000
0.012624200
0.010798700
0.008912730
0.006941920
0.005160910
0.003755940
0.002636920
0.001832790
0.001328670
0.001093790
0.000972255
0.000807602
0.000538216
0.000169231
-0.000162071
-0.000259483
-0.000111167
0.000132757
0.000336437
0.000283742
-0.000093104
-0.000697983
-0.001482930
-0.002310300
-0.003160790
-0.004096320
-0.004913060
-0.005583530
-0.006166520
-0.006484760
-0.006403740
-0.005924130
-0.005137970
-0.004220840
-0.003162930
-0.001865630
-0.000526295
0.000559001
0.001236230
0.001516420
0.001436420
0.001075150
0.000499852
-0.000261392
-0.001126430
-0.002035050
-0.002959470
-0.003867780
-0.004631560
-0.005274150
-0.005910230
-0.006472120
-0.007056020
-0.007716140
-0.008280420
-0.008775060
-0.009103100
-0.009180470
-0.009126530
-0.008660000
-0.007700920
-0.006472030
-0.005063370
-0.003607580
-0.002147840
-0.000842540
0.000122988
0.000874138
0.001557410
0.002124960
0.002625960
0.003154090
0.003684810
0.004383540
0.005419720
0.006665280
0.007855580
0.008839710
0.009647840
0.010296500
0.010711000
0.010953000
0.011169900
0.011275100
0.011233600
0.011197300
0.011172700
0.011075000
0.010854800
0.010357400
0.009566720
0.008584300
0.007321830
0.005890650
0.004497300
0.003139580
0.001794920
0.000483155
-0.000839812
-0.002188330
-0.003576290
-0.005121430
-0.006811550
-0.008512670
-0.010123600
-0.011512800
-0.012471700
-0.012819400
-0.012576600
-0.011862500
-0.010883300
-0.009875880
-0.008818130
-0.007754580
-0.006875530
-0.006268820
-0.005945040
-0.005959050
-0.006365230
-0.007015650
-0.007754650
-0.008620200
-0.009628600
-0.010675300
-0.011583600
-0.012323000
-0.012759600
-0.012671900
-0.012046400
-0.010948300
-0.009556310
-0.007837770
-0.005855300
-0.003938960
-0.002193800
-0.000854300
-0.000090861
0.000147181
-0.000233578
-0.001158930
-0.002368450
-0.003516020
-0.004329180
-0.004720170
-0.004902310
-0.005047160
-0.005063160
-0.004933100
-0.004600440
-0.004228980
-0.004040040
-0.003868900
-0.003501320
-0.002888200
-0.002136330
-0.001457320
-0.000991436
-0.000750355
-0.000843352
-0.001327330
-0.002047360
-0.002992470
-0.004197560
-0.005564310
-0.006970840
-0.008332520
-0.009456610
-0.010217100
-0.010526900
-0.010249800
-0.009557470
-0.008608210
-0.007551530
-0.006617200
-0.005709260
-0.004619920
-0.003216690
-0.001700500
-0.000274473
0.000909996
0.001549440
0.001793000
0.001822230
0.001806180
0.001877050
0.001978080
0.002099460
0.002180570
0.002214430
0.002113870
0.001826100
0.001477740
0.001074330
0.000644531
0.000289769
0.000025084
-0.000124762
-0.000164388
-0.000075922
0.000163433
0.000474496
0.000686224
0.000733716
0.000706999
0.000697534
0.000601314
0.000338091
-0.000096654
-0.000862916
-0.001839370
-0.002877380
-0.004026130
-0.005124880
-0.006032750
-0.006752060
-0.007285450
-0.007771150
-0.008091600
-0.008006980
-0.007668910
-0.007053990
-0.005987860
-0.004294130
-0.001870910
0.001049950
0.004125360
0.006975180
0.009206600
0.010503100
0.010792700
0.010312700
0.009081860
0.007176210
0.005061670
0.002860600
0.000626582
-0.001549080
-0.003538030
-0.005189260
-0.006375340
-0.006853460
-0.006624180
-0.005715490
-0.004227600
-0.002345580
-0.000355943
0.001422100
0.002848210
0.003840360
0.004568170
0.005231420
0.005892170
0.006592090
0.007328600
0.007932210
0.008304950
0.008432290
0.008090700
0.007405060
0.006592350
0.005729400
0.005018340
0.004589440
0.004495520
0.004664680
0.005001870
0.005368370
0.005609360
0.005691640
0.005595610
0.005499770
0.005642590
0.005941600
0.006260700
0.006477980
0.006470160
0.006208380
0.005817400
0.005426760
0.005013150
0.004615980
0.004251930
0.003960110
0.003725010
0.003519770
0.003607530
0.004048390
0.004750710
0.005727620
0.006887010
0.008243440
0.009567970
0.010563000
0.011236500
0.011427700
0.011140100
0.010504200
0.009511390
0.008251660
0.006822980
0.005322910
0.003884650
0.002573160
0.001493650
0.000738846
0.000223665
-0.000034266
0.000042256
0.000412606
0.001016790
0.001902700
0.002972900
0.004027330
0.004987810
0.005795070
0.006487400
0.007122880
0.007670810
0.008098930
0.008431800
0.008638750
0.008768050
0.008845740
0.008837270
0.008707980
0.008440180
0.008105720
0.007749800
0.007539830
0.007435620
0.007317270
0.007173780
0.007063450
0.007112900
0.007291680
0.007672060
0.008148050
0.008466470
0.008604920
0.008515010
0.008227770
0.007869000
0.007277150
0.006345530
0.005131940
0.003624080
0.001958780
0.000151350
-0.001906750
-0.003982200
-0.005872580
-0.007526390
-0.008905230
-0.010046100
-0.011055100
-0.012107700
-0.013093800
-0.013898100
-0.014571500
-0.014934600
-0.014957700
-0.014908900
-0.014934500
-0.015077200
-0.015288300
-0.015532900
-0.015932400
-0.016350500
-0.016523700
-0.016624900
-0.016657700
-0.016467600
-0.016082800
-0.015362100
-0.014332300
-0.012999500
-0.011452300
-0.009811750
-0.007960630
-0.005976500
-0.003928980
-0.001955440
-0.000150676
0.001494620
0.002817070
0.003725470
0.004072410
0.003981480
0.003797640
0.003499450
0.003128070
0.002721500
0.002202220
0.001623980
0.001091850
0.000692822
0.000524082
0.000569617
0.000666077
0.000667924
0.000516913
0.000279278
-0.000037613
-0.000391645
-0.000929125
-0.001734060
-0.002567340
-0.003378880
-0.004062670
-0.004549990
-0.004980440
-0.005383590
-0.005838250
-0.006497450
-0.007256810
-0.008045370
-0.009005170
-0.009987190
-0.010738300
-0.011208400
-0.011430700
-0.011413800
-0.011184300
-0.010892600
-0.010572100
-0.010231400
-0.009797830
-0.009124480
-0.008361540
-0.007649790
-0.007031950
-0.006551420
-0.006082370
-0.005514620
-0.004812510
-0.004097390
-0.003556090
-0.003184110
-0.003061700
-0.003291460
-0.003698350
-0.003973010
-0.003861640
-0.003383350
-0.002750440
-0.002015790
-0.001090350
0.000024521
0.001244560
0.002433140
0.003387370
0.004013540
0.004381480
0.004636300
0.004831340
0.005031820
0.005301450
0.005521740
0.005690960
0.005941650
0.006316600
0.006843450
0.007399330
0.007794760
0.007990960
0.008026430
0.008021610
0.007913640
0.007513020
0.006792160
0.005866290
0.004982150
0.004190420
0.003341880
0.002422430
0.001546420
0.000877133
0.000497557
0.000374213
0.000561193
0.001026760
0.001651170
0.002436250
0.003169850
0.003662970
0.003825250
0.003551220
0.002945230
0.002105680
0.001164850
0.000167412
-0.000909839
-0.002064280
-0.003326080
-0.004676680
-0.006274010
-0.007887030
-0.009015200
-0.009629520
-0.009816310
-0.009517590
-0.008670130
-0.007442650
-0.006006310
-0.004556920
-0.003205410
-0.001897610
-0.000885490
-0.000497642
-0.000708360
-0.001321220
-0.002249760
-0.003235490
-0.004204150
-0.005183870
-0.006026170
-0.006553540
-0.006443830
-0.005660250
-0.004362910
-0.002794090
-0.001182470
0.000442945
0.002083600
0.003704850
0.005242200
0.006597900
0.007642440
0.008427070
0.009048940
0.009597150
0.010204900
0.010797600
0.011321200
0.011918700
0.012564900
0.013235400
0.013923200
0.014497200
0.014961600
0.015308200
0.015371500
0.015062700
0.014444500
0.013504800
0.012327700
0.011055600
0.009709520
0.008333970
0.006975250
0.005754480
0.004708100
0.003735870
0.002692930
0.001479610
0.000208111
-0.001135830
-0.002510200
-0.003765120
-0.004840190
-0.005646930
-0.006164600
-0.006383090
-0.006296290
-0.005939760
-0.005296940
-0.004381870
-0.003385900
-0.002353890
-0.001303160
-0.000355639
0.000493142
0.001182720
0.001578870
0.001600640
0.001256700
0.000688497
0.000016803
-0.000555091
-0.000840286
-0.000848722
-0.000647449
-0.000269890
0.000385520
0.001254390
0.002135310
0.002824220
0.003167660
0.003067540
0.002515960
0.001687250
0.000692233
-0.000524623
-0.001936850
-0.003370220
-0.004867780
-0.006537700
-0.008434660
-0.010405700
-0.012121800
-0.013520600
-0.014565500
-0.015204000
-0.015479100
-0.015278800
-0.014569400
-0.013430100
-0.011980700
-0.010260800
-0.008229260
-0.006187240
-0.004216540
-0.002199840
-0.000235647
0.001414060
0.002493800
0.003221520
0.003825680
0.004249790
0.004618280
0.005073310
0.005422290
0.005487430
0.005325960
0.005025870
0.004658810
0.004329550
0.004194360
0.004280300
0.004498060
0.004867310
0.005358420
0.005862100
0.006374910
0.006805710
0.007031670
0.007060960
0.006822810
0.006204250
0.005109020
0.003419110
0.001237600
-0.001169920
-0.003517650
-0.005449250
-0.006784130
-0.007576860
-0.007969780
-0.007992680
-0.007689850
-0.007211040
-0.006578390
-0.005778200
-0.004851860
-0.003844190
-0.002618680
-0.001147640
0.000342732
0.001664960
0.002484820
0.002683320
0.002545340
0.002155890
0.001570320
0.000942811
0.000356048
-0.000034747
-0.000230280
-0.000332224
-0.000348053
-0.000465155
-0.000994396
-0.001966980
-0.003256070
-0.004590600
-0.005519400
-0.005888420
-0.005688470
-0.004930490
-0.003821720
-0.002588610
-0.001335160
-0.000088739
0.001007520
0.001896360
0.002747610
0.003534180
0.004060410
0.004312480
0.004395820
0.004344880
0.004208830
0.004047230
0.003709550
0.003228050
0.002739580
0.002205810
0.001637830
0.001030590
0.000532489
0.000167809
-0.000303292
-0.000910187
-0.001538360
-0.002066170
-0.002322640
-0.002103620
-0.001408660
-0.000521222
0.000431326
0.001533190
0.002690190
0.003704110
0.004510960
0.005169120
0.005788200
0.006440030
0.007212720
0.008067550
0.008938410
0.009643180
0.009945180
0.009979160
0.009798550
0.009396270
0.009012390
0.008698970
0.008387530
0.008153230
0.008033300
0.008042840
0.008088890
0.008058650
0.007967520
0.007787540
0.007406650
0.006807560
0.006025120
0.004965590
0.003740710
0.002591080
0.001573220
0.000620321
-0.000271287
-0.000942645
-0.001220920
-0.000957026
-0.000222416
0.000695112
0.001503850
0.002057920
0.002302020
0.002094560
0.001349040
0.000085285
-0.001583450
-0.003341410
-0.004816260
-0.005823640
-0.006458930
-0.006765440
-0.006590410
-0.005899530
-0.004731570
-0.003194610
-0.001431890
0.000518158
0.002433150
0.003912540
0.004843440
0.005324380
0.005495570
0.005549080
0.005559140
0.005437380
0.005221810
0.005013270
0.004712090
0.004254370
0.003680550
0.002994980
0.002178710
0.001322350
0.000479329
-0.000354051
-0.001005720
-0.001356510
-0.001481270
-0.001432680
-0.001334470
-0.001330120
-0.001280810
-0.001178460
-0.001131960
-0.001186920
-0.001330770
-0.001374750
-0.001231210
-0.000937473
-0.000641292
-0.000371052
0.000056657
0.000747622
0.001675780
0.002711860
0.003706550
0.004706240
0.005725620
0.006519850
0.006981530
0.007108650
0.006969680
0.006600590
0.005969950
0.005194900
0.004423130
0.003881820
0.003550360
0.003272490
0.003023040
0.002906620
0.003136690
0.003659200
0.004389490
0.005351150
0.006394960
0.007335470
0.007989860
0.008166670
0.007926350
0.007358290
0.006490070
0.005393100
0.004041350
0.002527050
0.001065250
-0.000313238
-0.001579400
-0.002552870
-0.003188380
-0.003559470
-0.003735640
-0.003827330
-0.003920210
-0.003889740
-0.003588650
-0.003063880
-0.002353890
-0.001552340
-0.000823360
-0.000272037
0.000006474
-0.000032076
-0.000352325
-0.000935481
-0.001785200
-0.002894820
-0.004117240
-0.005231930
-0.006121980
-0.006862570
-0.007479040
-0.007762520
-0.007657680
-0.007217900
-0.006503170
-0.005669900
-0.004908740
-0.004272550
-0.003770960
-0.003474470
-0.003317730
-0.003334360
-0.003578430
-0.003966610
-0.004510790
-0.005170590
-0.005830350
-0.006401190
-0.006842280
-0.007037200
-0.006867060
-0.006411350
-0.005665080
-0.004604040
-0.003182250
-0.001482660
0.000264243
0.002043050
0.003549040
0.004585780
0.005230950
0.005195910
0.004530920
0.003614860
0.002522900
0.001163210
-0.000408865
-0.002052970
-0.003637890
-0.005036750
-0.006205690
-0.007043040
-0.007550270
-0.007772100
-0.007782950
-0.007689100
-0.007403610
-0.006983280
-0.006556700
-0.006074890
-0.005776660
-0.005757250
-0.005843890
-0.005986280
-0.006036110
-0.005947330
-0.005727780
-0.005240420
-0.004358740
-0.003142960
-0.001636450
-0.000006576
0.001482480
0.002727300
0.003475810
0.003580380
0.003224670
0.002571950
0.001668050
0.000591368
-0.000495968
-0.001441720
-0.002062440
-0.002303770
-0.002336080
-0.002190530
-0.001750000
-0.001014070
-0.000071678
0.000899573
0.001649140
0.002027050
0.002037840
0.001666360
0.000971852
0.000111720
-0.000918992
-0.002030550
-0.003099370
-0.003983610
-0.004527730
-0.004689680
-0.004497590
-0.004074220
-0.003342090
-0.002313700
-0.001148850
0.000162336
0.001560420
0.002901740
0.004163100
0.005433900
0.006655250
0.007529950
0.007872670
0.007700190
0.007161380
0.006571240
0.005914200
0.005030600
0.003979100
0.002808490
0.001522030
0.000128388
-0.001201630
-0.002439980
-0.003627000
-0.004673410
-0.005558720
-0.006179860
-0.006484740
-0.006586550
-0.006523090
-0.006231900
-0.005634840
-0.004803900
-0.003816240
-0.002621770
-0.001413600
-0.000389501
0.000470222
0.001134210
0.001689760
0.002164440
0.002465780
0.002731110
0.003107850
0.003622090
0.004239770
0.004941330
0.005688750
0.006347980
0.006816930
0.007101680
0.007233860
0.007242690
0.007161710
0.006905380
0.006399320
0.005650260
0.004835510
0.004145570
0.003517980
0.002959030
0.002531720
0.002246630
0.002049410
0.001740770
0.001257110
0.000648456
-0.000001870
-0.000523842
-0.000932196
-0.001329510
-0.001555350
-0.001508670
-0.001249630
-0.000675022
0.000244751
0.001517620
0.003078210
0.004635300
0.006133900
0.007533290
0.008585700
0.009258150
0.009520150
0.009465860
0.009329710
0.009056690
0.008665030
0.008309400
0.007897470
0.007218510
0.006370830
0.005443860
0.004589000
0.004019600
0.003558100
0.003196680
0.003017050
0.002963060
0.003110520
0.003361320
0.003515110
0.003584000
0.003479480
0.003205170
0.002930500
0.002584830
0.002188980
0.001829910
0.001506700
0.001182010
0.000737447
0.000187958
-0.000295517
-0.000646652
-0.000873895
-0.001036980
-0.001257610
-0.001475360
-0.001626580
-0.001654620
-0.001489630
-0.001326440
-0.001336770
-0.001425560
-0.001500390
-0.001537640
-0.001533100
-0.001589200
-0.001806140
-0.002127150
-0.002431070
-0.002546240
-0.002415980
-0.002171540
-0.001666620
-0.000905921
-0.000150627
0.000700989
0.001657300
0.002505050
0.003148870
0.003574970
0.003842820
0.003983430
0.004099090
0.004243700
0.004321020
0.004363410
0.004269270
0.003871990
0.003274700
0.002586950
0.001861830
0.001059630
0.000065999
-0.000998968
-0.002075780
-0.003224170
-0.004322820
-0.005227710
-0.005821650
-0.006047490
-0.005925820
-0.005471340
-0.004808980
-0.003981570
-0.002923070
-0.001830740
-0.000836129
0.000119292
0.001002880
0.001732980
0.002375800
0.003067020
0.003654510
0.004039600
0.004336050
0.004564650
0.004766510
0.005010840
0.005285900
0.005500290
0.005588040
0.005601140
0.005630100
0.005733470
0.005838430
0.005881870
0.005863820
0.005739450
0.005567340
0.005386850
0.005020060
0.004361130
0.003529000
0.002670560
0.001799970
0.000854688
0.000021658
-0.000518095
-0.000838807
-0.000964838
-0.000956578
-0.000812437
-0.000446531
-0.000049374
0.000118133
0.000179671
0.000396308
0.000815571
0.001307670
0.001734090
0.002133840
0.002566010
0.002991910
0.003281230
0.003559270
0.003917060
0.004134100
0.004209050
0.004144640
0.003914200
0.003659520
0.003403250
0.003037450
0.002467630
0.001714630
0.000840868
-0.000167740
-0.001250430
-0.002261770
-0.003013180
-0.003552110
-0.004061220
-0.004409930
-0.004580890
-0.004752220
-0.004954480
-0.005062150
-0.004942770
-0.004721770
-0.004544470
-0.004512540
-0.004589150
-0.004711530
-0.004995600
-0.005375540
-0.005848110
-0.006419280
-0.007034230
-0.007624930
-0.008044690
-0.008307640
-0.008311270
-0.008031900
-0.007653580
-0.007203580
-0.006708110
-0.006143310
-0.005407690
-0.004557370
-0.003674870
-0.002830350
-0.002210970
-0.001878150
-0.001744730
-0.001849540
-0.002226730
-0.002867570
-0.003714660
-0.004558790
-0.005267000
-0.005825150
-0.006181390
-0.006233570
-0.006012680
-0.005572750
-0.004917600
-0.004146570
-0.003444330
-0.002898630
-0.002499910
-0.002433750
-0.002747900
-0.003171640
-0.003475200
-0.003688290
-0.003914910
-0.004098110
-0.004194490
-0.004071990
-0.003689580
-0.003303760
-0.003072460
-0.002980030
-0.002881030
-0.002613770
-0.002315050
-0.002265720
-0.002485530
-0.002817440
-0.003121850
-0.003476560
-0.003937540
-0.004356610
-0.004717540
-0.004885830
-0.004782850
-0.004562420
-0.004253610
-0.003902000
-0.003598010
-0.003448240
-0.003448120
-0.003477220
-0.003456410
-0.003373150
-0.003268880
-0.003116820
-0.002962440
-0.002818380
-0.002677530
-0.002552860
-0.002395020
-0.002265550
-0.002235320
-0.002247440
-0.002166100
-0.001983770
-0.001818640
-0.001768790
-0.001919530
-0.002177600
-0.002281250
-0.002228170
-0.002161180
-0.002157910
-0.002394830
-0.002838450
-0.003255740
-0.003480770
-0.003446680
-0.003364140
-0.003388600
-0.003452700
-0.003548820
-0.003618920
-0.003658140
-0.003833320
-0.004190760
-0.004511700
-0.004630480
-0.004569720
-0.004267670
-0.003734590
-0.003000570
-0.002067660
-0.000994322
0.000243446
0.001539220
0.002770970
0.003988550
0.005153160
0.006124390
0.006861830
0.007329620
0.007471100
0.007425490
0.007303520
0.007012910
0.006604920
0.006109830
0.005561060
0.005138440
0.004773320
0.004337390
0.003875610
0.003379320
0.002889390
0.002463790
0.002126820
0.001988260
0.002029410
0.002162440
0.002334310
0.002438810
0.002474660
0.002439300
0.002241700
0.001891070
0.001393010
0.000805925
0.000172173
-0.000473365
-0.001064650
-0.001495710
-0.001629810
-0.001528940
-0.001229780
-0.000890224
-0.000639961
-0.000346591
0.000018725
0.000493887
0.001016110
0.001485780
0.002033970
0.002748480
0.003661130
0.004649500
0.005495380
0.006098110
0.006281200
0.006066000
0.005659240
0.005041510
0.004222960
0.003376240
0.002564340
0.001839940
0.001362180
0.001088110
0.000985509
0.001198310
0.001658250
0.002159430
0.002600080
0.002898300
0.002873910
0.002482760
0.001890560
0.001368500
0.000959392
0.000510369
0.000108458
-0.000132866
-0.000105513
0.000253799
0.000858499
0.001684730
0.002652780
0.003637700
0.004611510
0.005460460
0.006075020
0.006431790
0.006429690
0.006010130
0.005186570
0.004033480
0.002697310
0.001252140
-0.000261621
-0.001797050
-0.003166930
-0.004192260
-0.004866300
-0.005241770
-0.005438550
-0.005445440
-0.005116980
-0.004440500
-0.003460540
-0.002325880
-0.001182970
-0.000049455
0.000868173
0.001310890
0.001171280
0.000582377
-0.000154560
-0.000830406
-0.001274470
-0.001469290
-0.001563250
-0.001546200
-0.001401390
-0.001067880
-0.000491652
0.000156532
0.000725982
0.001151210
0.001397330
0.001388850
0.001103120
0.000633805
0.000086081
-0.000422306
-0.000844158
-0.001217160
-0.001537170
-0.001695440
-0.001775270
-0.001975340
-0.002194290
-0.002299960
-0.002167780
-0.001652220
-0.000774159
0.000367428
0.001715400
0.003151430
0.004548170
0.005895710
0.007082980
0.007986360
0.008563830
0.008794210
0.008689380
0.008284430
0.007683000
0.006985370
0.006180370
0.005246740
0.004268120
0.003278220
0.002308730
0.001439650
0.000615897
-0.000288877
-0.001272790
-0.002099000
-0.002677460
-0.003062230
-0.003230170
-0.003189000
-0.002847310
-0.002268640
-0.001637300
-0.001048480
-0.000680976
-0.000606901
-0.000787447
-0.001218930
-0.001849640
-0.002662960
-0.003582300
-0.004447680
-0.005145060
-0.005534090
-0.005644830
-0.005690290
-0.005746240
-0.005839930
-0.005971420
-0.006044880
-0.006060260
-0.005989910
-0.005731060
-0.005232600
-0.004517620
-0.003701440
-0.002840000
-0.002009170
-0.001380510
-0.000978043
-0.000708982
-0.000618228
-0.000717912
-0.000926160
-0.001164010
-0.001381890
-0.001636860
-0.001922760
-0.002240630
-0.002592020
-0.002927960
-0.003196240
-0.003334280
-0.003403450
-0.003460290
-0.003469070
-0.003364360
-0.003063350
-0.002492140
-0.001580370
-0.000460477
0.000672397
0.001805370
0.002857110
0.003704920
0.004344540
0.004818690
0.005149820
0.005314550
0.005317820
0.005184460
0.004926520
0.004690270
0.004614400
0.004648710
0.004673810
0.004652120
0.004568780
0.004337120
0.003979980
0.003524190
0.002941160
0.002318200
0.001715110
0.001064360
0.000337128
-0.000386135
-0.001049500
-0.001573620
-0.001817330
-0.001802850
-0.001590450
-0.001135650
-0.000466065
0.000414758
0.001414510
0.002364840
0.003246510
0.003957510
0.004332430
0.004365300
0.004149960
0.003700340
0.003015950
0.002246600
0.001553170
0.000913470
0.000242328
-0.000335913
-0.000633530
-0.000608725
-0.000317332
0.000097744
0.000526267
0.000965827
0.001321020
0.001449070
0.001234740
0.000634032
-0.000149329
-0.000935200
-0.001628600
-0.002194770
-0.002645810
-0.002929030
-0.003090880
-0.003167740
-0.003140410
-0.002965910
-0.002569950
-0.002058620
-0.001546880
-0.001039570
-0.000680131
-0.000466347
-0.000201484
0.000156572
0.000569386
0.001010400
0.001483730
0.002004680
0.002620290
0.003407510
0.004388400
0.005555090
0.006792440
0.007903910
0.008836090
0.009487620
0.009630070
0.009254320
0.008458870
0.007264850
0.005845590
0.004453080
0.003277030
0.002431290
0.001812810
0.001403220
0.001370570
0.001675710
0.002135120
0.002677540
0.003307440
0.003908630
0.004252540
0.004232460
0.003918530
0.003453320
0.002849880
0.002058870
0.001128540
0.000098240
-0.000980152
-0.002066350
-0.003064990
-0.003817000
-0.004368240
-0.004871870
-0.005343440
-0.005631300
-0.005529960
-0.005095280
-0.004652750
-0.004361200
-0.004189990
-0.004124930
-0.004190510
-0.004385740
-0.004564860
-0.004675130
-0.004799700
-0.004916030
-0.004990940
-0.005028350
-0.004996570
-0.004911690
-0.004878360
-0.004851740
-0.004626450
-0.004136980
-0.003447420
-0.002581780
-0.001630320
-0.000767495
-0.000059828
0.000459545
0.000746096
0.000739453
0.000431222
0.000025942
-0.000283828
-0.000492848
-0.000596753
-0.000592078
-0.000590192
-0.000640308
-0.000633481
-0.000453353
-0.000091305
0.000367449
0.000837116
0.001281970
0.001683210
0.002076420
0.002452550
0.002684370
0.002756820
0.002741620
0.002685100
0.002661930
0.002572430
0.002222340
0.001676880
0.001033330
0.000244351
-0.000693218
-0.001675570
-0.002610130
-0.003451520
-0.004180640
-0.004863500
-0.005461640
-0.005843420
-0.005983170
-0.005890730
-0.005583050
-0.005077500
-0.004453460
-0.003923950
-0.003554530
-0.003205610
-0.002810350
-0.002443420
-0.002144470
-0.001788370
-0.001215310
-0.000442081
0.000362048
0.001087710
0.001640710
0.001975440
0.002118730
0.002099640
0.002015020
0.001972570
0.001961240
0.001882410
0.001673030
0.001323730
0.000941488
0.000561457
0.000100044
-0.000434384
-0.000934886
-0.001387390
-0.001895740
-0.002368040
-0.002736340
-0.002969010
-0.002895670
-0.002520530
-0.002005340
-0.001462060
-0.000841687
-0.000173760
0.000430440
0.000981626
0.001497270
0.002009720
0.002483940
0.002856010
0.003112840
0.003325900
0.003559850
0.003665540
0.003554650
0.003367370
0.003243570
0.003180460
0.003142130
0.003080790
0.002851250
0.002416660
0.001834200
0.001137450
0.000425718
-0.000174636
-0.000573411
-0.000737497
-0.000638596
-0.000276386
0.000252335
0.000829649
0.001285260
0.001390790
0.001137800
0.000661585
-0.000113602
-0.001186010
-0.002341230
-0.003411800
-0.004316020
-0.005087130
-0.005652580
-0.005935400
-0.005944430
-0.005577660
-0.004914970
-0.004195310
-0.003549520
-0.003050150
-0.002699540
-0.002502250
-0.002452030
-0.002417280
-0.002360800
-0.002362790
-0.002409730
-0.002614050
-0.003035430
-0.003402770
-0.003603810
-0.003753350
-0.003971570
-0.004247120
-0.004461090
-0.004535540
-0.004431590
-0.004173580
-0.003874140
-0.003620270
-0.003290560
-0.002786230
-0.002163090
-0.001471690
-0.000808331
-0.000249502
0.000149548
0.000255779
0.000153636
-0.000052016
-0.000407911
-0.000841073
-0.001249540
-0.001583360
-0.001779720
-0.001844900
-0.001788310
-0.001490080
-0.001076020
-0.000791807
-0.000558995
-0.000242828
0.000103367
0.000367550
0.000453893
0.000421558
0.000361186
0.000184937
-0.000132378
-0.000520106
-0.000913077
-0.001286800
-0.001635680
-0.001965970
-0.002370200
-0.002930280
-0.003582240
-0.004182810
-0.004717390
-0.005211400
-0.005587950
-0.005745400
-0.005543030
-0.004806470
-0.003523800
-0.001857240
0.000049180
0.002037890
0.003935910
0.005691670
0.007322920
0.008762810
0.009785360
0.010167700
0.010017900
0.009570100
0.008844560
0.007879790
0.006764800
0.005476350
0.004120290
0.002889480
0.001883850
0.001139240
0.000637967
0.000438805
0.000607850
0.001128900
0.001869140
0.002675680
0.003422600
0.003886420
0.003925980
0.003532800
0.002818000
0.002132990
0.001771620
0.001738670
0.001934210
0.002247360
0.002456310
0.002216090
0.001362310
-0.000100201
-0.002069430
-0.004330320
-0.006615110
-0.008538800
-0.009835590
-0.010329300
-0.010017600
-0.009169290
-0.008053320
-0.007000890
-0.006279920
-0.005894800
-0.005679730
-0.005469840
-0.005188440
-0.004842560
-0.004502530
-0.004279530
-0.004331670
-0.004708900
-0.005315930
-0.006004590
-0.006552110
-0.006665130
-0.006150920
-0.005048610
-0.003499040
-0.001778600
-0.000189179
0.001107610
0.002081130
0.002877610
0.003622090
0.004337100
0.005018980
0.005609860
0.005981090
0.006045260
0.005838650
0.005273060
0.004323890
0.003268700
0.002370460
0.001844130
0.001705760
0.001773400
0.001924690
0.002044970
0.001893810
0.001299320
0.000255949
-0.001181140
-0.002743830
-0.004123360
-0.005169990
-0.005826130
-0.006031380
-0.005827060
-0.005260520
-0.004357410
-0.003381480
-0.002504660
-0.001812670
-0.001435370
-0.001302450
-0.001205210
-0.000928975
-0.000434441
0.000208352
0.000944414
0.001738390
0.002600710
0.003500800
0.004285410
0.004868320
0.005188010
0.005213630
0.005085010
0.004787930
0.004389190
0.003965460
0.003439950
0.002906390
0.002346340
0.001796870
0.001410580
0.001104750
0.000855925
0.000784587
0.000983129
0.001370310
0.001806910
0.002333030
0.002984220
0.003621440
0.004061660
0.004129770
0.003780370
0.003227980
0.002538120
0.001742380
0.001046660
0.000455003
-0.000016503
-0.000161513
0.000136718
0.000766140
0.001470520
0.002069520
0.002484700
0.002739170
0.002925910
0.003112850
0.003253690
0.003163670
0.002690560
0.001852980
0.000766196
-0.000470271
-0.001656260
-0.002647160
-0.003382140
-0.003708170
-0.003652420
-0.003349060
-0.002891340
-0.002434970
-0.001954330
-0.001437730
-0.000990127
-0.000532764
-0.000131188
0.000020579
-0.000150608
-0.000612267
-0.001199340
-0.001817360
-0.002507320
-0.003255170
-0.003996390
-0.004678930
-0.005141850
-0.005237200
-0.005049110
-0.004769520
-0.004562100
-0.004403840
-0.004122720
-0.003770570
-0.003539380
-0.003475460
-0.003511510
-0.003555500
-0.003549000
-0.003517580
-0.003431220
-0.003170890
-0.002759320
-0.002340790
-0.001965100
-0.001629080
-0.001397440
-0.001258180
-0.001109540
-0.000899109
-0.000701508
-0.000640880
-0.000750972
-0.000972810
-0.001142440
-0.001122560
-0.000860699
-0.000424428
-0.000094669
-0.000031947
-0.000149075
-0.000337372
-0.000452854
-0.000436872
-0.000379161
-0.000293639
-0.000163211
0.000060045
0.000459906
0.000976781
0.001557900
0.002264640
0.003085560
0.003905030
0.004602150
0.004946010
0.004771510
0.004228990
0.003462570
0.002523740
0.001539330
0.000580001
-0.000296684
-0.000956844
-0.001304690
-0.001326170
-0.001151370
-0.000920856
-0.000645300
-0.000272424
0.000199706
0.000694692
0.001176180
0.001518450
0.001712470
0.001953690
0.002239740
0.002480340
0.002663940
0.002836870
0.003052420
0.003361800
0.003787090
0.004222320
0.004610000
0.004966070
0.005242140
0.005414720
0.005389570
0.005101080
0.004696460
0.004276570
0.003843280
0.003394870
0.002899050
0.002410680
0.001988190
0.001660270
0.001529790
0.001514750
0.001499810
0.001488770
0.001476410
0.001448700
0.001427260
0.001464080
0.001507460
0.001544840
0.001678390
0.001957060
0.002251330
0.002349690
0.002176860
0.001858880
0.001591810
0.001430180
0.001370730
0.001430260
0.001556930
0.001606610
0.001450430
0.001129440
0.000602850
-0.000229042
-0.001309250
-0.002494170
-0.003548000
-0.004308910
-0.004735120
-0.004828210
-0.004677270
-0.004400230
-0.004053560
-0.003615110
-0.003101800
-0.002637740
-0.002370810
-0.002263260
-0.002020600
-0.001559140
-0.001129200
-0.000764011
-0.000364444
0.000047820
0.000476884
0.000841136
0.001069560
0.001100280
0.000903850
0.000638980
0.000413100
0.000209129
-0.000047086
-0.000393780
-0.000749372
-0.000996516
-0.001108210
-0.001101200
-0.001052860
-0.001048590
-0.001040540
-0.000944868
-0.000605240
0.000081380
0.000974601
0.001880610
0.002719900
0.003436640
0.003991970
0.004489710
0.004951960
0.005212280
0.005191740
0.004855600
0.004168070
0.003293620
0.002381730
0.001441490
0.000471706
-0.000549323
-0.001518930
-0.002231970
-0.002573310
-0.002498140
-0.002016810
-0.001179600
-0.000069285
0.001134560
0.002214400
0.002954550
0.003232260
0.003184330
0.002931600
0.002321680
0.001275350
-0.000038912
-0.001295980
-0.002306920
-0.003122340
-0.003733350
-0.004192170
-0.004613880
-0.004961200
-0.005195860
-0.005287510
-0.005213080
-0.005070920
-0.004859620
-0.004497680
-0.004015630
-0.003453990
-0.002798180
-0.002109740
-0.001457310
-0.000762643
0.000004425
0.000768746
0.001475890
0.002038000
0.002413470
0.002693300
0.003044210
0.003503880
0.003872340
0.004032750
0.004041920
0.004027400
0.004002160
0.003863580
0.003552350
0.003041460
0.002467680
0.001994920
0.001721320
0.001668090
0.001735630
0.001839000
0.001928160
0.002009640
0.002055520
0.001987120
0.001785850
0.001476440
0.001113310
0.000641691
-0.000020504
-0.000714210
-0.001305430
-0.001839370
-0.002333220
-0.002764630
-0.003100310
-0.003327120
-0.003457490
-0.003502240
-0.003514060
-0.003470080
-0.003224290
-0.002796590
-0.002405900
-0.002094560
-0.001726090
-0.001351020
-0.001137400
-0.001080820
-0.001094090
-0.001182770
-0.001341820
-0.001544160
-0.001792470
-0.002039650
-0.002222630
-0.002278780
-0.002238500
-0.002171000
-0.001970310
-0.001620150
-0.001298240
-0.001111890
-0.001062470
-0.001066070
-0.001070930
-0.001042370
-0.000862307
-0.000479766
-0.000046930
0.000255695
0.000341804
0.000138024
-0.000236661
-0.000609596
-0.000899989
-0.001017350
-0.000960976
-0.000651689
-0.000005374
0.000801335
0.001552230
0.002150860
0.002672520
0.003249460
0.003841140
0.004410310
0.005048830
0.005733880
0.006330280
0.006859380
0.007363380
0.007767120
0.008043600
0.008158470
0.008015840
0.007628250
0.007136450
0.006652560
0.006181640
0.005733910
0.005359750
0.005069660
0.004944950
0.004999360
0.005020500
0.004875810
0.004503920
0.003968990
0.003487170
0.003087600
0.002684720
0.002265240
0.001882060
0.001583760
0.001328930
0.001017530
0.000624200
0.000199461
-0.000215101
-0.000600406
-0.000873989
-0.000962551
-0.000961459
-0.001007830
-0.001154430
-0.001382800
-0.001693180
-0.002125140
-0.002654340
-0.003150540
-0.003491680
-0.003648030
-0.003616540
-0.003458570
-0.003193820
-0.002821650
-0.002495770
-0.002351850
-0.002308670
-0.002208270
-0.002003420
-0.001748380
-0.001547910
-0.001446630
-0.001417290
-0.001383860
-0.001262600
-0.001094020
-0.000958266
-0.000888272
-0.000818084
-0.000629431
-0.000387866
-0.000230772
-0.000189397
-0.000222590
-0.000261237
-0.000263151
-0.000245484
-0.000219768
-0.000191423
-0.000144165
-0.000014939
0.000163896
0.000323342
0.000512891
0.000806281
0.001164410
0.001481060
0.001635940
0.001628750
0.001587070
0.001561300
0.001568720
0.001595100
0.001538800
0.001335070
0.001062470
0.000809843
0.000597997
0.000499225
0.000655630
0.001096080
0.001615010
0.002100460
0.002634810
0.003273200
0.003969880
0.004612410
0.005094510
0.005314220
0.005260090
0.005006070
0.004595720
0.004100300
0.003627110
0.003164200
0.002616060
0.001967210
0.001286850
0.000496388
-0.000512177
-0.001574500
-0.002522910
-0.003335670
-0.003992380
-0.004400850
-0.004553670
-0.004581060
-0.004615480
-0.004709300
-0.004771320
-0.004761600
-0.004682580
-0.004460780
-0.004079600
-0.003675560
-0.003455010
-0.003526480
-0.003834370
-0.004224630
-0.004567940
-0.004790890
-0.004850430
-0.004788070
-0.004609240
-0.004237100
-0.003721860
-0.003143900
-0.002557900
-0.002011070
-0.001519150
-0.001130130
-0.000806070
-0.000436517
-0.000083863
0.000090207
0.000038747
-0.000169632
-0.000438732
-0.000792167
-0.001210170
-0.001592940
-0.002002370
-0.002461390
-0.002906120
-0.003260410
-0.003358810
-0.003118360
-0.002655020
-0.002172170
-0.001728170
-0.001324790
-0.001066860
-0.000967490
-0.000813988
-0.000400443
0.000232095
0.000976984
0.001775060
0.002579720
0.003368300
0.004052900
0.004513490
0.004641700
0.004396270
0.003853760
0.003038380
0.001930950
0.000629137
-0.000664841
-0.001773130
-0.002637840
-0.003301020
-0.003794360
-0.004182770
-0.004509340
-0.004685910
-0.004632340
-0.004243690
-0.003466200
-0.002449290
-0.001382670
-0.000324269
0.000648131
0.001335540
0.001614100
0.001498680
0.001077410
0.000384056
-0.000582770
-0.001759580
-0.002959840
-0.003901150
-0.004438020
-0.004674260
-0.004770970
-0.004681720
-0.004285570
-0.003616610
-0.002793340
-0.001915750
-0.001063900
-0.000252269
0.000542156
0.001182930
0.001525470
0.001627240
0.001632160
0.001647730
0.001697150
0.001775270
0.001830850
0.001754260
0.001507080
0.001196950
0.000988715
0.001008770
0.001233480
0.001499780
0.001688200
0.001776380
0.001862810
0.002035130
0.002255600
0.002515030
0.002837400
0.003171820
0.003471520
0.003716030
0.003843150
0.003761980
0.003495480
0.003196020
0.002905470
0.002518320
0.001975120
0.001335390
0.000629523
-0.000151874
-0.000971181
-0.001789850
-0.002548390
-0.003154700
-0.003621740
-0.004047270
-0.004415670
-0.004659350
-0.004778810
-0.004791360
-0.004733760
-0.004604170
-0.004315760
-0.003834520
-0.003267590
-0.002790150
-0.002469720
-0.002286340
-0.002159950
-0.001915380
-0.001454980
-0.000859706
-0.000254593
0.000344008
0.000935676
0.001445000
0.001804360
0.001995320
0.002035840
0.001981670
0.001887510
0.001770790
0.001682970
0.001652330
0.001653330
0.001685980
0.001736570
0.001841470
0.002028690
0.002313000
0.002694760
0.003013500
0.003161780
0.003225750
0.003244200
0.003109540
0.002795230
0.002408510
0.001993130
0.001546870
0.001083510
0.000615176
0.000188207
-0.000171756
-0.000432168
-0.000563770
-0.000597705
-0.000552403
-0.000349925
0.000062036
0.000574900
0.001098630
0.001590800
0.002060080
0.002532210
0.002884680
0.003012550
0.002902640
0.002531800
0.001921890
0.001128300
0.000169400
-0.000894359
-0.001898630
-0.002664180
-0.003083720
-0.003208020
-0.003196120
-0.003204030
-0.003227970
-0.003060390
-0.002635410
-0.002073200
-0.001480180
-0.000957532
-0.000551185
-0.000285617
-0.000216640
-0.000398245
-0.000836767
-0.001397650
-0.001920320
-0.002353720
-0.002722480
-0.003018420
-0.003165020
-0.003068310
-0.002717750
-0.002297650
-0.002036940
-0.001925580
-0.001762080
-0.001464190
-0.001096620
-0.000755869
-0.000460510
0.000011924
0.000779971
0.001576210
0.002195650
0.002641020
0.002878040
0.002875220
0.002690660
0.002379250
0.001966260
0.001559400
0.001258530
0.001039400
0.000897735
0.000919476
0.001146110
0.001484000
0.001847000
0.002285670
0.002755600
0.003036520
0.003067260
0.002988110
0.002888270
0.002726030
0.002433460
0.002041530
0.001630420
0.001188300
0.000646238
0.000017826
-0.000573615
-0.001044010
-0.001369460
-0.001438700
-0.001168900
-0.000675359
-0.000132100
0.000454915
0.001099620
0.001673280
0.002125840
0.002483170
0.002698150
0.002742470
0.002652970
0.002412560
0.002000970
0.001542460
0.001144990
0.000763328
0.000299823
-0.000214773
-0.000568124
-0.000666730
-0.000641332
-0.000605798
-0.000617146
-0.000669645
-0.000688687
-0.000599889
-0.000359895
-0.000043160
0.000227603
0.000375634
0.000341224
0.000144099
-0.000133377
-0.000376180
-0.000406442
-0.000177534
0.000132689
0.000293764
0.000231832
0.000076392
-0.000064016
-0.000207252
-0.000404850
-0.000680100
-0.001000700
-0.001299210
-0.001554660
-0.001735550
-0.001761700
-0.001520580
-0.001048030
-0.000563906
-0.000122607
0.000319101
0.000799990
0.001293230
0.001659170
0.001853680
0.001927030
0.001935500
0.001896890
0.001803690
0.001659400
0.001469770
0.001194640
0.000798467
0.000351161
-0.000045569
-0.000332020
-0.000454537
-0.000388250
-0.000154210
0.000208596
0.000609171
0.000978259
0.001277030
0.001416570
0.001377790
0.001222350
0.000922791
0.000441375
-0.000153324
-0.000718985
-0.001134900
-0.001429190
-0.001666640
-0.001877800
-0.002118400
-0.002416320
-0.002772630
-0.003163700
-0.003504440
-0.003705570
-0.003770040
-0.003765530
-0.003704200
-0.003558140
-0.003371790
-0.003164280
-0.002826560
-0.002388310
-0.002076160
-0.001984610
-0.002019070
-0.002060060
-0.002046190
-0.001986350
-0.001923150
-0.001891660
-0.001878700
-0.001810580
-0.001581210
-0.001173380
-0.000772532
-0.000565039
-0.000520560
-0.000500921
-0.000452095
-0.000395203
-0.000362856
-0.000401899
-0.000488794
-0.000531195
-0.000465488
-0.000279181
0.000030623
0.000405283
0.000678395
0.000762326
0.000717852
0.000633755
0.000525784
0.000331449
0.000016852
-0.000314658
-0.000526284
-0.000698523
-0.001009100
-0.001415660
-0.001733480
-0.001886200
-0.001925460
-0.001927930
-0.001898360
-0.001822730
-0.001643920
-0.001270250
-0.000818096
-0.000493617
-0.000309201
-0.000164385
-0.000013400
0.000115722
0.000148926
0.000087110
-0.000005453
-0.000115460
-0.000244087
-0.000355275
-0.000392813
-0.000367963
-0.000298648
-0.000186238
-0.000138921
-0.000236317
-0.000408508
-0.000569093
-0.000693718
-0.000756633
-0.000687689
-0.000474933
-0.000133737
0.000389581
0.001081350
0.001801050
0.002427780
0.002956860
0.003407730
0.003751820
0.003900050
0.003727800
0.003199400
0.002377940
0.001353240
0.000228954
-0.000905896
-0.001954550
-0.002808180
-0.003429410
-0.003820750
-0.003970920
-0.003831240
-0.003368080
-0.002682870
-0.001898570
-0.001042720
-0.000128864
0.000819903
0.001709960
0.002422090
0.002912340
0.003140240
0.003116520
0.002898000
0.002515220
0.002006010
0.001419250
0.000769857
0.000137362
-0.000280965
-0.000418766
-0.000398885
-0.000337413
-0.000195138
0.000123309
0.000513453
0.000817667
0.001035770
0.001169780
0.001117390
0.000808509
0.000316633
-0.000212588
-0.000697949
-0.001143050
-0.001478020
-0.001636450
-0.001650400
-0.001566170
-0.001426280
-0.001215130
-0.000909723
-0.000512360
-0.000011657
0.000579618
0.001227520
0.001842940
0.002358410
0.002811970
0.003187150
0.003510550
0.003900050
0.004331650
0.004689620
0.004951130
0.005103500
0.005097540
0.004992440
0.004848350
0.004707820
0.004660730
0.004703970
0.004794970
0.004894770
0.004881540
0.004653030
0.004256120
0.003740820
0.003120790
0.002461920
0.001799290
0.001194410
0.000686642
0.000233009
-0.000116019
-0.000291024
-0.000363318
-0.000482497
-0.000674918
-0.000850613
-0.000959822
-0.001000100
-0.000995734
-0.000900399
-0.000663472
-0.000332687
0.000058208
0.000512905
0.000979228
0.001342390
0.001467400
0.001244380
0.000760065
0.000224325
-0.000276265
-0.000750533
-0.001223250
-0.001725640
-0.002240420
-0.002637620
-0.002826530
-0.002869490
-0.002813070
-0.002645350
-0.002442340
-0.002389400
-0.002638730
-0.003109850
-0.003583210
-0.003947890
-0.004136010
-0.004036650
-0.003591680
-0.002888930
-0.002038030
-0.001103290
-0.000134097
0.000797378
0.001528200
0.001902060
0.001884300
0.001587930
0.001197810
0.000768980
0.000310544
-0.000032314
-0.000137633
-0.000018418
0.000234716
0.000518119
0.000645478
0.000476542
0.000130862
-0.000172697
-0.000286193
-0.000189776
0.000074856
0.000461622
0.000818350
0.000987590
0.000987067
0.000926545
0.000942980
0.001196850
0.001673020
0.002121240
0.002377890
0.002600550
0.002957300
0.003332400
0.003559920
0.003674350
0.003758840
0.003773620
0.003616170
0.003258070
0.002822350
0.002450280
0.002169790
0.001928090
0.001720200
0.001559280
0.001449390
0.001438190
0.001492370
0.001532690
0.001536780
0.001534720
0.001591220
0.001678710
0.001720800
0.001722980
0.001715760
0.001644680
0.001436830
0.001167330
0.000907278
0.000658477
0.000575721
0.000776609
0.001177460
0.001674860
0.002175000
0.002637920
0.003065090
0.003409690
0.003627640
0.003664050
0.003441670
0.002946490
0.002268260
0.001538040
0.000746557
-0.000165860
-0.001173890
-0.002222400
-0.003151040
-0.003765000
-0.004031290
-0.004097040
-0.004097570
-0.004082220
-0.004039430
-0.003788230
-0.003189420
-0.002338020
-0.001429900
-0.000678298
-0.000102758
0.000375551
0.000723915
0.000908685
0.000896852
0.000721429
0.000464638
0.000188457
-0.000034401
-0.000114068
0.000014510
0.000269950
0.000600588
0.001101970
0.001763120
0.002434730
0.003010960
0.003397560
0.003492280
0.003256780
0.002759400
0.002128550
0.001412750
0.000678742
0.000076671
-0.000332765
-0.000635128
-0.000920891
-0.001169360
-0.001266370
-0.001200790
-0.001137210
-0.001215150
-0.001397560
-0.001547210
-0.001590770
-0.001563390
-0.001570330
-0.001637090
-0.001679500
-0.001655320
-0.001535030
-0.001278170
-0.000967897
-0.000734781
-0.000663024
-0.000748388
-0.000883696
-0.000927050
-0.000752183
-0.000417415
-0.000043498
0.000382627
0.000802111
0.001106950
0.001336370
0.001572770
0.001721320
0.001641820
0.001407780
0.001174800
0.001061730
0.001032980
0.000884904
0.000551685
0.000183116
-0.000061324
-0.000093788
0.000090321
0.000354263
0.000583856
0.000768432
0.000909048
0.000960013
0.000873590
0.000662859
0.000356582
0.000053264
-0.000209783
-0.000549930
-0.000960664
-0.001265110
-0.001313810
-0.001069300
-0.000679236
-0.000350361
-0.000189192
-0.000208523
-0.000175680
0.000101305
0.000577738
0.001005050
0.001235090
0.001395230
0.001665570
0.002002190
0.002276100
0.002407650
0.002419780
0.002393760
0.002378340
0.002404780
0.002448150
0.002475950
0.002469720
0.002419620
0.002289310
0.002062080
0.001809860
0.001495400
0.001018950
0.000379592
-0.000347240
-0.000986057
-0.001364410
-0.001528130
-0.001624800
-0.001681180
-0.001672580
-0.001612250
-0.001570580
-0.001558990
-0.001489710
-0.001337770
-0.001137080
-0.001003890
-0.001097980
-0.001405110
-0.001813920
-0.002264050
-0.002690490
-0.003057750
-0.003435940
-0.003816940
-0.004069020
-0.004213430
-0.004347110
-0.004480990
-0.004559510
-0.004490910
-0.004298730
-0.004144830
-0.004140470
-0.004241970
-0.004371270
-0.004486590
-0.004562070
-0.004576800
-0.004553070
-0.004474750
-0.004268190
-0.004042340
-0.003932180
-0.003897390
-0.003826940
-0.003612570
-0.003270290
-0.002917550
-0.002610670
-0.002279610
-0.001853240
-0.001381520
-0.000907776
-0.000452985
-0.000072556
0.000253428
0.000543243
0.000771204
0.000964438
0.001197490
0.001542460
0.002004430
0.002530610
0.003058150
0.003520310
0.003852190
0.004021090
0.003972680
0.003662150
0.003195080
0.002692280
0.002149900
0.001542810
0.000870794
0.000216577
-0.000274513
-0.000603522
-0.000886866
-0.001153950
-0.001365520
-0.001508950
-0.001621160
-0.001817920
-0.002149880
-0.002461960
-0.002606860
-0.002579850
-0.002427350
-0.002154040
-0.001753830
-0.001306410
-0.000872137
-0.000515842
-0.000315376
-0.000238403
-0.000226667
-0.000218885
-0.000174098
-0.000117959
-0.000080786
-0.000068685
-0.000070362
-0.000077057
-0.000109041
-0.000237589
-0.000483645
-0.000835909
-0.001305940
-0.001808800
-0.002198980
-0.002384790
-0.002404110
-0.002462230
-0.002727900
-0.003134540
-0.003543800
-0.003864740
-0.004126780
-0.004361800
-0.004485960
-0.004455420
-0.004226810
-0.003772690
-0.003183090
-0.002550120
-0.001881540
-0.001173580
-0.000457017
0.000208871
0.000747754
0.001046300
0.001147070
0.001221160
0.001356320
0.001564730
0.001759890
0.001853810
0.001873670
0.001942980
0.002125070
0.002395460
0.002728900
0.003027700
0.003187460
0.003214330
0.003115600
0.002922990
0.002696180
0.002389550
0.001928930
0.001300270
0.000602859
0.000021427
-0.000384950
-0.000682801
-0.000845329
-0.000785834
-0.000517306
-0.000183266
0.000105022
0.000387381
0.000663237
0.000799645
0.000730247
0.000569535
0.000412187
0.000258956
0.000094154
-0.000086040
-0.000186655
-0.000146571
-0.000043433
0.000058513
0.000219668
0.000517186
0.000853560
0.001052040
0.001061210
0.000909049
0.000678395
0.000459017
0.000206368
-0.000122279
-0.000471908
-0.000859125
-0.001341830
-0.001794630
-0.002039270
-0.002071640
-0.001954340
-0.001705200
-0.001378840
-0.001084470
-0.000816842
-0.000501211
-0.000199106
0.000032223
0.000314475
0.000684960
0.001038370
0.001382080
0.001712310
0.001925560
0.001982110
0.001941370
0.001901570
0.001906330
0.001918570
0.001871820
0.001735190
0.001560320
0.001364710
0.001136180
0.000883668
0.000567931
0.000239101
0.000005596
-0.000149511
-0.000291870
-0.000437902
-0.000601735
-0.000751926
-0.000845016
-0.000915354
-0.000967747
-0.000989351
-0.000994336
-0.000994202
-0.000994751
-0.001011370
-0.001067370
-0.001126050
-0.001160220
-0.001160520
-0.001086130
-0.000967100
-0.000821710
-0.000597725
-0.000326983
-0.000117245
-0.000038972
-0.000082047
-0.000193486
-0.000325607
-0.000477415
-0.000713149
-0.001021550
-0.001347950
-0.001649210
-0.001860830
-0.001987900
-0.002084060
-0.002205630
-0.002394910
-0.002607580
-0.002764800
-0.002833290
-0.002798550
-0.002671910
-0.002469530
-0.002183090
-0.001794920
-0.001332270
-0.000866250
-0.000436372
-0.000015839
0.000410096
0.000785912
0.001016550
0.001081230
0.001065790
0.001037280
0.001020640
0.000944923
0.000751745
0.000515690
0.000344801
0.000336409
0.000524396
0.000824428
0.001058350
0.001151230
0.001199470
0.001288170
0.001404000
0.001479370
0.001461840
0.001302720
0.000994594
0.000588637
0.000174626
-0.000203257
-0.000611817
-0.001061410
-0.001525140
-0.001950130
-0.002250470
-0.002405840
-0.002379680
-0.002156160
-0.001788960
-0.001368200
-0.000973708
-0.000609138
-0.000260664
0.000068388
0.000320519
0.000438580
0.000448899
0.000431568
0.000445352
0.000474149
0.000494655
0.000500805
0.000503117
0.000550430
0.000687110
0.000865462
0.001009970
0.001085380
0.001086120
0.001053850
0.001017980
0.000984791
0.000980427
0.001010620
0.001007540
0.000909154
0.000717350
0.000558975
0.000581849
0.000766739
0.000971629
0.001037400
0.000925528
0.000698287
0.000419507
0.000145526
-0.000095898
-0.000327688
-0.000568494
-0.000776691
-0.000911628
-0.000973071
-0.000984414
-0.000964502
-0.000909222
-0.000836049
-0.000768465
-0.000650807
-0.000425942
-0.000132254
0.000164005
0.000401593
0.000570193
0.000725955
0.000867274
0.000936854
0.000917870
0.000840141
0.000761148
0.000718181
0.000736698
0.000845575
0.001047320
0.001317260
0.001608240
0.001926140
0.002271930
0.002583080
0.002843250
0.003032530
0.003125480
0.003132680
0.003008690
0.002730650
0.002371160
0.002000230
0.001637560
0.001276680
0.000914691
0.000552403
0.000199443
-0.000094997
-0.000270372
-0.000319839
-0.000264227
-0.000121463
0.000039345
0.000124143
0.000119665
0.000078925
0.000039870
-0.000020293
-0.000135621
-0.000261420
-0.000330456
-0.000346077
-0.000331374
-0.000259907
-0.000100879
0.000141818
0.000448704
0.000803776
0.001146810
0.001407030
0.001575210
0.001632420
0.001563730
0.001422350
0.001263090
0.001092160
0.000934661
0.000828328
0.000742789
0.000623607
0.000485107
0.000385710
0.000344311
0.000339890
0.000342619
0.000333420
0.000309199
0.000260922
0.000174546
0.000055838
-0.000070021
-0.000193535
-0.000328211
-0.000479703
-0.000617728
-0.000699159
-0.000715198
-0.000692419
-0.000660338
-0.000608019
-0.000512757
-0.000383362
-0.000242130
-0.000113328
-0.000002894
0.000101058
0.000189869
0.000240127
0.000254842
0.000269767
0.000311739
0.000372929
0.000430866
0.000462583
0.000462468
0.000445027
0.000420694
0.000388682
0.000352701
0.000320182
0.000283342
0.000234463
0.000184832
0.000142646
0.000087243
0.000008820
-0.000069806
-0.000126032
-0.000141413
-0.000104649
-0.000032591
0.000037042
0.000071194
0.000063395
0.000059168
0.000094554
0.000146311
0.000186116
0.000201567
0.000201804
0.000196571
0.000186249
0.000180260
0.000176060
0.000167884
0.000158391
0.000143051
0.000115341
0.000081765
0.000042200
-0.000005361
-0.000045205
-0.000066199
-0.000076574
-0.000099603
-0.000149539
-0.000213621
-0.000272999
-0.000323735
-0.000368923
-0.000415325
-0.000463895
-0.000496890
-0.000502949
-0.000483011
-0.000436890
-0.000378998
-0.000330505
-0.000293012
-0.000262734
-0.000243846
-0.000244745
-0.000267125
-0.000291151
-0.000300314
-0.000297730
-0.000290650
-0.000284319
-0.000279304
-0.000275234
-0.000271491
-0.000267799
-0.000265261
-0.000260471
-0.000253047
-0.000242206
-0.000219686
-0.000185068
-0.000154921
-0.000141930
-0.000140775
-0.000144453
-0.000143926
-0.000126293
-0.000097576
-0.000077240
-0.000073713
-0.000082613
-0.000094949
-0.000102977
-0.000104324
-0.000098753
-0.000089256
-0.000082844
-0.000082967
-0.000091165
-0.000106062
-0.000125336
-0.000147228
-0.000168834
-0.000189966
-0.000209439
-0.000221410
-0.000222777
-0.000217344
-0.000209262
-0.000200672
-0.000195346
-0.000193163
-0.000192623
-0.000195827
-0.000197880
-0.000193806
-0.000184284
-0.000169450
-0.000154228
-0.000141966
-0.000130945
-0.000121724
-0.000115811
-0.000115701
-0.000119028
-0.000120195
-0.000119311
-0.000116683
-0.000112213
-0.000106056
-0.000096833
-0.000085680
-0.000073219
-0.000058591
-0.000042744
-0.000028561
-0.000017457
-0.000007513
0.000002858
0.000013516
0.000023209
0.000031358
0.000037955
0.000041674
0.000041819
0.000039881
0.000037028
0.000033346
0.000028997
0.000024319
0.000018476
0.000011424
0.000005746
0.000002366
0.000000593
-0.000001789
-0.000005658
-0.000009843
-0.000013820
-0.000015355
-0.000014792
-0.000014650
-0.000015270
-0.000016365
-0.000017568
-0.000018339
-0.000018251
-0.000017426
-0.000016361
-0.000015487
-0.000015731
-0.000016905
-0.000017664
-0.000017930
-0.000018063
-0.000017988
-0.000017813
-0.000018237
-0.000019318
-0.000019732
-0.000019707
-0.000019659
-0.000019233
-0.000018834
-0.000017144
-0.000014033
-0.000011337
-0.000009198
-0.000006992
-0.000004579
-0.000002401
-0.000000725
0.000000450
0.000001331
0.000002104
0.000002677
0.000002787
0.000002581
0.000002552
0.000002669
0.000002903
0.000003117
0.000003204
0.000003426
0.000003971
0.000004667
0.000005093
0.000005185
0.000005402
0.000005933
0.000006322
0.000006485
0.000006568
0.000006685
0.000007060
0.000007440
0.000007896
0.000008647
0.000009367
0.000009842
0.000010207
0.000010669
0.000011193
0.000011651
0.000012025
0.000012374
0.000012705
0.000012997
0.000013335
0.000013708
0.000014054
0.000014347
0.000014635
0.000014953
0.000015254
0.000015544
0.000015822
0.000016076
0.000016297
0.000016525
0.000016754
0.000016959
0.000017189
0.000017413
0.000017627
0.000017845
0.000018056
0.000018272
0.000018474
0.000018665
0.000018857
0.000019051
0.000019247
0.000019437
0.000019625
0.000019818
0.000020016
0.000020217
0.000020423
0.000020633
0.000000000
