0.000765660
0.001190140
0.001763230
0.001784990
0.001765260
0.001748110
0.001730790
0.001713840
0.001698100
0.001684150
0.001671120
0.001658180
0.001645320
0.001633030
0.001620760
0.001606730
0.001589050
0.001568230
0.001546340
0.001523680
0.001502430
0.001483580
0.001465950
0.001451210
0.001440570
0.001432310
0.001426260
0.001424400
0.001423870
0.001421490
0.001417890
0.001411390
0.001398470
0.001378510
0.001353170
0.001325050
0.001297250
0.001271920
0.001252160
0.001239960
0.001230840
0.001216880
0.001194540
0.001162480
0.001120200
0.001070440
0.001021280
0.000982138
0.000953040
0.000927013
0.000896469
0.000858427
0.000816339
0.000772414
0.000731560
0.000706335
0.000703489
0.000712385
0.000722173
0.000734361
0.000748872
0.000760991
0.000767121
0.000771863
0.000781957
0.000797957
0.000815519
0.000831267
0.000851650
0.000876654
0.000897972
0.000917594
0.000934084
0.000935709
0.000905291
0.000832383
0.000722930
0.000585898
0.000425809
0.000241752
0.000047651
-0.000130188
-0.000278987
-0.000394583
-0.000474214
-0.000516069
-0.000511955
-0.000455131
-0.000362351
-0.000264107
-0.000182529
-0.000138798
-0.000161251
-0.000257004
-0.000397160
-0.000546254
-0.000685898
-0.000818140
-0.000947400
-0.001059450
-0.001135970
-0.001172860
-0.001155210
-0.001065920
-0.000917257
-0.000731329
-0.000550195
-0.000429731
-0.000388058
-0.000392592
-0.000396011
-0.000383097
-0.000359487
-0.000354237
-0.000405283
-0.000532941
-0.000739571
-0.000979575
-0.001176340
-0.001265330
-0.001211500
-0.001012930
-0.000726251
-0.000413762
-0.000073495
0.000294887
0.000664577
0.001013410
0.001295300
0.001440500
0.001399040
0.001180920
0.000831469
0.000393274
-0.000064599
-0.000455619
-0.000695281
-0.000736129
-0.000587083
-0.000289607
0.000103452
0.000562011
0.001076050
0.001621970
0.002185520
0.002752760
0.003236460
0.003508100
0.003500490
0.003275890
0.002970200
0.002691470
0.002500470
0.002379160
0.002223640
0.001929220
0.001463720
0.000872367
0.000280171
-0.000168833
-0.000394334
-0.000388080
-0.000237460
-0.000085667
-0.000067090
-0.000270349
-0.000699148
-0.001266710
-0.001868770
-0.002421190
-0.002737270
-0.002578070
-0.001791650
-0.000247298
0.002172540
0.005311220
0.008536440
0.011122700
0.012763300
0.013559600
0.013727200
0.013343700
0.012359200
0.010795700
0.008817970
0.006628320
0.004414580
0.002376080
0.000631176
-0.000888618
-0.002373230
-0.003942380
-0.005514920
-0.006911080
-0.008003970
-0.008707770
-0.008924290
-0.008586220
-0.007758170
-0.006617880
-0.005371890
-0.004233730
-0.003481610
-0.003282940
-0.003557300
-0.004111690
-0.004668410
-0.005004900
-0.004973180
-0.004482530
-0.003635360
-0.002629250
-0.001655620
-0.000915461
-0.000609608
-0.000870671
-0.001650880
-0.002788090
-0.004126600
-0.005530950
-0.006828450
-0.007894960
-0.008719820
-0.009262710
-0.009550160
-0.009671490
-0.009625530
-0.009333230
-0.008734830
-0.007825680
-0.006632420
-0.005275000
-0.003979630
-0.002943190
-0.002140340
-0.001366860
-0.000425674
0.000741277
0.001969600
0.002962880
0.003467730
0.003492020
0.003317700
0.003269900
0.003650380
0.004544860
0.005724070
0.006803730
0.007344120
0.007136920
0.006366200
0.005369020
0.004388450
0.003526110
0.002790300
0.002198630
0.001854880
0.001848160
0.002314280
0.003432390
0.005113840
0.007021840
0.008771340
0.010011400
0.010480600
0.010111000
0.009110880
0.007864080
0.006799300
0.006213590
0.006106210
0.006278690
0.006557660
0.006830580
0.006972100
0.006895150
0.006517060
0.005779920
0.004754370
0.003545350
0.002312310
0.001187350
0.000218103
-0.000495816
-0.000933492
-0.001151750
-0.001056180
-0.000540301
0.000203935
0.000878242
0.001346140
0.001692780
0.002255160
0.003265590
0.004529800
0.005551000
0.005680150
0.004414240
0.001857210
-0.001294780
-0.004183530
-0.006320440
-0.007715450
-0.008708080
-0.010013600
-0.012405800
-0.016119100
-0.020604300
-0.024850300
-0.027986300
-0.029589000
-0.029625300
-0.028292600
-0.025875300
-0.022514900
-0.018353500
-0.013779100
-0.009372290
-0.005796480
-0.003407430
-0.002054170
-0.001295540
-0.000720503
-0.000125109
0.000577436
0.001189480
0.001208930
0.000409503
-0.000957219
-0.002494100
-0.003966880
-0.005347530
-0.006650090
-0.007815460
-0.008665990
-0.009109340
-0.009180210
-0.008865310
-0.008249600
-0.007587070
-0.007191380
-0.007219640
-0.007632070
-0.008191070
-0.008322730
-0.007404610
-0.005048700
-0.001497710
0.002234220
0.005019300
0.006075980
0.005278360
0.003184480
0.000647438
-0.001542140
-0.002860810
-0.003057220
-0.002218370
-0.000642746
0.001439650
0.003905870
0.006727050
0.009841320
0.012781900
0.014746500
0.015170800
0.013995900
0.011730200
0.009298930
0.007512090
0.006851540
0.007357720
0.008519520
0.009732170
0.010736100
0.011654400
0.012873400
0.014542100
0.016216400
0.017100000
0.016241100
0.012883300
0.007320560
0.001389040
-0.002563530
-0.003547720
-0.002447380
-0.000936664
-0.000568999
-0.002028110
-0.004726720
-0.007479680
-0.009096740
-0.008788130
-0.006569680
-0.003077800
0.001006170
0.005371110
0.009915330
0.014136600
0.017386700
0.019164700
0.018486500
0.013958700
0.004692080
-0.008188520
-0.020669500
-0.028328600
-0.030069800
-0.028024900
-0.024791300
-0.021810900
-0.019303900
-0.016781300
-0.013744100
-0.010333500
-0.007136290
-0.004727790
-0.003507650
-0.003549400
-0.004481800
-0.005584500
-0.006152490
-0.005877890
-0.004932820
-0.003876010
-0.003433570
-0.004102500
-0.005838750
-0.007781050
-0.008638690
-0.007615560
-0.004809250
-0.001267030
0.001444410
0.002218770
0.000891804
-0.001822850
-0.004868240
-0.007720730
-0.010634500
-0.014417600
-0.019562000
-0.025216100
-0.029620800
-0.031013000
-0.028190900
-0.021543000
-0.013348200
-0.006106410
-0.000623060
0.003906670
0.008384140
0.012931900
0.016962100
0.019633500
0.020137200
0.017532800
0.011202700
0.002247840
-0.006492410
-0.012644100
-0.015884200
-0.017489500
-0.018994300
-0.021046000
-0.023245100
-0.024784700
-0.024830900
-0.022729200
-0.018524700
-0.013220800
-0.008230960
-0.004597390
-0.002696360
-0.002317540
-0.002812520
-0.003325700
-0.003182230
-0.002047170
0.000082581
0.003140340
0.007055960
0.011365600
0.015530100
0.019429000
0.023177200
0.026749700
0.029913800
0.032353800
0.033557600
0.032529500
0.027393500
0.017363800
0.005862980
-0.002066290
-0.004740660
-0.004105340
-0.002907040
-0.002588620
-0.003315560
-0.004837480
-0.006845930
-0.009044800
-0.011094300
-0.012477800
-0.012759700
-0.011810700
-0.009737440
-0.006796430
-0.003227540
0.000731051
0.004730300
0.008318450
0.010976700
0.012246000
0.012012800
0.010674200
0.009072130
0.008161950
0.008382150
0.009517830
0.010982300
0.011906700
0.011673500
0.010510200
0.009144330
0.008105100
0.007338380
0.006223030
0.004063270
0.000708172
-0.003240270
-0.006791190
-0.009106230
-0.009898150
-0.009654510
-0.009360690
-0.009862930
-0.011484700
-0.013966200
-0.016675400
-0.018905700
-0.020157200
-0.020395200
-0.019851700
-0.018727500
-0.017112500
-0.014794300
-0.011800500
-0.009004440
-0.007565150
-0.008357710
-0.011804700
-0.017320200
-0.022982500
-0.026707900
-0.027688500
-0.026043100
-0.022000900
-0.016153800
-0.009700610
-0.004080230
-0.000129037
0.002257210
0.003472660
0.003874890
0.003717450
0.003160370
0.002536950
0.002255270
0.002694240
0.003882190
0.005273470
0.006143930
0.005662330
0.002840010
-0.002610210
-0.009085710
-0.013863600
-0.015225100
-0.013281200
-0.009347690
-0.005239800
-0.002512170
-0.001560370
-0.001590050
-0.001607590
-0.001246100
-0.000740170
-0.000726432
-0.001660930
-0.003542600
-0.006157400
-0.008933010
-0.011097700
-0.012202400
-0.012214100
-0.011385700
-0.010157800
-0.009026970
-0.008367230
-0.008207860
-0.008289630
-0.008149430
-0.007458940
-0.006196010
-0.004549510
-0.002857380
-0.001388520
-0.000167434
0.001022210
0.002432440
0.004458650
0.007629390
0.012066200
0.016805800
0.020332300
0.021405600
0.019057800
0.013445600
0.006312000
-0.000275000
-0.005257980
-0.008938900
-0.011847600
-0.013961800
-0.014891300
-0.013862000
-0.010454700
-0.005268240
0.000302972
0.004784220
0.007228420
0.007447040
0.006090700
0.004027780
0.002022010
0.000749008
0.000454681
0.001255960
0.003326920
0.006519340
0.010310100
0.013989400
0.016867600
0.018520200
0.018535300
0.016003700
0.009383780
-0.001266100
-0.012007500
-0.018489400
-0.020374300
-0.020111500
-0.019820400
-0.020451600
-0.021689700
-0.022564300
-0.022583500
-0.021844500
-0.020809400
-0.020124700
-0.020384800
-0.021949400
-0.024359600
-0.026434700
-0.027347200
-0.026524700
-0.023525000
-0.018455100
-0.012306800
-0.006856790
-0.003230660
-0.001265530
-0.000083113
0.001361640
0.003636450
0.006691300
0.010094100
0.013276300
0.015603000
0.016534000
0.016269900
0.015331900
0.014043400
0.012888400
0.012309400
0.012324400
0.012976900
0.014193700
0.015349600
0.016196200
0.016891300
0.017553600
0.018430000
0.019444800
0.020218100
0.020580400
0.020573900
0.020465700
0.020672400
0.021459100
0.022954400
0.025278300
0.028457000
0.032365800
0.036914800
0.042210300
0.048903000
0.058282800
0.070700300
0.084214900
0.096325200
0.106146000
0.113869000
0.120096000
0.125698000
0.131057000
0.136065000
0.140265000
0.143312000
0.145092000
0.145277000
0.143652000
0.139669000
0.132213000
0.121541000
0.110328000
0.101867000
0.097472600
0.096060900
0.096467200
0.098469900
0.102315000
0.107728000
0.112810000
0.115879000
0.116643000
0.114743000
0.109366000
0.099325400
0.084518000
0.067400300
0.051869800
0.041290900
0.036246800
0.034319700
0.032675100
0.030127300
0.026803000
0.023266600
0.019530600
0.013935600
0.004331090
-0.009781930
-0.026681100
-0.044197300
-0.061227400
-0.077696600
-0.094368100
-0.111187000
-0.126164000
-0.137183000
-0.143921000
-0.148003000
-0.151763000
-0.156233000
-0.161338000
-0.167505000
-0.175496000
-0.185658000
-0.197732000
-0.210396000
-0.222073000
-0.232387000
-0.241934000
-0.251413000
-0.260926000
-0.270111000
-0.279014000
-0.287764000
-0.295884000
-0.302909000
-0.308388000
-0.312152000
-0.314333000
-0.314809000
-0.313288000
-0.309405000
-0.303381000
-0.295808000
-0.286547000
-0.274271000
-0.257894000
-0.239279000
-0.222340000
-0.210166000
-0.202048000
-0.192048000
-0.173317000
-0.143890000
-0.108067000
-0.071825100
-0.037840400
-0.005240930
0.027672500
0.062020100
0.097798800
0.133549000
0.166176000
0.190159000
0.202008000
0.204430000
0.203106000
0.201785000
0.201400000
0.202136000
0.204174000
0.208161000
0.214226000
0.220961000
0.226650000
0.230062000
0.231631000
0.232951000
0.235088000
0.239286000
0.247238000
0.259746000
0.275362000
0.289573000
0.297905000
0.299249000
0.295216000
0.288128000
0.279023000
0.267584000
0.253205000
0.236361000
0.218278000
0.199700000
0.181244000
0.163458000
0.147192000
0.133555000
0.123327000
0.116147000
0.110967000
0.107172000
0.104339000
0.102518000
0.102000000
0.102678000
0.103953000
0.105529000
0.106982000
0.107519000
0.107045000
0.105304000
0.101861000
0.096814000
0.090221100
0.082210300
0.073465500
0.065165800
0.057790700
0.050394900
0.041924000
0.032333200
0.022362100
0.012365800
0.001839700
-0.011269200
-0.029023500
-0.050252500
-0.072264800
-0.093538500
-0.112178000
-0.125484000
-0.132375000
-0.133058000
-0.126355000
-0.110725000
-0.087829100
-0.063256900
-0.043809800
-0.032889600
-0.028555900
-0.026861900
-0.025391700
-0.024463000
-0.025776800
-0.030402300
-0.037693800
-0.045768000
-0.052990100
-0.058301400
-0.062321900
-0.066166500
-0.070382800
-0.075382300
-0.080833800
-0.085880800
-0.089916700
-0.092723400
-0.094262000
-0.094602400
-0.093625200
-0.091202900
-0.087101200
-0.081023100
-0.073423300
-0.065774900
-0.059084000
-0.053510500
-0.049180900
-0.045935900
-0.044016100
-0.043654400
-0.045416100
-0.050868000
-0.061111800
-0.076811200
-0.097186000
-0.119593000
-0.142030000
-0.164141000
-0.186233000
-0.208796000
-0.232068000
-0.255591000
-0.278305000
-0.296625000
-0.302907000
-0.288894000
-0.252404000
-0.200895000
-0.145373000
-0.092110800
-0.043807400
-0.002788740
0.031127900
0.061416700
0.091660600
0.122159000
0.149179000
0.167403000
0.175422000
0.177415000
0.178110000
0.179780000
0.182675000
0.186051000
0.189125000
0.191905000
0.194522000
0.196793000
0.198825000
0.200459000
0.201792000
0.203407000
0.205621000
0.208584000
0.211727000
0.214006000
0.214583000
0.212792000
0.208615000
0.202207000
0.193567000
0.183218000
0.171843000
0.160233000
0.149301000
0.139656000
0.131400000
0.122909000
0.111124000
0.094238500
0.073250400
0.050763800
0.028639200
0.007242030
-0.013804900
-0.035252800
-0.057157400
-0.078613600
-0.099065300
-0.118797000
-0.138316000
-0.157834000
-0.177378000
-0.197017000
-0.215816000
-0.231536000
-0.242210000
-0.247461000
-0.248450000
-0.243368000
-0.225877000
-0.193246000
-0.150725000
-0.105991000
-0.064007300
-0.028889500
-0.005967700
0.003811000
0.005259520
0.002842530
-0.001676890
-0.007068140
-0.011700600
-0.014814800
-0.016528000
-0.017230300
-0.017569500
-0.018247100
-0.020123000
-0.024859000
-0.033434100
-0.044299600
-0.054440800
-0.060779200
-0.062408000
-0.061090400
-0.057994300
-0.053972000
-0.050112200
-0.046677300
-0.043831400
-0.041588000
-0.040382200
-0.040311100
-0.040718700
-0.041218300
-0.041120100
-0.039810900
-0.037081500
-0.033143100
-0.028816900
-0.025087500
-0.022915400
-0.023117700
-0.026036500
-0.031681100
-0.039583900
-0.049292900
-0.060440500
-0.072025600
-0.083342100
-0.094067700
-0.104119000
-0.113981000
-0.123678000
-0.132058000
-0.138270000
-0.142725000
-0.145697000
-0.147445000
-0.148427000
-0.148159000
-0.146926000
-0.145310000
-0.143066000
-0.139865000
-0.132187000
-0.114601000
-0.085924400
-0.050828500
-0.015187100
0.017898000
0.045718100
0.065261600
0.077196900
0.087150900
0.100249000
0.115465000
0.127734000
0.133846000
0.133552000
0.126013000
0.110036000
0.087661800
0.062918500
0.038302100
0.014182600
-0.009912490
-0.033559000
-0.053817500
-0.066980600
-0.073277000
-0.075881500
-0.077028700
-0.076144200
-0.069512400
-0.053328400
-0.028114900
0.001282570
0.030616200
0.058395900
0.085400200
0.113164000
0.141235000
0.166108000
0.184256000
0.195752000
0.202932000
0.208559000
0.214196000
0.219709000
0.225064000
0.230032000
0.234853000
0.240562000
0.246852000
0.252529000
0.256632000
0.258726000
0.258501000
0.255037000
0.246523000
0.231549000
0.211730000
0.189889000
0.168222000
0.147287000
0.126022000
0.104372000
0.083209400
0.064756000
0.050858100
0.040435800
0.030674100
0.019492000
0.007187570
-0.004792240
-0.014687700
-0.022552500
-0.030199900
-0.038999400
-0.050126200
-0.064205600
-0.080339400
-0.096265500
-0.109749000
-0.119673000
-0.126236000
-0.129718000
-0.129225000
-0.121030000
-0.102006000
-0.076445500
-0.054347000
-0.042688700
-0.039793700
-0.039392800
-0.037486900
-0.033938900
-0.030404200
-0.028585900
-0.029199400
-0.031656000
-0.035314100
-0.039920500
-0.044940900
-0.049950700
-0.054889200
-0.059150300
-0.062659700
-0.066054200
-0.069181300
-0.072251800
-0.075864300
-0.079863000
-0.084414900
-0.089874700
-0.095494200
-0.100440000
-0.104347000
-0.107075000
-0.108865000
-0.109953000
-0.110384000
-0.110288000
-0.109997000
-0.109747000
-0.109869000
-0.110757000
-0.112800000
-0.116304000
-0.121357000
-0.127650000
-0.134263000
-0.139770000
-0.143497000
-0.146072000
-0.147874000
-0.148848000
-0.149314000
-0.149445000
-0.149053000
-0.147927000
-0.145935000
-0.143247000
-0.139470000
-0.134911000
-0.130239000
-0.125203000
-0.120512000
-0.116309000
-0.111390000
-0.104969000
-0.096361200
-0.084504100
-0.069777300
-0.053886100
-0.038026800
-0.022816500
-0.007781970
0.007805630
0.023908700
0.040065500
0.055179100
0.067880500
0.077563200
0.084720400
0.090712700
0.096562600
0.102607000
0.109217000
0.116426000
0.124941000
0.135801000
0.148540000
0.162478000
0.176903000
0.191367000
0.205750000
0.219750000
0.233088000
0.244280000
0.252528000
0.258113000
0.261354000
0.262835000
0.262573000
0.259656000
0.252216000
0.239126000
0.221195000
0.200642000
0.179736000
0.159568000
0.139609000
0.119140000
0.098066000
0.076595900
0.054982500
0.033394000
0.012254500
-0.008931650
-0.030054500
-0.049478300
-0.065247800
-0.076960200
-0.086574100
-0.095698700
-0.104404000
-0.112221000
-0.118594000
-0.122240000
-0.122266000
-0.120050000
-0.117233000
-0.114855000
-0.114012000
-0.114662000
-0.116199000
-0.118393000
-0.121350000
-0.125230000
-0.130702000
-0.138386000
-0.147885000
-0.157474000
-0.164991000
-0.169605000
-0.171602000
-0.171946000
-0.171600000
-0.170826000
-0.169774000
-0.169087000
-0.169480000
-0.171279000
-0.174822000
-0.180182000
-0.186589000
-0.193014000
-0.198072000
-0.200814000
-0.201483000
-0.199350000
-0.191990000
-0.177371000
-0.156353000
-0.132569000
-0.108823000
-0.085993100
-0.063677000
-0.040557600
-0.016431600
0.006982010
0.026271900
0.038931500
0.046535500
0.053025400
0.062407200
0.077443800
0.097184200
0.118213000
0.138035000
0.154371000
0.165521000
0.172331000
0.176544000
0.179383000
0.181425000
0.182244000
0.181601000
0.179937000
0.177978000
0.176568000
0.175923000
0.175916000
0.176551000
0.177538000
0.178553000
0.179745000
0.180981000
0.182333000
0.183840000
0.185054000
0.185741000
0.185715000
0.184805000
0.182605000
0.179014000
0.173484000
0.165571000
0.156003000
0.145095000
0.133258000
0.121377000
0.109922000
0.099605600
0.090381900
0.081668900
0.073243600
0.063924700
0.052533300
0.039030300
0.024329200
0.009829590
-0.003288920
-0.015033300
-0.027149600
-0.041676400
-0.058440900
-0.075906300
-0.093336200
-0.110216000
-0.126565000
-0.142824000
-0.158020000
-0.170675000
-0.180462000
-0.187372000
-0.191689000
-0.193976000
-0.194095000
-0.191172000
-0.183202000
-0.168900000
-0.149378000
-0.127475000
-0.105774000
-0.084535800
-0.063076100
-0.041309900
-0.019050000
0.003237650
0.023288600
0.039205000
0.050804900
0.058938300
0.064740700
0.068940600
0.071423700
0.071756800
0.069789600
0.065517100
0.059170200
0.051475800
0.043780300
0.036796200
0.030878700
0.026167900
0.022387000
0.019614200
0.017592500
0.016337700
0.016055000
0.016613300
0.018049700
0.020008900
0.021919500
0.023737900
0.025777000
0.027988300
0.030186600
0.032522000
0.034859800
0.036459900
0.036928600
0.036036900
0.033431700
0.029066800
0.022583800
0.013761000
0.002882890
-0.008766030
-0.018894400
-0.026135400
-0.030896500
-0.034339300
-0.037452400
-0.040348400
-0.042786300
-0.044884500
-0.046807300
-0.048696900
-0.050827600
-0.053687900
-0.057257500
-0.061253300
-0.065739300
-0.070648600
-0.075426900
-0.079540600
-0.082783400
-0.085078800
-0.086552600
-0.087148400
-0.086554100
-0.085008700
-0.082299300
-0.078016600
-0.072428700
-0.065072100
-0.056321000
-0.047510700
-0.039261300
-0.031912100
-0.025629500
-0.020269600
-0.015068700
-0.009790190
-0.004519960
0.001204450
0.006949790
0.011924200
0.016203300
0.020091500
0.023584000
0.026736400
0.029553100
0.032082000
0.034252300
0.035552100
0.035885800
0.034845800
0.031675900
0.025725300
0.016060800
0.002411670
-0.013228900
-0.027597200
-0.039163300
-0.048257400
-0.055799600
-0.062394200
-0.067832400
-0.071870700
-0.074453400
-0.075388900
-0.074748900
-0.072784400
-0.069835300
-0.066514500
-0.063062600
-0.059164600
-0.054389200
-0.048401100
-0.040992600
-0.032151000
-0.022923400
-0.015124900
-0.009364910
-0.005052540
-0.001483160
0.002020640
0.005857500
0.010328100
0.015466200
0.021097200
0.027221600
0.033600600
0.039308800
0.043892700
0.047837600
0.051123700
0.053791600
0.056105700
0.057692000
0.058482700
0.058658000
0.058252700
0.057827000
0.057571500
0.057376700
0.057550700
0.058212400
0.059277200
0.060740500
0.062284400
0.063663300
0.065030000
0.066136400
0.066653500
0.066545800
0.065596700
0.063648600
0.061139100
0.058400800
0.055496900
0.052844400
0.050296100
0.047548600
0.045051700
0.042553700
0.039488000
0.035859000
0.031332900
0.026004500
0.020749200
0.015794500
0.010957800
0.006595470
0.002618650
-0.001592870
-0.006061730
-0.010893400
-0.016418300
-0.022278900
-0.027952100
-0.033273500
-0.037940100
-0.041973900
-0.045562200
-0.048724100
-0.051408600
-0.053139600
-0.053513200
-0.052448600
-0.049948500
-0.045306700
-0.038117500
-0.029171900
-0.020161200
-0.013131100
-0.008785670
-0.006595280
-0.006134110
-0.007447380
-0.010517900
-0.015176700
-0.020835200
-0.026555700
-0.031444500
-0.034866300
-0.036711000
-0.037174700
-0.036377100
-0.034222700
-0.030059900
-0.022808800
-0.012465900
-0.001330750
0.007188130
0.012091400
0.014862100
0.017061500
0.019537800
0.021942900
0.023739200
0.024580500
0.024301100
0.023122400
0.021145800
0.018703500
0.016230100
0.013963800
0.011934100
0.010041800
0.008538070
0.007764160
0.007484410
0.007355030
0.007510240
0.007869980
0.008196470
0.008408120
0.008242730
0.007796890
0.007170220
0.006639150
0.006638560
0.007180080
0.008129810
0.009490850
0.011451200
0.013621000
0.015681200
0.017611700
0.019498500
0.021534900
0.023252900
0.024295800
0.024814500
0.024833500
0.024522300
0.023867700
0.022687500
0.021129900
0.019140700
0.016848400
0.014562200
0.012063500
0.009384550
0.006991030
0.004819910
0.002705220
0.001199280
0.000470576
0.000185001
0.000747022
0.002268420
0.004664430
0.008463150
0.013393400
0.018942400
0.024812900
0.030285500
0.035058200
0.039194800
0.042876300
0.046266500
0.049339200
0.052038900
0.054409700
0.056513900
0.058314800
0.059667300
0.060550100
0.061218500
0.061578900
0.061523200
0.061261100
0.060551600
0.059390200
0.058043900
0.056257000
0.054188200
0.051896900
0.049276000
0.046408400
0.043289800
0.040352100
0.037521900
0.034444400
0.031282600
0.027924200
0.024235900
0.020604200
0.017280200
0.013879900
0.010310700
0.006494760
0.002050080
-0.002643680
-0.007259530
-0.012155500
-0.016791600
-0.020542300
-0.024041500
-0.027371800
-0.030439700
-0.033731600
-0.037361700
-0.041304900
-0.045390700
-0.049105300
-0.052154600
-0.054573200
-0.056177300
-0.057044700
-0.057528600
-0.057680900
-0.057562400
-0.057051400
-0.056035000
-0.054436200
-0.052676700
-0.050985200
-0.049069600
-0.047176800
-0.045203600
-0.042690600
-0.039496700
-0.035588300
-0.030970200
-0.026072000
-0.021678600
-0.018202700
-0.015434500
-0.013113100
-0.010840600
-0.008250310
-0.005335500
-0.002070880
0.001517850
0.005498110
0.010160800
0.015558600
0.021758800
0.029351100
0.038196200
0.047169000
0.055662100
0.063030400
0.068724300
0.072827700
0.075729900
0.077883000
0.078979000
0.078779700
0.077208300
0.074063300
0.069559100
0.063771400
0.056631400
0.048584700
0.040423200
0.032430900
0.024650700
0.017648500
0.012216600
0.008198070
0.005337010
0.003628130
0.002612000
0.002385540
0.002806970
0.003623960
0.004652000
0.005504780
0.006032530
0.005977680
0.005431780
0.004421660
0.002881360
0.001098170
-0.000946590
-0.003426670
-0.006489880
-0.010197400
-0.014302000
-0.018887500
-0.024345100
-0.030131900
-0.035297100
-0.039993100
-0.044283200
-0.048088900
-0.051763200
-0.055120200
-0.058106100
-0.060963300
-0.063650000
-0.066189800
-0.068722200
-0.071438700
-0.074259800
-0.077051700
-0.080165500
-0.083128000
-0.085533400
-0.087793100
-0.089394700
-0.090215000
-0.090352200
-0.089440500
-0.087761800
-0.085232200
-0.081744300
-0.077630600
-0.072885600
-0.067796900
-0.062940400
-0.058082500
-0.052873000
-0.047702500
-0.042813700
-0.037884200
-0.032850900
-0.028322500
-0.024054500
-0.019506300
-0.015193600
-0.011083300
-0.007017750
-0.003447490
-0.000463719
0.002111730
0.004437480
0.006616120
0.008417010
0.009818900
0.011224400
0.012460200
0.013407100
0.014463900
0.015780900
0.017722900
0.020550100
0.024132500
0.028583900
0.033550100
0.038342900
0.042471400
0.045989600
0.049187700
0.052129900
0.054957500
0.057551600
0.059735800
0.061574100
0.063139800
0.064482600
0.065751700
0.066956800
0.068161200
0.069479500
0.070794700
0.071742000
0.072038600
0.071636800
0.070417100
0.068464700
0.065965600
0.063081000
0.059563600
0.055110400
0.049976900
0.044059300
0.037446800
0.030827000
0.024553600
0.018821300
0.013637900
0.008808040
0.004177260
-0.000276891
-0.004477360
-0.008460910
-0.012158900
-0.015642200
-0.019096400
-0.022560600
-0.026143500
-0.029795500
-0.033502900
-0.037302400
-0.041037000
-0.044745400
-0.048137200
-0.050891800
-0.053275000
-0.055232900
-0.056701700
-0.057844900
-0.058647400
-0.059181800
-0.059393600
-0.059419900
-0.059275600
-0.058911000
-0.058573600
-0.058306000
-0.058056300
-0.057358200
-0.056076100
-0.054256300
-0.051761000
-0.048924100
-0.045821300
-0.042115200
-0.037646700
-0.032479100
-0.026925300
-0.021774300
-0.017438800
-0.013591400
-0.009967560
-0.006371260
-0.002878310
0.000412539
0.003494670
0.006538100
0.009746530
0.013130200
0.016562000
0.019653200
0.022275400
0.024290100
0.025802200
0.026939200
0.027737900
0.028483400
0.029325300
0.030398200
0.031856300
0.033851900
0.036298500
0.038619500
0.040802000
0.042994400
0.044630900
0.045631500
0.046026600
0.045863300
0.045310600
0.044407700
0.043307400
0.042122500
0.041110100
0.040317600
0.039726900
0.039386400
0.038988100
0.038484500
0.037863200
0.036716100
0.035117300
0.033052000
0.030284100
0.026748900
0.022750000
0.019001300
0.015842900
0.013288600
0.011247600
0.009666150
0.008331730
0.007077750
0.005803380
0.004213370
0.002195130
-0.000053464
-0.002417260
-0.004977480
-0.007537980
-0.009950800
-0.012104800
-0.013865300
-0.015587800
-0.017308500
-0.018964400
-0.020951200
-0.023325900
-0.025898000
-0.028665400
-0.031444700
-0.033873300
-0.035864600
-0.037288200
-0.038108600
-0.038493600
-0.038504600
-0.038061600
-0.037382700
-0.036724000
-0.035974600
-0.035240200
-0.034601800
-0.033843200
-0.032790300
-0.031569000
-0.029863700
-0.027348100
-0.024213300
-0.020371800
-0.016055300
-0.011630500
-0.007319320
-0.003617910
-0.000586937
0.002026030
0.004242910
0.006175340
0.007877090
0.009238410
0.010259100
0.011024500
0.011542700
0.011967200
0.012451800
0.012980900
0.013778300
0.014896200
0.016181400
0.017538600
0.018802900
0.020011300
0.021107600
0.021920300
0.022295600
0.022107500
0.021501800
0.020405300
0.018719400
0.016885900
0.015093800
0.013398200
0.012075000
0.011060900
0.010339200
0.009927640
0.009677540
0.009575390
0.009564950
0.009504600
0.009658190
0.010086900
0.010581400
0.011226100
0.011918900
0.012511200
0.013048000
0.013615600
0.014154500
0.014671900
0.015350700
0.016122000
0.016707400
0.016841500
0.016481500
0.015462100
0.013579700
0.010953800
0.007538730
0.003498600
-0.000720298
-0.004579120
-0.007556060
-0.009749030
-0.011380100
-0.012469800
-0.013100700
-0.013103300
-0.012394900
-0.011309700
-0.010044500
-0.008898660
-0.008206200
-0.007811380
-0.007504560
-0.007129680
-0.006702040
-0.006241740
-0.005747290
-0.005320660
-0.005050870
-0.005135420
-0.005429380
-0.005896720
-0.006643380
-0.007463330
-0.008358250
-0.009547020
-0.011071900
-0.012885900
-0.014774700
-0.016529700
-0.018230700
-0.019818700
-0.021311300
-0.022952700
-0.024634000
-0.026088400
-0.027301500
-0.028451200
-0.029632600
-0.030694700
-0.031447000
-0.031784400
-0.031843000
-0.031693600
-0.031351000
-0.030931800
-0.030595900
-0.030359800
-0.030183000
-0.029915000
-0.029306200
-0.028477300
-0.027401400
-0.025734200
-0.023313200
-0.020415800
-0.017300600
-0.014151800
-0.011338200
-0.009114860
-0.007418890
-0.006051970
-0.005073160
-0.004523250
-0.004331520
-0.004313540
-0.003971280
-0.003294730
-0.002414290
-0.001215840
0.000148855
0.001918900
0.004172600
0.006614590
0.009217780
0.011833500
0.014113700
0.015906400
0.017454900
0.018711200
0.019570800
0.020510100
0.021554900
0.022549200
0.023770900
0.025199200
0.026790700
0.028529100
0.030282000
0.032047400
0.033777700
0.035359900
0.036735600
0.037844500
0.038508300
0.038691700
0.038445800
0.037795200
0.036932500
0.036040200
0.035113600
0.034262200
0.033736200
0.033530500
0.033496600
0.033508100
0.033438900
0.033169300
0.032768800
0.032371000
0.031880000
0.031224000
0.030628800
0.030107200
0.029506400
0.028875700
0.028217600
0.027640600
0.026993000
0.025968800
0.024659200
0.023228200
0.021574100
0.019851300
0.018268000
0.016882300
0.015912500
0.015066100
0.014203900
0.013599600
0.012856900
0.011639100
0.010169400
0.008462260
0.006615670
0.004813250
0.002959770
0.001154730
-0.000480974
-0.002117480
-0.003828300
-0.005582390
-0.007376320
-0.009176600
-0.010958000
-0.012721200
-0.014415900
-0.016079200
-0.017738800
-0.019285800
-0.020570300
-0.021562100
-0.022231400
-0.022473400
-0.022486600
-0.022580000
-0.022725900
-0.022779300
-0.022914400
-0.023287400
-0.023721700
-0.023921200
-0.023945700
-0.023953200
-0.023909700
-0.023722000
-0.023339100
-0.022744000
-0.021858700
-0.020843500
-0.019814100
-0.018830400
-0.017777700
-0.016596100
-0.015455900
-0.014342800
-0.013297000
-0.012334400
-0.011482500
-0.010689700
-0.010012700
-0.009634610
-0.009509470
-0.009472110
-0.009481800
-0.009558250
-0.009565280
-0.009449480
-0.009274660
-0.008980840
-0.008516370
-0.008134140
-0.007875950
-0.007508270
-0.007121760
-0.006819140
-0.006494320
-0.006197040
-0.006022840
-0.005886000
-0.005667390
-0.005281890
-0.004793670
-0.004478330
-0.004386400
-0.004418970
-0.004731780
-0.005249090
-0.005771040
-0.006371390
-0.007239170
-0.008351580
-0.009355150
-0.010255300
-0.011161600
-0.011823700
-0.012194900
-0.012378400
-0.012334000
-0.012137700
-0.011891800
-0.011552100
-0.011181400
-0.010882300
-0.010487600
-0.009758750
-0.008788900
-0.007663310
-0.006364150
-0.005014260
-0.003700150
-0.002709350
-0.002236640
-0.002252290
-0.002655560
-0.003186270
-0.003695810
-0.004113530
-0.004339900
-0.004428920
-0.004552700
-0.004722280
-0.005149220
-0.005867120
-0.006746490
-0.007881460
-0.009194100
-0.010473400
-0.011556300
-0.012495300
-0.013142100
-0.013467000
-0.013522300
-0.013154400
-0.012567100
-0.011840600
-0.010978800
-0.010031800
-0.008942980
-0.007770210
-0.006553780
-0.005246350
-0.003810190
-0.002461780
-0.001303970
-0.000264793
0.000690273
0.001606020
0.002441510
0.003161100
0.003605190
0.003836900
0.004080910
0.004380150
0.004803570
0.005458520
0.006452820
0.007690220
0.009030380
0.010353200
0.011456500
0.012356600
0.012900300
0.012976900
0.012890700
0.012758800
0.012772500
0.013049100
0.013499800
0.014054200
0.014679200
0.015387900
0.015796600
0.015543600
0.014521700
0.012896900
0.010860000
0.008230360
0.005205490
0.002239280
-0.000289059
-0.002262600
-0.003878240
-0.005161300
-0.006056690
-0.006424430
-0.006289190
-0.005970850
-0.005592160
-0.005121420
-0.004594350
-0.003987190
-0.003540240
-0.003411790
-0.003416720
-0.003450930
-0.003315370
-0.003020260
-0.002609500
-0.001858820
-0.000763879
0.000502266
0.001756770
0.002931140
0.003939760
0.004468650
0.004329320
0.003513520
0.002176480
0.000515690
-0.001353500
-0.003128660
-0.004631690
-0.005999370
-0.007081080
-0.007572560
-0.007457220
-0.006770440
-0.005535100
-0.003933850
-0.002238940
-0.000488909
0.001299510
0.002893370
0.004307870
0.005693680
0.007023860
0.008459440
0.010046900
0.011547600
0.012852100
0.014047200
0.015237700
0.016163800
0.016605100
0.016675300
0.016353600
0.015684200
0.014769000
0.013757500
0.012867800
0.012046500
0.011243600
0.010472000
0.009714220
0.008978630
0.008395220
0.008166730
0.008198170
0.008242730
0.008287430
0.008397980
0.008528580
0.008388970
0.007782980
0.006718580
0.005207500
0.003603070
0.002152560
0.000933501
0.000117778
-0.000253852
-0.000163544
0.000301688
0.000830139
0.001114330
0.001047920
0.000530274
-0.000488442
-0.001721140
-0.002910860
-0.004072660
-0.005194660
-0.006135820
-0.006694890
-0.006798160
-0.006607710
-0.006216340
-0.005789820
-0.005547760
-0.005431790
-0.005445030
-0.005676890
-0.006182440
-0.007002980
-0.008016980
-0.009024420
-0.010042700
-0.011108500
-0.012142600
-0.013065700
-0.013751700
-0.014058700
-0.013906900
-0.013352800
-0.012364600
-0.010987200
-0.009415150
-0.007670100
-0.005824150
-0.004103370
-0.002761440
-0.001868080
-0.001251190
-0.000727025
-0.000119996
0.000697163
0.001784270
0.003196140
0.004883530
0.006714500
0.008559470
0.010390200
0.012362400
0.014422100
0.016404600
0.018158200
0.019469000
0.020380500
0.021061400
0.021616900
0.022010700
0.022306100
0.022600100
0.022789200
0.022925900
0.023074300
0.023156300
0.023201800
0.023183600
0.023100500
0.022991400
0.022811700
0.022518100
0.022032100
0.021297700
0.020345300
0.019258600
0.018133600
0.017025400
0.015827900
0.014634000
0.013548200
0.012478100
0.011275700
0.009785040
0.008135090
0.006472070
0.004847160
0.003262040
0.001807280
0.000495565
-0.000757729
-0.001765470
-0.002653960
-0.003571930
-0.004419000
-0.005184940
-0.005931580
-0.006707370
-0.007494480
-0.008369570
-0.009312570
-0.010254400
-0.011198000
-0.012140600
-0.012951700
-0.013541700
-0.014007400
-0.014369100
-0.014329100
-0.013946100
-0.013671100
-0.013456500
-0.013281800
-0.013027700
-0.012478300
-0.011845800
-0.011065900
-0.010033900
-0.008826770
-0.007375340
-0.005649010
-0.003849430
-0.002252060
-0.000856192
0.000435883
0.001592800
0.002444240
0.002886620
0.003031210
0.002933980
0.002547140
0.001962400
0.001250500
0.000481007
-0.000145969
-0.000504544
-0.000424829
0.000082820
0.000855610
0.001943040
0.003321250
0.004754630
0.006166290
0.007613110
0.008885930
0.009883680
0.010685200
0.011292100
0.011598800
0.011781000
0.012170600
0.012620200
0.013058000
0.013462800
0.013803500
0.014360800
0.014979100
0.015082300
0.014572100
0.013667400
0.012534000
0.011296600
0.009948410
0.008577990
0.007413940
0.006473520
0.005854250
0.005592500
0.005545170
0.005814590
0.006287320
0.006657630
0.006816090
0.006767540
0.006577470
0.006231120
0.005647330
0.005004890
0.004448720
0.003924130
0.003529140
0.003289760
0.003121670
0.002986320
0.002740660
0.002212200
0.001387270
0.000217723
-0.001285530
-0.003011420
-0.004948860
-0.007014480
-0.009068330
-0.011029000
-0.012830700
-0.014405400
-0.015688700
-0.016694200
-0.017598500
-0.018486800
-0.019254500
-0.019809700
-0.020156700
-0.020495900
-0.020863200
-0.021042900
-0.021082800
-0.021099800
-0.021099700
-0.021097600
-0.021123700
-0.021233000
-0.021378300
-0.021705800
-0.022407500
-0.023267300
-0.024101200
-0.024891400
-0.025556100
-0.026080800
-0.026500300
-0.026849400
-0.027137500
-0.027160800
-0.026814200
-0.026326000
-0.025878200
-0.025406600
-0.024844200
-0.024132100
-0.023185500
-0.021938400
-0.020290400
-0.018284800
-0.016120100
-0.013949300
-0.011809000
-0.009830070
-0.008086070
-0.006573430
-0.005184850
-0.003888340
-0.002865360
-0.002075170
-0.001412950
-0.000842808
-0.000306930
0.000172095
0.000392437
0.000420281
0.000435320
0.000413565
0.000365532
0.000140697
-0.000265420
-0.000675078
-0.001041310
-0.001278960
-0.001265270
-0.001049880
-0.000650805
0.000006784
0.000762906
0.001556590
0.002356440
0.003175800
0.004121860
0.005178140
0.006526730
0.008252040
0.010185500
0.011988000
0.013541800
0.015057200
0.016406800
0.017386800
0.017869400
0.017739700
0.017072000
0.015920900
0.014530900
0.013197100
0.011950700
0.010826900
0.009839820
0.009083950
0.008693980
0.008730260
0.009206910
0.009935640
0.010681400
0.011385900
0.012039600
0.012567800
0.012846800
0.012775200
0.012380500
0.011671700
0.010808600
0.009781560
0.008408400
0.006817930
0.005075730
0.003300880
0.001570530
-0.000040653
-0.001422820
-0.002654170
-0.003808650
-0.004961550
-0.006186000
-0.007635740
-0.009311540
-0.011046400
-0.012713100
-0.014140000
-0.015237800
-0.016085400
-0.016607100
-0.016610900
-0.015997600
-0.014689500
-0.012907500
-0.010935400
-0.008791920
-0.006587990
-0.004563710
-0.002854450
-0.001441060
-0.000277575
0.000536089
0.001024410
0.001320610
0.001408040
0.001312590
0.000947968
0.000188578
-0.000858039
-0.002001120
-0.003139610
-0.004294170
-0.005391360
-0.006226950
-0.006767700
-0.006961610
-0.006668060
-0.005989660
-0.004936530
-0.003566660
-0.002134710
-0.000685762
0.000864641
0.002550060
0.004164660
0.005450150
0.006388840
0.007035150
0.007495580
0.007877200
0.008229320
0.008621480
0.009207220
0.010064600
0.011029200
0.012065600
0.013177300
0.014294200
0.015401700
0.016410200
0.017316800
0.018136100
0.018864700
0.019516700
0.019967400
0.020193500
0.020240100
0.020134000
0.019986600
0.019809000
0.019556600
0.019258800
0.019000900
0.018790700
0.018476100
0.017973200
0.017285800
0.016299400
0.014784600
0.012681600
0.010215700
0.007684160
0.005235740
0.002881570
0.000778639
-0.000897619
-0.002192320
-0.003192980
-0.003896980
-0.004199200
-0.003971870
-0.003261090
-0.002228330
-0.001019160
0.000175971
0.001138970
0.001756350
0.002032740
0.001984780
0.001706410
0.001376430
0.001108310
0.000893798
0.000700984
0.000472007
0.000062246
-0.000600407
-0.001563860
-0.002900620
-0.004656290
-0.006859240
-0.009241630
-0.011434300
-0.013332600
-0.014903900
-0.016146800
-0.017006400
-0.017460000
-0.017480400
-0.017040300
-0.016282800
-0.015243200
-0.013936900
-0.012361500
-0.010562900
-0.008785790
-0.007143620
-0.005550150
-0.004042530
-0.002630710
-0.001175970
0.000298033
0.001779400
0.003340060
0.004886830
0.006276360
0.007438550
0.008336300
0.008993650
0.009449360
0.009691180
0.009631320
0.009276010
0.008786670
0.008255670
0.007670560
0.007199950
0.007031710
0.007196970
0.007778850
0.008692780
0.009782780
0.010931200
0.012023200
0.013199700
0.014503900
0.015742000
0.016743700
0.017419200
0.017837900
0.018047200
0.018190800
0.018425700
0.018727400
0.019118900
0.019577300
0.020016100
0.020347800
0.020482100
0.020223100
0.019298800
0.017656600
0.015463400
0.012880500
0.010032900
0.007154810
0.004575660
0.002440900
0.000641077
-0.000812924
-0.001957570
-0.002983950
-0.003857320
-0.004556120
-0.005170720
-0.005606490
-0.005731230
-0.005512190
-0.005033320
-0.004415420
-0.003711390
-0.003080760
-0.002645460
-0.002408490
-0.002371810
-0.002575850
-0.003151260
-0.004141760
-0.005509040
-0.007142490
-0.008833060
-0.010543300
-0.012212900
-0.013756800
-0.015129700
-0.016295600
-0.017399500
-0.018374600
-0.019239200
-0.020177400
-0.021069200
-0.021770600
-0.022178100
-0.022321600
-0.022380000
-0.022403500
-0.022353400
-0.022142800
-0.021655300
-0.020826300
-0.019797800
-0.018767200
-0.017761000
-0.016818600
-0.015948400
-0.015134600
-0.014505100
-0.014098500
-0.013798800
-0.013665300
-0.013659700
-0.013656900
-0.013695800
-0.013664900
-0.013447900
-0.013010700
-0.012289000
-0.011259700
-0.010039400
-0.008762190
-0.007462010
-0.006240450
-0.005068680
-0.003823790
-0.002685730
-0.001836800
-0.001129000
-0.000421188
0.000203595
0.000643586
0.000952337
0.001217700
0.001379680
0.001256640
0.000855193
0.000302322
-0.000401536
-0.001127140
-0.001689200
-0.002024380
-0.002140770
-0.002126190
-0.001988260
-0.001634410
-0.001029070
-0.000097841
0.001068630
0.002298490
0.003614090
0.004998450
0.006389430
0.007791620
0.009255310
0.010627800
0.011752000
0.012543400
0.012901800
0.012942200
0.012825600
0.012496100
0.011881900
0.010982100
0.009766620
0.008289470
0.006514190
0.004462290
0.002300480
0.000175299
-0.001752280
-0.003398210
-0.004755000
-0.005783480
-0.006374800
-0.006441130
-0.006112960
-0.005675940
-0.005187970
-0.004543390
-0.003835780
-0.003190690
-0.002628770
-0.002300140
-0.002212920
-0.002187500
-0.002174410
-0.002120800
-0.001982640
-0.001778930
-0.001514990
-0.001291930
-0.001325430
-0.001654130
-0.002186190
-0.002861610
-0.003681620
-0.004658430
-0.005587140
-0.006210060
-0.006325330
-0.006012780
-0.005417270
-0.004521260
-0.003432350
-0.002284780
-0.001213280
-0.000287113
0.000437627
0.000858283
0.001034570
0.001075860
0.000965518
0.000868173
0.001018620
0.001520080
0.002361240
0.003513660
0.004921780
0.006313920
0.007454770
0.008316760
0.008997700
0.009551350
0.009991570
0.010371200
0.010774600
0.011264000
0.011810800
0.012419900
0.012921700
0.013136100
0.013147400
0.012870400
0.012241800
0.011252200
0.009883490
0.008278920
0.006433620
0.004454380
0.002631710
0.001120400
-0.000052887
-0.001022350
-0.001850570
-0.002561440
-0.003273980
-0.003894210
-0.004276770
-0.004454960
-0.004551120
-0.004686830
-0.004716160
-0.004445650
-0.003861310
-0.003040900
-0.002134420
-0.001304220
-0.000618332
-0.000060998
0.000344617
0.000559602
0.000593289
0.000560229
0.000434206
0.000153579
-0.000229623
-0.000650463
-0.001021260
-0.001424180
-0.001951570
-0.002633560
-0.003734370
-0.005242790
-0.006657490
-0.007821130
-0.008908250
-0.009772440
-0.010291700
-0.010644900
-0.010701100
-0.010426800
-0.010017200
-0.009445290
-0.008885530
-0.008473580
-0.008120740
-0.007769580
-0.007452990
-0.007251240
-0.007069440
-0.006685640
-0.006058780
-0.005397060
-0.004823190
-0.004272500
-0.003651520
-0.003020690
-0.002524830
-0.002168710
-0.001841740
-0.001388870
-0.000884149
-0.000465088
-0.000159406
-0.000068133
-0.000094759
-0.000283253
-0.000695623
-0.001208550
-0.001797470
-0.002324670
-0.002844610
-0.003355820
-0.003650530
-0.003744420
-0.003619840
-0.003213220
-0.002668580
-0.002123050
-0.001676640
-0.001399270
-0.001239460
-0.001336190
-0.001828370
-0.002537260
-0.003367060
-0.004346310
-0.005209780
-0.005715040
-0.005865560
-0.005620850
-0.005032520
-0.004178710
-0.003178400
-0.002287410
-0.001579790
-0.001157420
-0.001026310
-0.001001720
-0.001105720
-0.001388600
-0.001638220
-0.001578500
-0.001232670
-0.000618373
0.000230476
0.001133360
0.002118130
0.003251120
0.004432120
0.005588740
0.006644170
0.007556660
0.008305460
0.008852660
0.009274700
0.009465040
0.009441120
0.009396690
0.009278050
0.009004630
0.008454690
0.007690060
0.006904000
0.006041700
0.005135460
0.004321090
0.003600400
0.002937820
0.002286380
0.001566640
0.000875916
0.000266398
-0.000372279
-0.000987733
-0.001492790
-0.001827440
-0.001834830
-0.001430560
-0.000645729
0.000552239
0.002131170
0.004024840
0.006109990
0.008168420
0.010000600
0.011488400
0.012732300
0.013864400
0.014785600
0.015391800
0.015753200
0.015858900
0.015732400
0.015392900
0.014802100
0.014096000
0.013461100
0.013066300
0.012849700
0.012649600
0.012501000
0.012489400
0.012592300
0.012711500
0.012895000
0.013121000
0.013202700
0.013170200
0.012921000
0.012276900
0.011404700
0.010456800
0.009445160
0.008447720
0.007560950
0.006678890
0.005744320
0.004705530
0.003496490
0.002147160
0.000740170
-0.000546937
-0.001720800
-0.002916070
-0.004236400
-0.005620830
-0.006926090
-0.008101500
-0.009167330
-0.010311800
-0.011542000
-0.012745900
-0.013958500
-0.015119000
-0.016121300
-0.016937500
-0.017538000
-0.017857600
-0.017876500
-0.017560900
-0.016866000
-0.015943100
-0.015038200
-0.014093200
-0.013096500
-0.012098600
-0.011087300
-0.010234400
-0.009520960
-0.008975900
-0.008627350
-0.008331380
-0.008193080
-0.008249270
-0.008326260
-0.008393250
-0.008582230
-0.008932200
-0.009420180
-0.009991350
-0.010518800
-0.010955700
-0.011359900
-0.011790400
-0.012054800
-0.012001400
-0.011618000
-0.010913800
-0.010022400
-0.008939750
-0.007745030
-0.006504440
-0.005264930
-0.004116080
-0.003049290
-0.002204710
-0.001391360
-0.000416720
0.000657350
0.001868070
0.003203620
0.004552300
0.005857930
0.007155580
0.008209940
0.008942680
0.009448920
0.009728810
0.009851250
0.009764830
0.009595170
0.009478060
0.009364250
0.009304110
0.009225460
0.009167950
0.009274430
0.009554470
0.009895810
0.010081100
0.010173500
0.010202500
0.010165000
0.010203700
0.010093500
0.009692640
0.009133580
0.008271660
0.007113170
0.005816300
0.004377140
0.002817320
0.001244120
-0.000134184
-0.001309570
-0.002323790
-0.003308170
-0.004270140
-0.004904600
-0.005231090
-0.005490410
-0.005826830
-0.006127620
-0.006319670
-0.006548190
-0.006862480
-0.007284370
-0.007679930
-0.008002410
-0.008414960
-0.008887890
-0.009299800
-0.009668960
-0.010020800
-0.010236000
-0.010403600
-0.010609600
-0.010664800
-0.010508600
-0.010285200
-0.010026700
-0.009716700
-0.009411670
-0.009025150
-0.008564470
-0.008086130
-0.007634800
-0.007377580
-0.007307610
-0.007304820
-0.007379050
-0.007553890
-0.007628190
-0.007380440
-0.006799630
-0.005929250
-0.004968240
-0.004078740
-0.003384070
-0.003074940
-0.002969080
-0.003074770
-0.003512020
-0.004052860
-0.004482730
-0.004589200
-0.004203430
-0.003362430
-0.002253270
-0.000996055
0.000419477
0.001930500
0.003280090
0.004293240
0.005034220
0.005662990
0.006185070
0.006575970
0.006923930
0.007370620
0.007982130
0.008558750
0.009055730
0.009540450
0.009949250
0.010290400
0.010486500
0.010531000
0.010559400
0.010623900
0.010777100
0.011073800
0.011428500
0.011714100
0.011822600
0.011700300
0.011385400
0.010986700
0.010615800
0.010273700
0.010002500
0.009893420
0.009953200
0.010187700
0.010512000
0.010723000
0.010810700
0.010802000
0.010744500
0.010757100
0.010817900
0.010773200
0.010578700
0.010220400
0.009692070
0.009157240
0.008568340
0.007910210
0.007305310
0.006682590
0.005931280
0.004972830
0.003810920
0.002568540
0.001351630
0.000216104
-0.000760243
-0.001543290
-0.002158100
-0.002754030
-0.003333440
-0.003689060
-0.003813850
-0.003789580
-0.003744190
-0.003869920
-0.004230320
-0.004672570
-0.005073890
-0.005343940
-0.005467150
-0.005470120
-0.005318930
-0.005007470
-0.004433140
-0.003695550
-0.002922400
-0.002221580
-0.001789820
-0.001454060
-0.001034430
-0.000616946
-0.000278870
-0.000051935
0.000021432
-0.000176572
-0.000668234
-0.001282740
-0.001815540
-0.002276390
-0.002788310
-0.003444730
-0.004185150
-0.004811200
-0.005298960
-0.005623410
-0.005827920
-0.006082920
-0.006315900
-0.006410680
-0.006351300
-0.006136080
-0.005840300
-0.005435710
-0.004915850
-0.004272290
-0.003477850
-0.002737180
-0.002088350
-0.001319140
-0.000423823
0.000405268
0.001007120
0.001412390
0.001689300
0.001845850
0.002014830
0.002131830
0.002167790
0.002162880
0.001915560
0.001427890
0.000662712
-0.000390326
-0.001410180
-0.002396760
-0.003427130
-0.004275370
-0.004855610
-0.005217390
-0.005439850
-0.005679510
-0.006056860
-0.006546910
-0.007191620
-0.007951090
-0.008662340
-0.009379230
-0.010095100
-0.010786100
-0.011587600
-0.012474700
-0.013397600
-0.014347100
-0.015237900
-0.015992800
-0.016558900
-0.016963500
-0.017141000
-0.017099200
-0.016885300
-0.016486100
-0.015972800
-0.015307500
-0.014630600
-0.014105100
-0.013605200
-0.013205200
-0.013009500
-0.012904500
-0.012912500
-0.013027300
-0.013278100
-0.013664500
-0.014036200
-0.014416800
-0.014624900
-0.014482100
-0.014105000
-0.013536600
-0.012884700
-0.012247900
-0.011541600
-0.010766300
-0.009905880
-0.008893670
-0.007823280
-0.006687040
-0.005416500
-0.004126160
-0.003026960
-0.002136890
-0.001267710
-0.000301012
0.000864943
0.002161700
0.003422730
0.004624900
0.005650430
0.006467670
0.007120510
0.007620510
0.007992050
0.008269110
0.008541020
0.008886360
0.009332060
0.009808110
0.010286400
0.010801000
0.011298800
0.011705300
0.012065600
0.012365300
0.012564500
0.012652600
0.012473100
0.012022000
0.011510000
0.010868100
0.010115100
0.009506050
0.008981310
0.008447820
0.008052180
0.007805570
0.007639040
0.007528510
0.007399650
0.007243460
0.007056060
0.006798440
0.006479270
0.006208600
0.006001530
0.005812150
0.005669960
0.005513370
0.005313490
0.005123790
0.004892670
0.004578780
0.004180710
0.003715770
0.003247710
0.002826230
0.002551050
0.002500820
0.002646300
0.002861690
0.002980140
0.002879730
0.002609180
0.002238510
0.001776050
0.001382800
0.001042350
0.000595780
0.000095661
-0.000450355
-0.000990227
-0.001404980
-0.001780160
-0.002063450
-0.002168660
-0.002202650
-0.002062720
-0.001662400
-0.001041240
-0.000196670
0.000757570
0.001762700
0.002748120
0.003676780
0.004653830
0.005654860
0.006726470
0.007912240
0.009112360
0.010238900
0.011276100
0.012145700
0.012716900
0.012985600
0.013054200
0.013041400
0.012979600
0.012854500
0.012557300
0.012102700
0.011617500
0.011047900
0.010352700
0.009640480
0.008919410
0.008137020
0.007281660
0.006241860
0.005091180
0.004065370
0.003135930
0.002370680
0.001828920
0.001399190
0.001141090
0.001076010
0.001180640
0.001558820
0.002265600
0.003172990
0.004037600
0.004681430
0.005185370
0.005656170
0.006098730
0.006420870
0.006560590
0.006479900
0.006142330
0.005649700
0.005139330
0.004692170
0.004198710
0.003578930
0.002789130
0.001818630
0.000838838
-0.000047835
-0.000849266
-0.001504770
-0.001938450
-0.002290340
-0.002749660
-0.003150840
-0.003158730
-0.002773500
-0.002260060
-0.001849570
-0.001657990
-0.001647100
-0.001692040
-0.001699420
-0.001661950
-0.001624310
-0.001633540
-0.001668600
-0.001644740
-0.001593270
-0.001599600
-0.001612500
-0.001614880
-0.001678270
-0.001734600
-0.001861640
-0.002180920
-0.002515270
-0.002898940
-0.003412970
-0.003924230
-0.004334550
-0.004544340
-0.004607550
-0.004626960
-0.004617640
-0.004604940
-0.004543400
-0.004417080
-0.004319490
-0.004350140
-0.004533680
-0.004875100
-0.005408240
-0.006108300
-0.006945040
-0.007867980
-0.008730760
-0.009468730
-0.010025600
-0.010371700
-0.010659700
-0.010899000
-0.011106500
-0.011294300
-0.011400000
-0.011558300
-0.011848800
-0.012222800
-0.012514400
-0.012543000
-0.012398700
-0.012170400
-0.011720400
-0.011000300
-0.010105500
-0.009188060
-0.008349780
-0.007683110
-0.007249070
-0.006980840
-0.006819710
-0.006668280
-0.006546670
-0.006570450
-0.006708520
-0.006902030
-0.007228630
-0.007632550
-0.007995530
-0.008484520
-0.009073860
-0.009615200
-0.010102400
-0.010389400
-0.010466800
-0.010316600
-0.009917320
-0.009405440
-0.008663180
-0.007674210
-0.006480760
-0.005032230
-0.003440880
-0.001695520
0.000061839
0.001656940
0.002977780
0.003757190
0.004042810
0.003991420
0.003695020
0.003277680
0.002809370
0.002287760
0.001872800
0.001824430
0.002194900
0.002888580
0.003754710
0.004849470
0.006090150
0.007226560
0.008277610
0.009249790
0.009986400
0.010475600
0.010939800
0.011363200
0.011613500
0.011697400
0.011666500
0.011684300
0.011761200
0.011734100
0.011607500
0.011435800
0.011292500
0.011286600
0.011287200
0.011254800
0.011202700
0.011025500
0.010776400
0.010470400
0.010056600
0.009558110
0.008971660
0.008344030
0.007780130
0.007351470
0.007204500
0.007355340
0.007579980
0.007716110
0.007735820
0.007659240
0.007573260
0.007484240
0.007347630
0.007247700
0.007204610
0.007234030
0.007295420
0.007250730
0.007114830
0.006917700
0.006643360
0.006293090
0.005820950
0.005211690
0.004558990
0.003922010
0.003245440
0.002527250
0.001889990
0.001403340
0.001064120
0.000874167
0.000816298
0.000899608
0.001070390
0.001281510
0.001652040
0.002141700
0.002632230
0.003151380
0.003614890
0.003981220
0.004186840
0.004138310
0.003980010
0.003745160
0.003387300
0.003010010
0.002634990
0.002288690
0.002063410
0.001967040
0.001996770
0.002098300
0.002155600
0.002221570
0.002430530
0.002703870
0.002911730
0.002921450
0.002706840
0.002362130
0.001898530
0.001383250
0.000935198
0.000593447
0.000276429
-0.000100233
-0.000521880
-0.000902270
-0.001210490
-0.001585920
-0.002294440
-0.003397900
-0.004576740
-0.005608480
-0.006478960
-0.007248350
-0.008034210
-0.008701110
-0.009119290
-0.009342500
-0.009386000
-0.009295220
-0.009032690
-0.008598040
-0.008130230
-0.007520220
-0.006667890
-0.005718540
-0.004835680
-0.004156930
-0.003826590
-0.003833660
-0.004019340
-0.004301680
-0.004643180
-0.005068980
-0.005564640
-0.005937240
-0.005834000
-0.005223690
-0.004472470
-0.003698100
-0.002773100
-0.001839530
-0.001009450
-0.000190839
0.000509628
0.001030870
0.001373950
0.001455530
0.001261340
0.000793332
0.000041592
-0.000972578
-0.002126880
-0.003216070
-0.004252370
-0.005296640
-0.006285770
-0.007160640
-0.007877510
-0.008474540
-0.008945720
-0.009272570
-0.009444120
-0.009481500
-0.009477220
-0.009440230
-0.009387910
-0.009304390
-0.009154810
-0.008969930
-0.008614620
-0.008131380
-0.007489190
-0.006453560
-0.005265430
-0.004050910
-0.002970520
-0.002260320
-0.001600520
-0.000811150
0.000000575
0.000860441
0.001894310
0.003064300
0.004209430
0.005441620
0.006709650
0.007940970
0.009333800
0.010621500
0.011581300
0.012319400
0.012828800
0.013046300
0.013021700
0.012945200
0.012756400
0.012369600
0.011895900
0.011305700
0.010633600
0.009955240
0.009245610
0.008557850
0.007953270
0.007472130
0.006957770
0.006365130
0.005818370
0.005271470
0.004720720
0.004153610
0.003585990
0.003087830
0.002608920
0.002138660
0.001746900
0.001448320
0.001193810
0.000992344
0.000755604
0.000361398
-0.000114478
-0.000744971
-0.001517840
-0.002293800
-0.003087330
-0.003943470
-0.004803620
-0.005458260
-0.005804400
-0.005859790
-0.005620970
-0.005023490
-0.004132470
-0.003044830
-0.001935860
-0.000956137
0.000053985
0.001075550
0.002046890
0.003071830
0.004078450
0.004904240
0.005408840
0.005592300
0.005469080
0.005200830
0.005003870
0.004713110
0.004391340
0.004145170
0.003864850
0.003600320
0.003340180
0.003012070
0.002732980
0.002532460
0.002284600
0.001857080
0.001235550
0.000579216
-0.000162804
-0.000895824
-0.001457990
-0.002059580
-0.002736900
-0.003336800
-0.003788400
-0.003997840
-0.004060820
-0.004029510
-0.003869680
-0.003632920
-0.003187130
-0.002532720
-0.001745380
-0.000806703
0.000231805
0.001275560
0.002221080
0.003123920
0.004012710
0.004712220
0.005200860
0.005518090
0.005554650
0.005450260
0.005302050
0.004913150
0.004342480
0.003680190
0.002868650
0.002055460
0.001273310
0.000414563
-0.000456163
-0.001415580
-0.002500280
-0.003579640
-0.004619690
-0.005476320
-0.005831070
-0.005520910
-0.004597570
-0.003161550
-0.001521130
0.000089591
0.001682290
0.003164320
0.004293750
0.004922360
0.005078700
0.004812910
0.004221340
0.003377390
0.002343360
0.001287310
0.000232259
-0.000859544
-0.001948430
-0.003085500
-0.004263360
-0.005360250
-0.006193040
-0.006639630
-0.006740390
-0.006606680
-0.006323020
-0.005695340
-0.004615700
-0.003363370
-0.002021880
-0.000710663
0.000301179
0.001029750
0.001524110
0.001723150
0.001653450
0.001471310
0.001196530
0.000739432
0.000302206
-0.000066295
-0.000536045
-0.000972380
-0.001326670
-0.001584820
-0.001736840
-0.001847120
-0.001849390
-0.001715890
-0.001483770
-0.001172300
-0.000756416
-0.000242241
0.000269150
0.000809925
0.001423100
0.002047910
0.002592530
0.002893290
0.003006200
0.003052740
0.003020980
0.002785820
0.002415430
0.001998560
0.001384540
0.000636291
-0.000195261
-0.001114190
-0.001919250
-0.002508460
-0.002897260
-0.002999150
-0.002772570
-0.002330580
-0.001795860
-0.001157380
-0.000486366
0.000090712
0.000498475
0.000689006
0.000560942
0.000181015
-0.000270071
-0.000852376
-0.001521920
-0.002036860
-0.002155960
-0.001865830
-0.001244030
-0.000302936
0.000887505
0.002155890
0.003473300
0.004740210
0.005701440
0.006396400
0.006931490
0.007347250
0.007648620
0.007832210
0.007979760
0.008161800
0.008252810
0.008347460
0.008576630
0.008661030
0.008545200
0.008199470
0.007527780
0.006644090
0.005633870
0.004509850
0.003259740
0.002021390
0.000798808
-0.000424742
-0.001535530
-0.002574180
-0.003374790
-0.003884700
-0.004193380
-0.004325010
-0.004407750
-0.004415620
-0.004218440
-0.003818720
-0.003470430
-0.003194680
-0.002843370
-0.002588620
-0.002454700
-0.002376890
-0.002372640
-0.002373310
-0.002565630
-0.002964850
-0.003305090
-0.003653110
-0.004096950
-0.004608640
-0.005013230
-0.005204200
-0.005290490
-0.005152140
-0.004762720
-0.004153460
-0.003447330
-0.002957420
-0.002641710
-0.002362750
-0.002203740
-0.002071240
-0.001722010
-0.001124510
-0.000530941
-0.000061593
0.000401325
0.000827062
0.001175550
0.001575580
0.001986640
0.001954000
0.001521290
0.001095490
0.000701082
0.000487784
0.000645409
0.001135450
0.001862420
0.002735310
0.003732090
0.004738050
0.005681710
0.006597930
0.007305760
0.007655670
0.007755820
0.007617570
0.007163260
0.006549990
0.005733280
0.004749800
0.003836390
0.002998410
0.002279270
0.001635840
0.001013730
0.000448634
-0.000102193
-0.000535943
-0.000723557
-0.000683792
-0.000328229
0.000417762
0.001502700
0.002842390
0.004241240
0.005599410
0.006859250
0.007884210
0.008733090
0.009343920
0.009636420
0.009720330
0.009618820
0.009257700
0.008664870
0.007993130
0.007256340
0.006509350
0.005776390
0.004986560
0.004168610
0.003310460
0.002514680
0.001892200
0.001284520
0.000632001
-0.000068229
-0.000867556
-0.001625500
-0.002193660
-0.002662490
-0.003114710
-0.003664640
-0.004385170
-0.005069850
-0.005625600
-0.005987230
-0.006264060
-0.006638980
-0.006957010
-0.007228300
-0.007414030
-0.007540740
-0.007956850
-0.008533160
-0.009119300
-0.009742760
-0.010264800
-0.010738200
-0.011257600
-0.011645200
-0.011700900
-0.011530500
-0.011316100
-0.011240500
-0.011416500
-0.011783900
-0.012095800
-0.012254100
-0.012320500
-0.012246200
-0.012161500
-0.012059500
-0.011944300
-0.011740300
-0.011189900
-0.010457100
-0.009718970
-0.008951920
-0.008224820
-0.007599670
-0.007046170
-0.006583430
-0.006233350
-0.005891640
-0.005477490
-0.005012690
-0.004478600
-0.003848840
-0.003196670
-0.002648200
-0.002093750
-0.001505030
-0.001056730
-0.000776855
-0.000636013
-0.000638386
-0.000784978
-0.000921861
-0.000952227
-0.000860147
-0.000606470
-0.000164092
0.000397258
0.000997073
0.001779040
0.002830370
0.004077160
0.005539970
0.007027270
0.008330160
0.009587670
0.010726900
0.011685000
0.012444800
0.012915400
0.013195200
0.013223200
0.013041500
0.012791700
0.012486100
0.012200000
0.011868200
0.011318600
0.010585700
0.009812960
0.008985340
0.008153470
0.007317780
0.006476290
0.005711870
0.005039430
0.004525490
0.004168420
0.004004920
0.004052490
0.004208440
0.004410960
0.004711530
0.005160480
0.005610380
0.005859780
0.005865510
0.005634480
0.005206150
0.004674400
0.004115950
0.003620040
0.003206930
0.002830490
0.002548550
0.002488390
0.002652490
0.002969810
0.003415860
0.003936830
0.004368370
0.004651800
0.004806020
0.004782420
0.004603600
0.004272090
0.003704540
0.002912010
0.002004440
0.001021550
0.000104575
-0.000664406
-0.001334750
-0.001904670
-0.002388290
-0.002710250
-0.002877930
-0.003031790
-0.003162890
-0.003231300
-0.003221850
-0.003090800
-0.002872660
-0.002553030
-0.002140280
-0.001723520
-0.001351650
-0.000970844
-0.000574850
-0.000176854
0.000238155
0.000654985
0.001098470
0.001382130
0.001367010
0.001137100
0.000773552
0.000316814
-0.000219627
-0.000752252
-0.001218920
-0.001621680
-0.001904330
-0.002068390
-0.002149480
-0.002057740
-0.001749270
-0.001209520
-0.000512088
0.000252692
0.000940598
0.001416980
0.001870450
0.002267420
0.002424260
0.002407290
0.002299660
0.002152960
0.002017650
0.001891300
0.001609670
0.001112190
0.000574881
0.000034313
-0.000553244
-0.001148470
-0.001761890
-0.002395400
-0.002952220
-0.003307930
-0.003437170
-0.003466970
-0.003418800
-0.003185140
-0.002738150
-0.002061000
-0.001222120
-0.000332591
0.000513010
0.001281850
0.001995390
0.002535200
0.002848590
0.002970620
0.002915670
0.002650960
0.002121440
0.001420480
0.000655028
-0.000120361
-0.000958755
-0.001862600
-0.002677310
-0.003413400
-0.004193800
-0.005029600
-0.005818180
-0.006518540
-0.007146400
-0.007778190
-0.008498890
-0.009167650
-0.009727250
-0.010303800
-0.010869900
-0.011384300
-0.011891700
-0.012304100
-0.012485000
-0.012389600
-0.011990100
-0.011344500
-0.010484600
-0.009449680
-0.008414800
-0.007401660
-0.006405590
-0.005553890
-0.004912320
-0.004508800
-0.004384660
-0.004450360
-0.004623720
-0.004957850
-0.005379270
-0.005683100
-0.005831360
-0.005962460
-0.006062210
-0.006137960
-0.006244720
-0.006237810
-0.006057250
-0.005679410
-0.005021070
-0.004234060
-0.003457500
-0.002625550
-0.001734680
-0.000757282
0.000407695
0.001703000
0.002948400
0.003990770
0.004788930
0.005443160
0.005973820
0.006381810
0.006687650
0.006876440
0.006978730
0.007052850
0.007256450
0.007622880
0.008037760
0.008417450
0.008682150
0.008917020
0.009133720
0.009242990
0.009219560
0.008992400
0.008671930
0.008224240
0.007588150
0.006935060
0.006354530
0.005876290
0.005367350
0.004770790
0.004175300
0.003604850
0.003022870
0.002328390
0.001553030
0.000803135
0.000165350
-0.000277008
-0.000523952
-0.000584966
-0.000506300
-0.000282145
0.000137213
0.000711107
0.001256740
0.001564460
0.001641210
0.001545450
0.001319790
0.000984068
0.000595397
0.000322765
0.000208548
0.000242912
0.000536514
0.001100620
0.001799330
0.002400370
0.002682720
0.002716690
0.002645840
0.002556290
0.002560850
0.002682550
0.002791960
0.002828240
0.002944790
0.003198700
0.003555930
0.003861820
0.003957570
0.003900590
0.003718400
0.003387790
0.002982420
0.002599630
0.002119090
0.001422210
0.000625671
-0.000077679
-0.000649165
-0.001133830
-0.001546920
-0.001827050
-0.001904000
-0.001888340
-0.001902570
-0.002084820
-0.002467860
-0.002890190
-0.003178470
-0.003328310
-0.003516000
-0.003781130
-0.004026560
-0.004193910
-0.004275800
-0.004377870
-0.004602350
-0.004917050
-0.005276810
-0.005697550
-0.006181540
-0.006779500
-0.007440410
-0.007977510
-0.008369470
-0.008625160
-0.008735670
-0.008763300
-0.008768560
-0.008777050
-0.008742050
-0.008616500
-0.008373340
-0.007968510
-0.007317370
-0.006256880
-0.004911890
-0.003564610
-0.002252280
-0.000969380
0.000263279
0.001406890
0.002413100
0.003199800
0.003701070
0.004006740
0.004233830
0.004476760
0.004765830
0.005067490
0.005341320
0.005479690
0.005564080
0.005773320
0.006064320
0.006284870
0.006204570
0.005878350
0.005568670
0.005305040
0.005008320
0.004648670
0.004410500
0.004332100
0.004245240
0.004166470
0.004109430
0.004001640
0.003807080
0.003538680
0.003257420
0.002958020
0.002580810
0.002173450
0.001859660
0.001667590
0.001486080
0.001219620
0.000858698
0.000376937
-0.000287351
-0.001118950
-0.002043410
-0.002951300
-0.003718300
-0.004398470
-0.005060790
-0.005562260
-0.005792480
-0.005869820
-0.005951060
-0.006016530
-0.005969450
-0.005806230
-0.005543900
-0.005284650
-0.005120270
-0.004958700
-0.004741480
-0.004389980
-0.003969990
-0.003581360
-0.003107300
-0.002549690
-0.001945270
-0.001380320
-0.001040500
-0.000971929
-0.001162520
-0.001564470
-0.001972150
-0.002200400
-0.002233530
-0.002041970
-0.001656050
-0.001261330
-0.000931835
-0.000705378
-0.000570965
-0.000333843
0.000011253
0.000347623
0.000763637
0.001150460
0.001302200
0.001331240
0.001289050
0.001147370
0.000885720
0.000469108
-0.000055613
-0.000616385
-0.001170740
-0.001736060
-0.002334370
-0.002884470
-0.003221800
-0.003378420
-0.003490520
-0.003635040
-0.003829230
-0.004019110
-0.004187150
-0.004378340
-0.004574280
-0.004596470
-0.004335200
-0.003869870
-0.003373710
-0.002849200
-0.002158000
-0.001346090
-0.000433454
0.000618874
0.001641410
0.002493270
0.003240930
0.003857350
0.004336680
0.004765950
0.005149340
0.005513200
0.005792550
0.005900040
0.005912890
0.005912800
0.005909680
0.005928150
0.005915520
0.005799250
0.005558910
0.005204400
0.004825250
0.004457140
0.004092500
0.003751870
0.003385390
0.002914510
0.002388410
0.001897630
0.001438650
0.000976359
0.000489046
0.000016570
-0.000413131
-0.000869887
-0.001343430
-0.001721910
-0.001958470
-0.002066690
-0.002028790
-0.001856410
-0.001597630
-0.001307280
-0.001046930
-0.000911598
-0.000964448
-0.001262070
-0.001892010
-0.002736380
-0.003554130
-0.004213580
-0.004793180
-0.005460180
-0.006257130
-0.007018410
-0.007513110
-0.007664700
-0.007546220
-0.007205090
-0.006508020
-0.005449350
-0.004253520
-0.003081800
-0.001987010
-0.001004410
-0.000187371
0.000471853
0.001054840
0.001647020
0.002220740
0.002688830
0.003095060
0.003508130
0.003970430
0.004407590
0.004562520
0.004395400
0.003972910
0.003218790
0.002157420
0.000987140
-0.000105983
-0.001073830
-0.001864910
-0.002440300
-0.002819300
-0.003030560
-0.003197330
-0.003408350
-0.003616780
-0.003775320
-0.003857980
-0.003904400
-0.003870780
-0.003673810
-0.003406640
-0.003182870
-0.003042890
-0.002958190
-0.002855890
-0.002644620
-0.002388570
-0.002193720
-0.002024830
-0.001860310
-0.001604690
-0.001166860
-0.000570145
0.000164584
0.000977098
0.001859060
0.002850600
0.003917780
0.005041620
0.006212170
0.007378320
0.008565560
0.009803260
0.011028600
0.012145200
0.013175100
0.014234500
0.015225500
0.016021100
0.016589700
0.016847900
0.016870400
0.016823800
0.016626400
0.016128900
0.015319600
0.014252700
0.013113700
0.012083500
0.011152100
0.010176100
0.009021940
0.007748270
0.006445450
0.005127650
0.003828580
0.002566240
0.001401850
0.000301358
-0.000674944
-0.001393180
-0.002009180
-0.002653810
-0.003301880
-0.003908340
-0.004563300
-0.005363030
-0.006194300
-0.006872960
-0.007347200
-0.007769180
-0.008284100
-0.008921540
-0.009543610
-0.010057000
-0.010555300
-0.011072200
-0.011558100
-0.011981700
-0.012404800
-0.012844200
-0.013148400
-0.013244300
-0.013217000
-0.013130900
-0.012910100
-0.012444200
-0.011732000
-0.010839600
-0.009935600
-0.009084060
-0.008239640
-0.007408190
-0.006574220
-0.005800660
-0.005101690
-0.004349680
-0.003569360
-0.002846500
-0.002080250
-0.001271500
-0.000516417
0.000135363
0.000663860
0.001037240
0.001254100
0.001398020
0.001524030
0.001710830
0.001928950
0.002032110
0.001988880
0.001843180
0.001673380
0.001546360
0.001483180
0.001503140
0.001529530
0.001518620
0.001492920
0.001479370
0.001467260
0.001437350
0.001408420
0.001347790
0.001384490
0.001665910
0.002145600
0.002728090
0.003376240
0.004095660
0.004816590
0.005441380
0.005850260
0.006030120
0.006064780
0.005968130
0.005816050
0.005637050
0.005479620
0.005446730
0.005430980
0.005300490
0.004965990
0.004466310
0.003970310
0.003478480
0.002894480
0.002187710
0.001464060
0.000849291
0.000315874
-0.000145996
-0.000482167
-0.000677971
-0.000705096
-0.000625079
-0.000555260
-0.000534057
-0.000538098
-0.000567429
-0.000646284
-0.000735884
-0.000862085
-0.001039840
-0.001211890
-0.001460190
-0.001919190
-0.002518130
-0.003114420
-0.003652770
-0.004098370
-0.004581390
-0.005206540
-0.005779840
-0.006076660
-0.006083160
-0.005979670
-0.005941890
-0.005915350
-0.005693300
-0.005184830
-0.004484600
-0.003822510
-0.003308830
-0.002760140
-0.002061300
-0.001315120
-0.000759178
-0.000554790
-0.000624485
-0.000900314
-0.001415500
-0.002085420
-0.002662170
-0.003025410
-0.003225220
-0.003338190
-0.003418740
-0.003415530
-0.003331060
-0.003264720
-0.003242870
-0.003234310
-0.003134490
-0.002992660
-0.002900100
-0.002749810
-0.002498480
-0.002036910
-0.001250480
-0.000211723
0.001033260
0.002400410
0.003780960
0.004988770
0.005801190
0.006181830
0.006117320
0.005758530
0.005289180
0.004705860
0.004016870
0.003297310
0.002753080
0.002484370
0.002431340
0.002540670
0.002796980
0.003242320
0.003840670
0.004394790
0.004667850
0.004691740
0.004615230
0.004533030
0.004584290
0.004757750
0.005023740
0.005346390
0.005672690
0.005990850
0.006124670
0.005999190
0.005711390
0.005425310
0.005303640
0.005337020
0.005362080
0.005282990
0.005073240
0.004691740
0.004305460
0.004063020
0.003899590
0.003712590
0.003517300
0.003379970
0.003258200
0.003098260
0.002827190
0.002301730
0.001435990
0.000303359
-0.000946174
-0.002178350
-0.003337120
-0.004451750
-0.005510280
-0.006385850
-0.006902750
-0.006948500
-0.006488460
-0.005632520
-0.004670180
-0.003918990
-0.003373620
-0.002791040
-0.002037340
-0.001207650
-0.000527373
-0.000080624
0.000137960
0.000188924
0.000031742
-0.000358086
-0.000874089
-0.001500810
-0.002178390
-0.002809990
-0.003362870
-0.003962320
-0.004736810
-0.005588780
-0.006432240
-0.007232440
-0.007843690
-0.008175620
-0.008276700
-0.008137070
-0.007733060
-0.007115340
-0.006492130
-0.006036130
-0.005655230
-0.005266150
-0.004866100
-0.004492560
-0.004178310
-0.003894010
-0.003583740
-0.003252920
-0.002937590
-0.002682090
-0.002610650
-0.002739170
-0.002946320
-0.003128720
-0.003240410
-0.003255530
-0.003226120
-0.003203650
-0.003166460
-0.003072470
-0.002896750
-0.002836020
-0.002961680
-0.003182600
-0.003412840
-0.003467610
-0.003335320
-0.002966090
-0.002316030
-0.001491280
-0.000606811
0.000208647
0.000927765
0.001597270
0.002234010
0.002753480
0.003121030
0.003477120
0.003859260
0.004104390
0.004171180
0.004145370
0.004120560
0.004105220
0.004008560
0.003785860
0.003454470
0.003059560
0.002597230
0.002026460
0.001272060
0.000280698
-0.000869461
-0.002047210
-0.003099480
-0.004021740
-0.004863270
-0.005524210
-0.005920390
-0.006025030
-0.005978530
-0.005831400
-0.005444330
-0.004876040
-0.004372910
-0.003955390
-0.003414280
-0.002704830
-0.001926690
-0.001252060
-0.000789072
-0.000398690
0.000001387
0.000352651
0.000630799
0.000709527
0.000564425
0.000268052
-0.000178212
-0.000606510
-0.000873525
-0.001017530
-0.001084140
-0.001084350
-0.001026690
-0.000905653
-0.000645084
-0.000155440
0.000563204
0.001497160
0.002523390
0.003452160
0.004287810
0.005077980
0.005767170
0.006316250
0.006641600
0.006680980
0.006590790
0.006433080
0.006120080
0.005620970
0.004903460
0.003914170
0.002703140
0.001491500
0.000443050
-0.000441005
-0.001213470
-0.001905000
-0.002437550
-0.002769860
-0.002919820
-0.002832460
-0.002575180
-0.002269040
-0.001918410
-0.001520240
-0.001090040
-0.000703883
-0.000374314
-0.000013259
0.000246012
0.000306098
0.000324517
0.000358082
0.000389109
0.000427091
0.000454972
0.000475317
0.000498432
0.000569210
0.000815135
0.001259520
0.001741790
0.002174220
0.002613780
0.003094520
0.003556440
0.003890850
0.004101440
0.004207950
0.004218770
0.004228200
0.004189340
0.004035350
0.003830510
0.003579150
0.003296510
0.003013210
0.002622750
0.002070810
0.001440090
0.000804318
0.000137645
-0.000552851
-0.001257480
-0.002011300
-0.002717530
-0.003261370
-0.003583490
-0.003711300
-0.003692750
-0.003540430
-0.003375350
-0.003261770
-0.003192400
-0.003253800
-0.003419190
-0.003622950
-0.003828240
-0.003946820
-0.003979250
-0.003959730
-0.003916960
-0.003799250
-0.003413660
-0.002705070
-0.001783930
-0.000795861
0.000158463
0.001102240
0.001999270
0.002811880
0.003626360
0.004417890
0.005122330
0.005771410
0.006302190
0.006669280
0.006865410
0.006872360
0.006660770
0.006172570
0.005408170
0.004371660
0.003153080
0.001923470
0.000724975
-0.000488713
-0.001606720
-0.002477250
-0.003132340
-0.003659820
-0.004097070
-0.004506780
-0.004930450
-0.005330290
-0.005624490
-0.005647150
-0.005305000
-0.004710260
-0.004116590
-0.003666810
-0.003248190
-0.002757170
-0.002227120
-0.001781090
-0.001554600
-0.001634000
-0.001914440
-0.002158780
-0.002323390
-0.002541630
-0.002843720
-0.003132130
-0.003315760
-0.003347180
-0.003316020
-0.003305020
-0.003312690
-0.003300940
-0.003154970
-0.002914290
-0.002711180
-0.002543380
-0.002345290
-0.002027820
-0.001545560
-0.000930257
-0.000247127
0.000511598
0.001453690
0.002586740
0.003810660
0.005016060
0.006112550
0.007011630
0.007669650
0.008106270
0.008291090
0.008268100
0.008083740
0.007718740
0.007264200
0.006930290
0.006804390
0.006762530
0.006730410
0.006714360
0.006636520
0.006326750
0.005847420
0.005417610
0.005091680
0.004799910
0.004486970
0.004157870
0.003707640
0.003014090
0.002102740
0.001047140
-0.000175481
-0.001559710
-0.002903950
-0.004074620
-0.005160550
-0.006140160
-0.006769120
-0.006997260
-0.006956070
-0.006729150
-0.006337100
-0.005761970
-0.005102080
-0.004508590
-0.004102380
-0.003861870
-0.003627650
-0.003283870
-0.002766080
-0.002168460
-0.001504430
-0.000697254
0.000153168
0.000881028
0.001334540
0.001482760
0.001326390
0.000869876
0.000193663
-0.000576924
-0.001317860
-0.001908660
-0.002276270
-0.002435260
-0.002379470
-0.002070250
-0.001490700
-0.000705688
0.000172930
0.001091260
0.002029890
0.002989700
0.003914870
0.004656870
0.005118430
0.005340710
0.005492920
0.005659410
0.005813910
0.005921010
0.005951940
0.005888190
0.005717540
0.005550170
0.005476260
0.005546280
0.005783430
0.006045220
0.006238070
0.006420140
0.006662430
0.007016570
0.007457040
0.007820000
0.007956840
0.007872310
0.007567660
0.007113820
0.006674070
0.006260330
0.005859680
0.005440700
0.004899160
0.004187050
0.003390190
0.002544880
0.001575730
0.000553762
-0.000476423
-0.001547110
-0.002484020
-0.003130480
-0.003515500
-0.003707550
-0.003807800
-0.003877300
-0.003919800
-0.003911590
-0.003781010
-0.003450760
-0.002938170
-0.002402540
-0.001945260
-0.001513750
-0.001143060
-0.000938944
-0.000887138
-0.000883498
-0.000922362
-0.001154600
-0.001590400
-0.002111200
-0.002633130
-0.003072430
-0.003408630
-0.003677130
-0.003955200
-0.004357120
-0.004927220
-0.005463890
-0.005652860
-0.005354290
-0.004647090
-0.003803660
-0.002932360
-0.001886360
-0.000588998
0.000817501
0.002127160
0.003301960
0.004296850
0.005007930
0.005477770
0.005927750
0.006403600
0.006703860
0.006696580
0.006342430
0.005855790
0.005576650
0.005563930
0.005657950
0.005710250
0.005689990
0.005621260
0.005572910
0.005645910
0.005871030
0.006211810
0.006567280
0.006771370
0.006774820
0.006623370
0.006285690
0.005817280
0.005305080
0.004672870
0.003856600
0.002912740
0.002002770
0.001234450
0.000570692
-0.000013630
-0.000592891
-0.001295440
-0.002156560
-0.003046000
-0.003799330
-0.004458610
-0.005122600
-0.005776750
-0.006392740
-0.006928490
-0.007408210
-0.007887660
-0.008257670
-0.008431750
-0.008465310
-0.008444660
-0.008382770
-0.008185300
-0.007778870
-0.007198020
-0.006598320
-0.006092320
-0.005652950
-0.005223230
-0.004798690
-0.004450310
-0.004261810
-0.004311940
-0.004486880
-0.004500060
-0.004314660
-0.004044790
-0.003829990
-0.003751290
-0.003656130
-0.003482060
-0.003266370
-0.003005590
-0.002718650
-0.002432470
-0.002101330
-0.001594980
-0.000928566
-0.000247688
0.000343192
0.000853836
0.001296440
0.001612790
0.001713600
0.001522040
0.001037160
0.000343561
-0.000438084
-0.001271500
-0.002110590
-0.002819180
-0.003293510
-0.003548110
-0.003629160
-0.003611320
-0.003517130
-0.003278620
-0.002857520
-0.002242960
-0.001512200
-0.000798703
-0.000158059
0.000461089
0.001129070
0.001897260
0.002719860
0.003463220
0.004029800
0.004421920
0.004738750
0.005046730
0.005330870
0.005513860
0.005507130
0.005350140
0.005216330
0.005236540
0.005414660
0.005670150
0.005873910
0.005981350
0.006077530
0.006183360
0.006242750
0.006211440
0.006063070
0.005824290
0.005621940
0.005461280
0.005165480
0.004685680
0.004105190
0.003561190
0.003087190
0.002575370
0.001910540
0.001059460
0.000129184
-0.000791588
-0.001676370
-0.002572740
-0.003563300
-0.004653320
-0.005767740
-0.006772440
-0.007614130
-0.008331520
-0.008912980
-0.009267280
-0.009389100
-0.009363170
-0.009158050
-0.008701020
-0.008002690
-0.007165910
-0.006350860
-0.005630030
-0.004931260
-0.004230750
-0.003637670
-0.003206640
-0.002850340
-0.002500840
-0.002197750
-0.001898960
-0.001504230
-0.000998220
-0.000475893
-0.000047464
0.000282414
0.000506377
0.000650216
0.000745161
0.000779339
0.000770829
0.000693131
0.000527447
0.000355056
0.000309637
0.000474708
0.000856250
0.001420030
0.002035660
0.002557480
0.002969640
0.003288470
0.003475030
0.003493750
0.003406540
0.003343230
0.003364770
0.003438000
0.003523530
0.003674100
0.003925580
0.004190690
0.004366480
0.004333250
0.004061110
0.003684010
0.003300740
0.002946460
0.002633730
0.002447510
0.002497340
0.002760590
0.003177750
0.003666050
0.004149320
0.004575960
0.004886560
0.005034280
0.005008730
0.004830700
0.004470610
0.003948030
0.003299640
0.002475150
0.001545100
0.000644416
-0.000215121
-0.001052660
-0.001845140
-0.002547980
-0.003149740
-0.003699600
-0.004241350
-0.004698850
-0.005014750
-0.005232140
-0.005373270
-0.005400340
-0.005267790
-0.005083020
-0.004905950
-0.004619390
-0.004198910
-0.003733500
-0.003266640
-0.002778990
-0.002208000
-0.001504320
-0.000748998
-0.000102406
0.000319407
0.000529952
0.000651425
0.000745944
0.000752535
0.000650355
0.000483463
0.000263505
-0.000019881
-0.000394375
-0.000802921
-0.001092450
-0.001199660
-0.001182450
-0.001142590
-0.001160120
-0.001177770
-0.001066690
-0.000753019
-0.000253573
0.000272816
0.000669230
0.000984091
0.001289560
0.001459230
0.001351920
0.001019400
0.000670719
0.000406770
0.000131856
-0.000214996
-0.000638024
-0.001177480
-0.001843160
-0.002520780
-0.003097420
-0.003612980
-0.004168320
-0.004744120
-0.005182210
-0.005385870
-0.005407270
-0.005369710
-0.005370390
-0.005419070
-0.005465740
-0.005515210
-0.005575390
-0.005580250
-0.005509110
-0.005318000
-0.004910280
-0.004245340
-0.003406800
-0.002606210
-0.001922230
-0.001264680
-0.000617140
-0.000032012
0.000504876
0.000970485
0.001272020
0.001414190
0.001463950
0.001467100
0.001456720
0.001427780
0.001337840
0.001208390
0.001105330
0.001082740
0.001164250
0.001325310
0.001473230
0.001531150
0.001509090
0.001477860
0.001548150
0.001772010
0.002118330
0.002474440
0.002814920
0.003250310
0.003768930
0.004241840
0.004586470
0.004791550
0.004842090
0.004709380
0.004473130
0.004255200
0.004114140
0.004001050
0.003793610
0.003495610
0.003090390
0.002519640
0.001942300
0.001507730
0.001180960
0.000955859
0.000833057
0.000778529
0.000759963
0.000759481
0.000838677
0.001009680
0.001204180
0.001339240
0.001376930
0.001368880
0.001381330
0.001483830
0.001705380
0.001930240
0.002021180
0.001927840
0.001599930
0.001045390
0.000335622
-0.000476164
-0.001313250
-0.002078670
-0.002686200
-0.003081230
-0.003228150
-0.003138570
-0.002861640
-0.002409550
-0.001954720
-0.001735260
-0.001735100
-0.001870810
-0.002162720
-0.002554970
-0.002912470
-0.003132260
-0.003204980
-0.003207320
-0.003153980
-0.003052570
-0.002962960
-0.002865630
-0.002669250
-0.002417800
-0.002188490
-0.001954210
-0.001746990
-0.001578080
-0.001299840
-0.000855986
-0.000426263
-0.000132100
0.000072616
0.000213668
0.000288262
0.000327064
0.000347526
0.000359025
0.000377354
0.000385509
0.000376926
0.000413508
0.000539013
0.000761677
0.001054750
0.001333060
0.001529190
0.001641540
0.001706750
0.001779300
0.001914980
0.002089730
0.002225900
0.002254830
0.002170220
0.002034940
0.001798360
0.001403580
0.000976543
0.000581122
0.000190971
-0.000146164
-0.000344468
-0.000360663
-0.000294873
-0.000266284
-0.000324973
-0.000493312
-0.000740414
-0.001008070
-0.001251510
-0.001449640
-0.001572360
-0.001619280
-0.001633460
-0.001643630
-0.001670630
-0.001720600
-0.001783960
-0.001866920
-0.001949940
-0.002025360
-0.002137010
-0.002363340
-0.002682180
-0.002918680
-0.002991540
-0.002958620
-0.002905880
-0.002894630
-0.002912180
-0.002920730
-0.002917130
-0.002895470
-0.002796270
-0.002544410
-0.002169540
-0.001823310
-0.001618660
-0.001461260
-0.001155450
-0.000669909
-0.000123493
0.000396737
0.000780044
0.000916522
0.000893213
0.000871193
0.000932857
0.001104470
0.001349730
0.001593840
0.001772910
0.001895330
0.001995070
0.002054070
0.002073580
0.002082700
0.002074220
0.002077400
0.002216230
0.002508960
0.002879790
0.003302800
0.003719590
0.004081930
0.004389850
0.004681890
0.004970190
0.005208330
0.005305300
0.005178470
0.004941990
0.004761860
0.004639330
0.004523940
0.004371720
0.004089580
0.003604540
0.003003110
0.002438400
0.001934990
0.001501070
0.001143260
0.000804526
0.000485879
0.000141258
-0.000246365
-0.000495965
-0.000475728
-0.000221028
0.000125072
0.000386844
0.000532161
0.000665005
0.000884609
0.001181700
0.001436380
0.001598620
0.001679910
0.001703560
0.001734310
0.001798000
0.001886570
0.001987890
0.002069270
0.002070120
0.001961190
0.001808800
0.001706270
0.001642880
0.001527530
0.001346770
0.001178710
0.001050720
0.000837566
0.000453650
-0.000001075
-0.000486303
-0.000947112
-0.001240010
-0.001340180
-0.001327970
-0.001314060
-0.001329210
-0.001310450
-0.001167390
-0.000883368
-0.000625871
-0.000548869
-0.000591018
-0.000599621
-0.000527727
-0.000394066
-0.000226188
0.000001627
0.000367731
0.000784097
0.001196180
0.001669850
0.002192330
0.002692630
0.003010000
0.003002120
0.002669770
0.002082000
0.001349190
0.000568775
-0.000180514
-0.000781165
-0.001179460
-0.001434670
-0.001609970
-0.001655600
-0.001552580
-0.001413100
-0.001308410
-0.001217600
-0.001115130
-0.001031520
-0.000996210
-0.000988916
-0.001027470
-0.001132010
-0.001217010
-0.001169780
-0.000977639
-0.000792935
-0.000773303
-0.000923983
-0.001147620
-0.001309350
-0.001385560
-0.001490700
-0.001634790
-0.001675570
-0.001530840
-0.001216600
-0.000789567
-0.000315622
0.000106686
0.000388270
0.000604639
0.000859859
0.001173030
0.001517070
0.001776610
0.001900450
0.001959320
0.001996670
0.002016280
0.002005150
0.001960160
0.001901660
0.001856400
0.001849650
0.001861600
0.001843160
0.001758440
0.001552910
0.001212720
0.000771983
0.000324452
-0.000029944
-0.000368361
-0.000778683
-0.001212880
-0.001670060
-0.002148700
-0.002565600
-0.002912290
-0.003289960
-0.003814130
-0.004404180
-0.004872980
-0.005185370
-0.005410870
-0.005658170
-0.005949120
-0.006179130
-0.006295450
-0.006315930
-0.006234670
-0.006047960
-0.005815290
-0.005565630
-0.005315910
-0.005107790
-0.004829980
-0.004329690
-0.003683130
-0.003115470
-0.002775970
-0.002672230
-0.002677420
-0.002630020
-0.002387440
-0.001899390
-0.001353100
-0.000905156
-0.000518136
-0.000151433
0.000240816
0.000660202
0.001002490
0.001175690
0.001137650
0.000877490
0.000500736
0.000218103
0.000139065
0.000195895
0.000270248
0.000361612
0.000605019
0.001012350
0.001461220
0.001974620
0.002535270
0.002957250
0.003162630
0.003233950
0.003281840
0.003366710
0.003538660
0.003811050
0.004176730
0.004626120
0.005067390
0.005495210
0.005913670
0.006204130
0.006283470
0.006103960
0.005717930
0.005336710
0.005098940
0.004948000
0.004809290
0.004684450
0.004574820
0.004486440
0.004433860
0.004374650
0.004237750
0.004010730
0.003696750
0.003267850
0.002745170
0.002185140
0.001653290
0.001187560
0.000802512
0.000478350
0.000233659
0.000131579
0.000155507
0.000220741
0.000228863
0.000191703
0.000164227
0.000154899
0.000166650
0.000189825
0.000168939
0.000003562
-0.000357964
-0.000798472
-0.001187120
-0.001565740
-0.001992980
-0.002381910
-0.002642120
-0.002795210
-0.002885440
-0.002940810
-0.002968610
-0.002978790
-0.002986730
-0.003005890
-0.003014780
-0.003006530
-0.002947010
-0.002738500
-0.002334610
-0.001794320
-0.001326980
-0.000959453
-0.000542320
-0.000144615
0.000156489
0.000359125
0.000418398
0.000328513
0.000192776
0.000136637
0.000138119
0.000135600
0.000117372
0.000121352
0.000167698
0.000201178
0.000211305
0.000222867
0.000220758
0.000209972
0.000211552
0.000166422
0.000032472
-0.000161287
-0.000380463
-0.000590384
-0.000793547
-0.000966060
-0.001115420
-0.001310740
-0.001495110
-0.001612640
-0.001659970
-0.001640600
-0.001583100
-0.001461660
-0.001286120
-0.001152190
-0.001129730
-0.001167490
-0.001187960
-0.001217260
-0.001358560
-0.001689110
-0.002089960
-0.002343310
-0.002425860
-0.002429060
-0.002401000
-0.002356640
-0.002227760
-0.001908970
-0.001394920
-0.000742485
-0.000067821
0.000477657
0.000902361
0.001316340
0.001776430
0.002243750
0.002588650
0.002790920
0.003058820
0.003576630
0.004268790
0.004916580
0.005358500
0.005612450
0.005807580
0.005983480
0.006040460
0.005908250
0.005689070
0.005502640
0.005402460
0.005390950
0.005375050
0.005239930
0.004957450
0.004600860
0.004307700
0.004098760
0.003793410
0.003300850
0.002692900
0.002113190
0.001702420
0.001426680
0.001142500
0.000840388
0.000627000
0.000497837
0.000348448
0.000066841
-0.000323300
-0.000632636
-0.000781477
-0.000837379
-0.000896628
-0.001040640
-0.001277820
-0.001553690
-0.001768560
-0.001813580
-0.001642410
-0.001300920
-0.000955870
-0.000710874
-0.000441564
-0.000089253
0.000240586
0.000460201
0.000557558
0.000626774
0.000768200
0.000965375
0.001187750
0.001418090
0.001521660
0.001395400
0.001111990
0.000784829
0.000475198
0.000188037
-0.000206223
-0.000594840
-0.000814668
-0.000864065
-0.000828278
-0.000813167
-0.000830147
-0.000786335
-0.000650017
-0.000498936
-0.000346882
-0.000193653
-0.000046185
0.000118269
0.000197408
0.000034248
-0.000373113
-0.000800176
-0.001024700
-0.001099190
-0.001270290
-0.001639030
-0.002033990
-0.002262220
-0.002301470
-0.002249380
-0.002198300
-0.002153270
-0.002025550
-0.001770560
-0.001377990
-0.000805484
-0.000121676
0.000476221
0.000879432
0.001156290
0.001368690
0.001491200
0.001520170
0.001503180
0.001440530
0.001259010
0.000941471
0.000537553
0.000022139
-0.000658377
-0.001427100
-0.002127940
-0.002760040
-0.003450590
-0.004105810
-0.004591060
-0.004974050
-0.005299700
-0.005561520
-0.005721540
-0.005782190
-0.005798440
-0.005774780
-0.005638490
-0.005339520
-0.004970250
-0.004625760
-0.004267370
-0.003792600
-0.003241670
-0.002796070
-0.002502130
-0.002277030
-0.002001670
-0.001578000
-0.001115200
-0.000820866
-0.000759459
-0.000815926
-0.000851102
-0.000821324
-0.000768354
-0.000723401
-0.000682048
-0.000687016
-0.000726115
-0.000742426
-0.000739586
-0.000732927
-0.000725749
-0.000720367
-0.000727767
-0.000737695
-0.000725941
-0.000711497
-0.000671048
-0.000547334
-0.000325100
0.000021055
0.000408353
0.000740888
0.001061600
0.001428580
0.001843550
0.002201140
0.002329120
0.002154780
0.001785910
0.001412440
0.001146630
0.000992538
0.000925228
0.000872499
0.000782252
0.000696588
0.000682706
0.000828831
0.001125280
0.001423300
0.001640360
0.001825580
0.002073350
0.002367020
0.002582420
0.002596530
0.002361870
0.002010760
0.001713590
0.001547060
0.001530120
0.001570690
0.001567170
0.001507480
0.001367320
0.001132510
0.000860051
0.000552631
0.000145790
-0.000299073
-0.000669655
-0.000959915
-0.001164760
-0.001288340
-0.001447680
-0.001687520
-0.001903560
-0.002086170
-0.002279460
-0.002380030
-0.002286320
-0.002069040
-0.001851870
-0.001660480
-0.001453870
-0.001253430
-0.001095120
-0.001064440
-0.001275550
-0.001616570
-0.001915170
-0.002111330
-0.002193320
-0.002225850
-0.002282390
-0.002364920
-0.002473880
-0.002623000
-0.002724150
-0.002716190
-0.002688260
-0.002702070
-0.002802240
-0.002987150
-0.003085710
-0.002940460
-0.002549330
-0.002048790
-0.001581840
-0.001190280
-0.000786258
-0.000243318
0.000413526
0.001084580
0.001718900
0.002311940
0.002857040
0.003293150
0.003582680
0.003729000
0.003740590
0.003711340
0.003701900
0.003633770
0.003441130
0.003151960
0.002873150
0.002684870
0.002521250
0.002269650
0.001926590
0.001569110
0.001183970
0.000673977
0.000085615
-0.000464677
-0.000953677
-0.001382890
-0.001774300
-0.002166060
-0.002521790
-0.002784390
-0.002945150
-0.003010080
-0.003022760
-0.003026160
-0.003025600
-0.003055010
-0.003172450
-0.003375020
-0.003578880
-0.003763920
-0.003989720
-0.004200400
-0.004297630
-0.004279140
-0.004220730
-0.004186240
-0.004173140
-0.004152170
-0.004062890
-0.003888390
-0.003667950
-0.003455900
-0.003279290
-0.003111090
-0.002950000
-0.002773880
-0.002542680
-0.002267140
-0.001958930
-0.001630070
-0.001314740
-0.001059420
-0.000928749
-0.000918560
-0.000956054
-0.001038830
-0.001091190
-0.000998133
-0.000811908
-0.000592134
-0.000318123
0.000013118
0.000377492
0.000770954
0.001197720
0.001619470
0.001998390
0.002349560
0.002727900
0.003160080
0.003575070
0.003954490
0.004286550
0.004474280
0.004513590
0.004476330
0.004434610
0.004357340
0.004116660
0.003737410
0.003345720
0.002966990
0.002597760
0.002258250
0.001971340
0.001728060
0.001495890
0.001303360
0.001145990
0.000993003
0.000854629
0.000718792
0.000623332
0.000615053
0.000675517
0.000794144
0.000918573
0.000982482
0.001008120
0.000998999
0.000925055
0.000807168
0.000653366
0.000431392
0.000141810
-0.000171692
-0.000480958
-0.000739821
-0.000888607
-0.000935040
-0.000966836
-0.001063440
-0.001206520
-0.001318320
-0.001342720
-0.001326830
-0.001380140
-0.001538590
-0.001722980
-0.001835620
-0.001848670
-0.001757950
-0.001592700
-0.001396820
-0.001182870
-0.000975832
-0.000792668
-0.000617949
-0.000455432
-0.000345776
-0.000278520
-0.000195349
-0.000073554
0.000080526
0.000264381
0.000482102
0.000692952
0.000855790
0.001007400
0.001187030
0.001383520
0.001582640
0.001751550
0.001843870
0.001859210
0.001803210
0.001682200
0.001529350
0.001387040
0.001274760
0.001173610
0.001079430
0.000981459
0.000892816
0.000862015
0.000857903
0.000844363
0.000844738
0.000879670
0.000934814
0.000981843
0.001026570
0.001088060
0.001145820
0.001137200
0.001046230
0.000938564
0.000871754
0.000861033
0.000897196
0.000946696
0.000972427
0.000947441
0.000874275
0.000804499
0.000788400
0.000817433
0.000842694
0.000850103
0.000870005
0.000918757
0.000979062
0.001001710
0.000952572
0.000878309
0.000850738
0.000867118
0.000902957
0.000948833
0.000977718
0.001002380
0.001067620
0.001179970
0.001293810
0.001343650
0.001286540
0.001136390
0.000972634
0.000869941
0.000835737
0.000825140
0.000782796
0.000689251
0.000592583
0.000535170
0.000515775
0.000507841
0.000461736
0.000347807
0.000181905
0.000026242
-0.000068942
-0.000125016
-0.000185649
-0.000248566
-0.000289920
-0.000300127
-0.000298107
-0.000296968
-0.000297021
-0.000299223
-0.000280207
-0.000223710
-0.000147160
-0.000064909
0.000035436
0.000158626
0.000282479
0.000368222
0.000416614
0.000458594
0.000510405
0.000550157
0.000526597
0.000451518
0.000372739
0.000308173
0.000245433
0.000164875
0.000056022
-0.000097919
-0.000281248
-0.000458642
-0.000616727
-0.000751478
-0.000884015
-0.001003000
-0.001075740
-0.001102030
-0.001082410
-0.001040150
-0.000980880
-0.000895365
-0.000816664
-0.000772178
-0.000745951
-0.000735643
-0.000736795
-0.000719184
-0.000693547
-0.000663755
-0.000611945
-0.000546355
-0.000486042
-0.000444191
-0.000403425
-0.000348487
-0.000322137
-0.000352224
-0.000400096
-0.000419657
-0.000407096
-0.000384958
-0.000363170
-0.000349539
-0.000349024
-0.000346985
-0.000325972
-0.000279838
-0.000209831
-0.000140741
-0.000093442
-0.000060161
-0.000035595
-0.000019946
-0.000019776
-0.000031507
-0.000038803
-0.000052322
-0.000087522
-0.000140442
-0.000194114
-0.000222585
-0.000221806
-0.000190821
-0.000121694
-0.000028979
0.000070996
0.000168458
0.000249376
0.000310708
0.000363690
0.000419815
0.000483736
0.000546738
0.000595845
0.000623582
0.000623934
0.000603117
0.000573928
0.000543590
0.000513281
0.000481559
0.000449177
0.000412401
0.000368334
0.000321456
0.000272995
0.000220093
0.000161515
0.000098505
0.000035434
-0.000019998
-0.000063345
-0.000101588
-0.000137352
-0.000164166
-0.000188594
-0.000217673
-0.000236518
-0.000236139
-0.000226261
-0.000216513
-0.000210442
-0.000204796
-0.000192374
-0.000168602
-0.000142230
-0.000123629
-0.000115625
-0.000116331
-0.000115924
-0.000112554
-0.000109225
-0.000106096
-0.000106195
-0.000106804
-0.000101030
-0.000091513
-0.000087161
-0.000091104
-0.000101790
-0.000116012
-0.000125183
-0.000123679
-0.000113024
-0.000096994
-0.000083587
-0.000075819
-0.000075784
-0.000082487
-0.000086338
-0.000084710
-0.000078970
-0.000071727
-0.000066236
-0.000063147
-0.000060722
-0.000055307
-0.000049570
-0.000045854
-0.000043306
-0.000039056
-0.000032091
-0.000027697
-0.000020135
-0.000003411
0.000016359
0.000033392
0.000044194
0.000053496
0.000069292
0.000089002
0.000106427
0.000122307
0.000135434
0.000142014
0.000146032
0.000149550
0.000153070
0.000158484
0.000160593
0.000156251
0.000146794
0.000132059
0.000115425
0.000102905
0.000096585
0.000093281
0.000087849
0.000078590
0.000066248
0.000052407
0.000042308
0.000037035
0.000031966
0.000024436
0.000016405
0.000011347
0.000010487
0.000011951
0.000013145
0.000014409
0.000016676
0.000020219
0.000021818
0.000019378
0.000015494
0.000011246
0.000007155
0.000003494
0.000000129
-0.000002541
-0.000004436
-0.000005893
-0.000007857
-0.000010067
-0.000011207
-0.000011154
-0.000009760
-0.000008373
-0.000008093
-0.000007727
-0.000007259
-0.000006151
-0.000003357
0.000000602
0.000003564
0.000005290
0.000007508
0.000010189
0.000012777
0.000014973
0.000016537
0.000017780
0.000019448
0.000021746
0.000023186
0.000023071
0.000022193
0.000020611
0.000018458
0.000016060
0.000013777
0.000011863
0.000009579
0.000006572
0.000004433
0.000003360
0.000002197
0.000000891
-0.000001131
-0.000003571
-0.000005613
-0.000007739
-0.000010393
-0.000013489
-0.000016365
-0.000018676
-0.000020851
-0.000022854
-0.000024402
-0.000025375
-0.000025745
-0.000025921
-0.000025903
-0.000025616
-0.000025563
-0.000025821
-0.000026121
-0.000026144
-0.000026132
-0.000026331
-0.000025984
-0.000025365
-0.000025191
-0.000025217
-0.000025111
-0.000024712
-0.000024056
-0.000023459
-0.000023110
-0.000022647
-0.000022086
-0.000021737
-0.000021342
-0.000020820
-0.000020379
-0.000019993
-0.000019661
-0.000019276
-0.000018823
-0.000018511
-0.000018273
-0.000017983
-0.000017628
-0.000017275
-0.000016956
-0.000016553
-0.000016200
-0.000015959
-0.000015675
-0.000015405
-0.000015148
-0.000014880
-0.000014633
-0.000014381
-0.000014153
-0.000013963
-0.000013778
-0.000013597
-0.000013435
-0.000013282
-0.000013147
-0.000013039
-0.000012937
-0.000012842
-0.000012778
-0.000012746
-0.000012735
-0.000012737
-0.000012754
-0.000012794
-0.000012856
-0.000012937
-0.000013037
-0.000013156
0.000000000
